ARKit Data
1035231.06957921
normal
simd_float4x4([[0.0127261, -0.998823, 0.0468024, 0.0)], [0.958977, -0.00106479, -0.283481, 0.0)], [0.283197, 0.04849, 0.957835, 0.0)], [-5.81147, -0.523491, 1.10918, 1.0)]])
-5.81147, -0.523491, 1.10918
float3(-0.0485091, 0.287474, -1.57186)
1035231.28636917
normal
simd_float4x4([[0.0149565, -0.998591, 0.050916, 0.0)], [0.95911, -6.61938e-05, -0.283035, 0.0)], [0.282639, 0.0530673, 0.957757, 0.0)], [-5.81299, -0.52518, 1.10803, 1.0)]])
-5.81299, -0.52518, 1.10803
float3(-0.0530922, 0.28696, -1.57086)
1035231.486483
normal
simd_float4x4([[0.0140252, -0.998309, 0.0564147, 0.0)], [0.962991, -0.00170202, -0.269528, 0.0)], [0.269168, 0.058107, 0.961339, 0.0)], [-5.80975, -0.526074, 1.10376, 1.0)]])
-5.80975, -0.526074, 1.10376
float3(-0.0581398, 0.273002, -1.5725)
1035232.17325263
notAvailable
simd_float4x4([[-0.00363854, 0.0, 0.999993, 0.0)], [0.0, 1.0, 0.0, 0.0)], [-0.999993, 0.0, -0.00363854, 0.0)], [-0.00650911, -0.0763077, -1.80251e-05, 1.0)]])
-0.00650911, -0.0763077, -1.80251e-05
float3(-0.0, -1.57443, 0.0)
1035232.37333263
limited(__ObjC.ARCamera.TrackingState.Reason.initializing)
simd_float4x4([[-0.0371423, -0.99663, 0.0731413, 0.0)], [0.999307, -0.0368781, 0.00496031, 0.0)], [-0.00224628, 0.0732749, 0.997309, 0.0)], [0.0, 0.0, 0.0, 1.0)]])
0.0, 0.0, 0.0
float3(-0.0733406, -0.00225234, -1.60778)
1035232.5734465
limited(__ObjC.ARCamera.TrackingState.Reason.initializing)
simd_float4x4([[-0.0361641, -0.996388, 0.0768343, 0.0)], [0.999311, -0.0366944, -0.00550137, 0.0)], [0.00830089, 0.0765824, 0.997029, 0.0)], [0.0, 0.0, 0.0, 1.0)]])
0.0, 0.0, 0.0
float3(-0.0766575, 0.00832544, -1.60761)
1035232.77356013
limited(__ObjC.ARCamera.TrackingState.Reason.initializing)
simd_float4x4([[-0.0260218, -0.996501, 0.0793861, 0.0)], [0.999171, -0.0284126, -0.0291381, 0.0)], [0.0312917, 0.0785621, 0.996415, 0.0)], [0.0, 0.0, 0.0, 1.0)]])
0.0, 0.0, 0.0
float3(-0.0786432, 0.031394, -1.5993)
1035232.97367383
limited(__ObjC.ARCamera.TrackingState.Reason.initializing)
simd_float4x4([[-0.0190664, -0.99659, 0.0802023, 0.0)], [0.998341, -0.0233349, -0.0526295, 0.0)], [0.0543217, 0.0790658, 0.995382, 0.0)], [0.0, 0.0, 0.0, 1.0)]])
0.0, 0.0, 0.0
float3(-0.0791484, 0.0545197, -1.59421)
1035233.19046387
normal
simd_float4x4([[-0.00682624, -0.996961, 0.0776063, 0.0)], [0.995448, -0.0141523, -0.0942466, 0.0)], [0.0950585, 0.0766097, 0.992519, 0.0)], [-0.000293252, -0.000587463, 0.0023754, 1.0)]])
-0.000293252, -0.000587463, 0.0023754
float3(-0.0766849, 0.0954837, -1.58499)
1035233.39057758
normal
simd_float4x4([[0.000601819, -0.996243, 0.086598, 0.0)], [0.990776, -0.0111406, -0.135049, 0.0)], [0.135507, 0.0858805, 0.987047, 0.0)], [2.39722e-05, -0.0025969, -0.00468741, 1.0)]])
2.39722e-05, -0.0025969, -0.00468741
float3(-0.0859865, 0.136432, -1.58198)
1035233.59069117
normal
simd_float4x4([[0.0066658, -0.995949, 0.0896721, 0.0)], [0.986683, -0.00802332, -0.162457, 0.0)], [0.162518, 0.0895608, 0.982633, 0.0)], [0.000750805, -0.00138046, -0.0062847, 1.0)]])
0.000750805, -0.00138046, -0.0062847
float3(-0.089681, 0.163907, -1.57885)
1035233.79080525
normal
simd_float4x4([[0.0101028, -0.995652, 0.0925985, 0.0)], [0.983736, -0.00671173, -0.179495, 0.0)], [0.179336, 0.0929059, 0.979391, 0.0)], [0.00244568, 8.33918e-05, -0.00733501, 1.0)]])
0.00244568, 8.33918e-05, -0.00733501
float3(-0.09304, 0.181104, -1.57754)
1035233.99091896
normal
simd_float4x4([[0.011351, -0.995695, 0.091995, 0.0)], [0.980514, -0.00696128, -0.196327, 0.0)], [0.196122, 0.0924309, 0.976213, 0.0)], [0.00546894, 0.0012086, -0.00716361, 1.0)]])
0.00546894, 0.0012086, -0.00716361
float3(-0.092563, 0.198262, -1.57779)
1035234.20770875
normal
simd_float4x4([[0.0142738, -0.995704, 0.091485, 0.0)], [0.97879, -0.00478638, -0.204808, 0.0)], [0.204367, 0.092468, 0.974517, 0.0)], [0.00764093, 0.00145081, -0.00627413, 1.0)]])
0.00764093, 0.00145081, -0.00627413
float3(-0.0926003, 0.206715, -1.5756)
1035234.40782242
normal
simd_float4x4([[0.0155198, -0.995592, 0.092493, 0.0)], [0.977469, -0.00436811, -0.211032, 0.0)], [0.210506, 0.0936842, 0.973093, 0.0)], [0.0102425, 0.00142589, -0.00656619, 1.0)]])
0.0102425, 0.00142589, -0.00656619
float3(-0.0938218, 0.213044, -1.57518)
1035234.60793629
normal
simd_float4x4([[0.0179945, -0.995601, 0.0919488, 0.0)], [0.977364, -0.0018734, -0.211556, 0.0)], [0.210798, 0.0936743, 0.973031, 0.0)], [0.0101279, 0.00100571, -0.00554934, 1.0)]])
0.0101279, 0.00100571, -0.00554934
float3(-0.0938119, 0.213344, -1.57268)
1035234.82472608
normal
simd_float4x4([[0.0220985, -0.994796, 0.0994594, 0.0)], [0.977565, 0.000656712, -0.210632, 0.0)], [0.209471, 0.101883, 0.972492, 0.0)], [0.0143646, -0.000895535, -0.00973487, 1.0)]])
0.0143646, -0.000895535, -0.00973487
float3(-0.10206, 0.212155, -1.57014)
1035235.04151592
normal
simd_float4x4([[0.025154, -0.993596, 0.110152, 0.0)], [0.977246, 0.00122582, -0.212105, 0.0)], [0.210611, 0.11298, 0.971019, 0.0)], [0.0190385, -0.00292077, -0.00834119, 1.0)]])
0.0190385, -0.00292077, -0.00834119
float3(-0.113222, 0.213589, -1.56956)
1035235.24162967
normal
simd_float4x4([[0.0254748, -0.99281, 0.116959, 0.0)], [0.977492, 0.000228054, -0.210971, 0.0)], [0.209427, 0.119701, 0.97047, 0.0)], [0.0223111, -0.00517915, -0.00857803, 1.0)]])
0.0223111, -0.00517915, -0.00857803
float3(-0.119989, 0.212541, -1.57057)
1035235.45841942
normal
simd_float4x4([[0.029094, -0.99137, 0.12782, 0.0)], [0.978038, 0.00183034, -0.208421, 0.0)], [0.206388, 0.131077, 0.969651, 0.0)], [0.023762, -0.00713015, -0.00941584, 1.0)]])
0.023762, -0.00713015, -0.00941584
float3(-0.131455, 0.209718, -1.56895)
1035235.65853329
normal
simd_float4x4([[0.030443, -0.990172, 0.136503, 0.0)], [0.977714, 0.00111823, -0.20994, 0.0)], [0.207724, 0.139852, 0.968139, 0.0)], [0.0256048, -0.00864398, -0.0101986, 1.0)]])
0.0256048, -0.00864398, -0.0101986
float3(-0.140312, 0.211355, -1.56967)
1035235.85864717
normal
simd_float4x4([[0.0314123, -0.989677, 0.139828, 0.0)], [0.976864, 0.000789971, -0.213861, 0.0)], [0.211543, 0.14331, 0.966805, 0.0)], [0.0267677, -0.00879784, -0.0107149, 1.0)]])
0.0267677, -0.00879784, -0.0107149
float3(-0.143806, 0.215412, -1.57)
1035236.09211304
normal
simd_float4x4([[0.0326047, -0.990033, 0.137013, 0.0)], [0.975596, 0.00174309, -0.219566, 0.0)], [0.217139, 0.140828, 0.965929, 0.0)], [0.0300341, -0.00892636, -0.0118808, 1.0)]])
0.0300341, -0.00892636, -0.0118808
float3(-0.141298, 0.221122, -1.56904)
1035236.29222663
normal
simd_float4x4([[0.0289173, -0.991321, 0.128247, 0.0)], [0.974081, -0.000848457, -0.226196, 0.0)], [0.224342, 0.131464, 0.965602, 0.0)], [0.0343975, -0.00618424, -0.00909281, 1.0)]])
0.0343975, -0.00618424, -0.00909281
float3(-0.131845, 0.228283, -1.57165)
1035236.5090165
normal
simd_float4x4([[0.0188209, -0.994074, 0.107067, 0.0)], [0.972799, -0.00652195, -0.231557, 0.0)], [0.230883, 0.108513, 0.966911, 0.0)], [0.0431272, -0.00212223, -0.00517439, 1.0)]])
0.0431272, -0.00212223, -0.00517439
float3(-0.108727, 0.234395, -1.57736)
1035236.70913033
normal
simd_float4x4([[0.0132346, -0.995932, 0.0891345, 0.0)], [0.972053, -0.00808086, -0.23462, 0.0)], [0.234386, 0.0897486, 0.967992, 0.0)], [0.0484319, 0.00152868, -0.00100952, 1.0)]])
0.0484319, 0.00152868, -0.00100952
float3(-0.0898695, 0.237564, -1.57891)
1035236.90924404
normal
simd_float4x4([[0.0107833, -0.996749, 0.0798431, 0.0)], [0.971427, -0.00849022, -0.237187, 0.0)], [0.237094, 0.0801194, 0.968177, 0.0)], [0.053416, 0.00402026, 0.00161648, 1.0)]])
0.053416, 0.00402026, 0.00161648
float3(-0.0802054, 0.240161, -1.57931)
1035237.12603383
normal
simd_float4x4([[0.0114756, -0.996884, 0.078038, 0.0)], [0.970886, -0.00756604, -0.239422, 0.0)], [0.239266, 0.0785135, 0.967774, 0.0)], [0.0590174, 0.00638337, -0.000489035, 1.0)]])
0.0590174, 0.00638337, -0.000489035
float3(-0.0785944, 0.242373, -1.57839)
1035237.32614758
normal
simd_float4x4([[0.01246, -0.996926, 0.0773522, 0.0)], [0.970037, -0.00672015, -0.242865, 0.0)], [0.242638, 0.0780606, 0.966971, 0.0)], [0.0607898, 0.00442109, 0.0016796, 1.0)]])
0.0607898, 0.00442109, 0.0016796
float3(-0.0781401, 0.24585, -1.57754)
1035237.52626125
normal
simd_float4x4([[0.010303, -0.997157, 0.0746464, 0.0)], [0.968334, -0.0086728, -0.249508, 0.0)], [0.249446, 0.0748534, 0.965491, 0.0)], [0.067803, 0.00377711, 0.00291539, 1.0)]])
0.067803, 0.00377711, 0.00291539
float3(-0.0749234, 0.252833, -1.57949)
1035237.74305121
normal
simd_float4x4([[0.00670876, -0.997491, 0.0704739, 0.0)], [0.965832, -0.0117959, -0.258901, 0.0)], [0.259083, 0.0698029, 0.963329, 0.0)], [0.0719161, 0.0032857, 0.00354625, 1.0)]])
0.0719161, 0.0032857, 0.00354625
float3(-0.0698597, 0.262729, -1.58262)
1035237.95984108
normal
simd_float4x4([[0.00787503, -0.997465, 0.0707165, 0.0)], [0.96305, -0.0114733, -0.269078, 0.0)], [0.269208, 0.0702225, 0.960519, 0.0)], [0.0778027, 0.00254619, 0.00370445, 1.0)]])
0.0778027, 0.00254619, 0.00370445
float3(-0.0702803, 0.273262, -1.5823)
1035238.15995475
normal
simd_float4x4([[0.00918492, -0.997377, 0.0718012, 0.0)], [0.962412, -0.0106741, -0.271385, 0.0)], [0.271439, 0.071595, 0.959789, 0.0)], [0.0823128, 0.00076993, 0.0027594, 1.0)]])
0.0823128, 0.00076993, 0.0027594
float3(-0.0716563, 0.275614, -1.5815)
1035238.36006838
normal
simd_float4x4([[0.0116744, -0.997515, 0.0694805, 0.0)], [0.962269, -0.00768333, -0.271993, 0.0)], [0.27185, 0.0700343, 0.959788, 0.0)], [0.0847019, 0.000174808, 0.0022713, 1.0)]])
0.0847019, 0.000174808, 0.0022713
float3(-0.0700917, 0.276011, -1.5785)
1035238.56018217
normal
simd_float4x4([[0.0129715, -0.997509, 0.0693347, 0.0)], [0.962812, -0.00625369, -0.270099, 0.0)], [0.26986, 0.0702599, 0.960333, 0.0)], [0.0863706, -0.0004934, 0.000758475, 1.0)]])
0.0863706, -0.0004934, 0.000758475
float3(-0.0703179, 0.273942, -1.57707)
1035238.76029575
normal
simd_float4x4([[0.0139402, -0.997475, 0.0696346, 0.0)], [0.962693, -0.00543259, -0.270541, 0.0)], [0.270237, 0.0708081, 0.960187, 0.0)], [0.0873384, -0.000836246, 0.000140833, 1.0)]])
0.0873384, -0.000836246, 0.000140833
float3(-0.0708674, 0.274345, -1.57624)
1035238.97708563
normal
simd_float4x4([[0.0161426, -0.997443, 0.0696141, 0.0)], [0.961479, -0.00362239, -0.274856, 0.0)], [0.274406, 0.0713693, 0.958962, 0.0)], [0.0877964, -0.000557981, -0.00195764, 1.0)]])
0.0877964, -0.000557981, -0.00195764
float3(-0.0714301, 0.278701, -1.57443)
1035239.1771995
normal
simd_float4x4([[0.0202337, -0.997339, 0.0700341, 0.0)], [0.961963, 0.000332993, -0.27318, 0.0)], [0.27243, 0.0728977, 0.95941, 0.0)], [0.0881893, -0.000291035, -0.00476438, 1.0)]])
0.0881893, -0.000291035, -0.00476438
float3(-0.0729624, 0.276673, -1.57046)
1035239.37731312
normal
simd_float4x4([[0.0201913, -0.997248, 0.0713299, 0.0)], [0.968791, 0.00188568, -0.247872, 0.0)], [0.247055, 0.0741086, 0.966163, 0.0)], [0.0973074, -0.00029479, -0.00849908, 1.0)]])
0.0973074, -0.00029479, -0.00849908
float3(-0.0741766, 0.250343, -1.56891)
1035239.57742688
normal
simd_float4x4([[0.0176856, -0.997601, 0.0669288, 0.0)], [0.980664, 0.00425921, -0.195651, 0.0)], [0.194897, 0.0690949, 0.978387, 0.0)], [0.113322, -0.000245608, -0.0105135, 1.0)]])
0.113322, -0.000245608, -0.0105135
float3(-0.06915, 0.196628, -1.56653)
1035239.79421667
normal
simd_float4x4([[0.0116652, -0.997966, 0.0626755, 0.0)], [0.991434, 0.00338881, -0.130567, 0.0)], [0.130089, 0.0636617, 0.989456, 0.0)], [0.12862, -0.000613071, -0.0119944, 1.0)]])
0.12862, -0.000613071, -0.0119944
float3(-0.0637048, 0.130726, -1.5674)
1035239.99433037
normal
simd_float4x4([[0.00527894, -0.998243, 0.0590207, 0.0)], [0.997821, 0.00137652, -0.0659656, 0.0)], [0.0657684, 0.0592403, 0.996075, 0.0)], [0.143826, -0.000671941, -0.0122409, 1.0)]])
0.143826, -0.000671941, -0.0122409
float3(-0.059275, 0.0659319, -1.56942)
1035240.194444
normal
simd_float4x4([[-0.00034682, -0.998566, 0.0535332, 0.0)], [0.999538, 0.0012814, 0.0303778, 0.0)], [-0.0304028, 0.0535189, 0.998104, 0.0)], [0.159716, -0.000740878, -0.0145268, 1.0)]])
0.159716, -0.000740878, -0.0145268
float3(-0.0535445, -0.0304512, -1.56951)
1035240.41123387
normal
simd_float4x4([[-0.00455726, -0.998317, 0.0578079, 0.0)], [0.984957, 0.00550473, 0.172713, 0.0)], [-0.172741, 0.0577253, 0.983274, 0.0)], [0.171117, -0.00321155, -0.0220023, 1.0)]])
0.171117, -0.00321155, -0.0220023
float3(-0.0577574, -0.173904, -1.56528)
1035240.61134754
normal
simd_float4x4([[-0.0155761, -0.998392, 0.0544975, 0.0)], [0.945891, 0.00295427, 0.32447, 0.0)], [-0.32411, 0.0566027, 0.944325, 0.0)], [0.180967, -0.00859378, -0.022304, 1.0)]])
0.180967, -0.00859378, -0.022304
float3(-0.0566329, -0.330621, -1.56784)
1035240.81146133
normal
simd_float4x4([[-0.0154483, -0.997234, 0.0727033, 0.0)], [0.887468, 0.0198206, 0.460442, 0.0)], [-0.46061, 0.0716349, 0.884707, 0.0)], [0.186582, -0.0155073, -0.0214356, 1.0)]])
0.186582, -0.0155073, -0.0214356
float3(-0.0716963, -0.480019, -1.55092)
1035241.02825096
normal
simd_float4x4([[-0.0139109, -0.996386, 0.0837915, 0.0)], [0.824915, 0.0359225, 0.564114, 0.0)], [-0.565085, 0.0769682, 0.821435, 0.0)], [0.195904, -0.0234343, -0.0301202, 1.0)]])
0.195904, -0.0234343, -0.0301202
float3(-0.0770444, -0.602576, -1.53476)
1035241.22836471
normal
simd_float4x4([[-0.0205815, -0.997512, 0.0674266, 0.0)], [0.796503, 0.0244027, 0.604142, 0.0)], [-0.604284, 0.0661397, 0.794019, 0.0)], [0.223732, -0.0328991, -0.0443368, 1.0)]])
0.223732, -0.0328991, -0.0443368
float3(-0.066188, -0.650533, -1.54634)
1035241.42847842
normal
simd_float4x4([[-0.0295257, -0.998109, 0.0539163, 0.0)], [0.74961, 0.0135715, 0.661741, 0.0)], [-0.661221, 0.0599545, 0.747792, 0.0)], [0.265132, -0.0360359, -0.0557942, 1.0)]])
0.265132, -0.0360359, -0.0557942
float3(-0.0599905, -0.724035, -1.5572)
1035241.62859208
normal
simd_float4x4([[-0.0300949, -0.996691, 0.0755058, 0.0)], [0.682991, 0.0346495, 0.729605, 0.0)], [-0.729807, 0.0735271, 0.679688, 0.0)], [0.29575, -0.0367183, -0.059632, 1.0)]])
0.29575, -0.0367183, -0.059632
float3(-0.0735935, -0.820941, -1.53605)
1035241.82870579
normal
simd_float4x4([[-0.0233465, -0.997097, 0.0724692, 0.0)], [0.634477, 0.0412415, 0.77184, 0.0)], [-0.772589, 0.0639998, 0.631673, 0.0)], [0.302576, -0.0379251, -0.0692859, 1.0)]])
0.302576, -0.0379251, -0.0692859
float3(-0.0640436, -0.885412, -1.52946)
1035242.04549558
normal
simd_float4x4([[-0.036356, -0.995857, 0.083347, 0.0)], [0.586315, 0.0462833, 0.80876, 0.0)], [-0.809267, 0.0782709, 0.582204, 0.0)], [0.30115, -0.0395506, -0.100935, 1.0)]])
0.30115, -0.0395506, -0.100935
float3(-0.078351, -0.947155, -1.52435)
1035242.24560925
normal
simd_float4x4([[-0.0400461, -0.995826, 0.0820205, 0.0)], [0.537213, 0.047755, 0.842093, 0.0)], [-0.842495, 0.077785, 0.533058, 0.0)], [0.299227, -0.0462625, -0.161376, 1.0)]])
0.299227, -0.0462625, -0.161376
float3(-0.0778637, -1.00667, -1.52288)
1035242.44572292
normal
simd_float4x4([[-0.0395788, -0.997968, 0.0499242, 0.0)], [0.478256, 0.0249487, 0.877866, 0.0)], [-0.877328, 0.0586214, 0.476297, 0.0)], [0.301825, -0.0531976, -0.244522, 1.0)]])
0.301825, -0.0531976, -0.244522
float3(-0.058655, -1.07342, -1.5458)
1035242.64583654
normal
simd_float4x4([[-0.0657859, -0.99782, 0.00514193, 0.0)], [0.41204, -0.0224717, 0.910889, 0.0)], [-0.908788, 0.0620423, 0.41262, 0.0)], [0.40804, -0.0852331, -0.344943, 1.0)]])
0.40804, -0.0852331, -0.344943
float3(-0.0620822, -1.14459, -1.59331)
1035242.84595021
normal
simd_float4x4([[-0.0812166, -0.996696, 0.000378402, 0.0)], [0.34954, -0.028127, 0.936499, 0.0)], [-0.933395, 0.0761916, 0.350669, 0.0)], [0.561989, -0.117145, -0.409438, 1.0)]])
0.561989, -0.117145, -0.409438
float3(-0.0762655, -1.21142, -1.59901)
1035243.04606383
normal
simd_float4x4([[-0.0802687, -0.996769, -0.00287731, 0.0)], [0.316957, -0.0282607, 0.948019, 0.0)], [-0.945037, 0.0751843, 0.318201, 0.0)], [0.77671, -0.156141, -0.425634, 1.0)]])
0.77671, -0.156141, -0.425634
float3(-0.0752553, -1.24601, -1.59914)
1035243.24617737
normal
simd_float4x4([[-0.0942436, -0.995549, 0.000563271, 0.0)], [0.296985, -0.0275741, 0.954484, 0.0)], [-0.95022, 0.0901213, 0.298262, 0.0)], [0.92326, -0.164155, -0.438476, 1.0)]])
0.92326, -0.164155, -0.438476
float3(-0.0902438, -1.26665, -1.59849)
1035243.44629117
normal
simd_float4x4([[-0.0976913, -0.995017, 0.0199385, 0.0)], [0.288428, -0.00913217, 0.957458, 0.0)], [-0.952505, 0.0992861, 0.287883, 0.0)], [1.02902, -0.140966, -0.427312, 1.0)]])
1.02902, -0.140966, -0.427312
float3(-0.09945, -1.27729, -1.57997)
1035243.64640475
normal
simd_float4x4([[-0.0942588, -0.9945, 0.0456727, 0.0)], [0.275481, 0.0180304, 0.961137, 0.0)], [-0.956674, 0.103178, 0.272266, 0.0)], [1.15354, -0.133113, -0.461053, 1.0)]])
1.15354, -0.133113, -0.461053
float3(-0.103362, -1.29353, -1.55267)
1035243.84651833
normal
simd_float4x4([[-0.0912603, -0.99497, 0.0413025, 0.0)], [0.251031, 0.0171508, 0.967827, 0.0)], [-0.963668, 0.0986924, 0.248203, 0.0)], [1.31183, -0.144965, -0.528066, 1.0)]])
1.31183, -0.144965, -0.528066
float3(-0.0988533, -1.31871, -1.55356)
1035244.04663204
normal
simd_float4x4([[-0.0827177, -0.996419, -0.0175205, 0.0)], [0.220848, -0.0354717, 0.974663, 0.0)], [-0.971794, 0.0767526, 0.222992, 0.0)], [1.46888, -0.138709, -0.582091, 1.0)]])
1.46888, -0.138709, -0.582091
float3(-0.0768281, -1.34524, -1.60638)
1035244.24674587
normal
simd_float4x4([[-0.119734, -0.992383, -0.0289857, 0.0)], [0.204028, -0.0531683, 0.97752, 0.0)], [-0.971615, 0.111129, 0.20884, 0.0)], [1.6277, -0.140053, -0.623655, 1.0)]])
1.6277, -0.140053, -0.623655
float3(-0.111359, -1.35908, -1.62432)
1035244.44685937
normal
simd_float4x4([[-0.0719381, -0.997023, -0.0277613, 0.0)], [0.194375, -0.0413137, 0.980057, 0.0)], [-0.978286, 0.0651073, 0.196769, 0.0)], [1.78811, -0.157136, -0.656662, 1.0)]])
1.78811, -0.157136, -0.656662
float3(-0.0651534, -1.37231, -1.61221)
1035244.64697304
normal
simd_float4x4([[-0.0881883, -0.996035, -0.0116848, 0.0)], [0.204082, -0.0295485, 0.978508, 0.0)], [-0.974974, 0.0839083, 0.205879, 0.0)], [1.97634, -0.151536, -0.688581, 1.0)]])
1.97634, -0.151536, -0.688581
float3(-0.084007, -1.36269, -1.60045)
1035244.84708671
normal
simd_float4x4([[-0.0929266, -0.994936, 0.0382907, 0.0)], [0.22836, 0.0161348, 0.973443, 0.0)], [-0.969132, 0.0992029, 0.225704, 0.0)], [2.13705, -0.137698, -0.731188, 1.0)]])
2.13705, -0.137698, -0.731188
float3(-0.0993663, -1.34198, -1.55458)
1035245.04720042
normal
simd_float4x4([[-0.0669309, -0.997236, 0.0322477, 0.0)], [0.22969, 0.0160522, 0.973132, 0.0)], [-0.97096, 0.0725396, 0.22798, 0.0)], [2.28987, -0.150002, -0.770233, 1.0)]])
2.28987, -0.150002, -0.770233
float3(-0.0726033, -1.34017, -1.5547)
1035245.24731388
normal
simd_float4x4([[-0.0534301, -0.998459, 0.0150242, 0.0)], [0.220521, 0.00287622, 0.975378, 0.0)], [-0.973918, 0.0554277, 0.220028, 0.0)], [2.45946, -0.157584, -0.822827, 1.0)]])
2.45946, -0.157584, -0.822827
float3(-0.0554561, -1.34861, -1.56792)
1035245.44742754
normal
simd_float4x4([[-0.094868, -0.995434, 0.0105371, 0.0)], [0.22116, -0.0107546, 0.975178, 0.0)], [-0.970612, 0.0948436, 0.221171, 0.0)], [2.63206, -0.150628, -0.862011, 1.0)]])
2.63206, -0.150628, -0.862011
float3(-0.0949864, -1.34675, -1.5816)
1035245.64754108
normal
simd_float4x4([[-0.0710214, -0.997303, -0.0185296, 0.0)], [0.223146, -0.0339912, 0.974192, 0.0)], [-0.972194, 0.0650537, 0.224958, 0.0)], [2.79438, -0.164122, -0.88568, 1.0)]])
2.79438, -0.164122, -0.88568
float3(-0.0650996, -1.34341, -1.60487)
1035245.84765483
normal
simd_float4x4([[-0.0277727, -0.999319, -0.0242966, 0.0)], [0.247927, -0.0304328, 0.968301, 0.0)], [-0.968381, 0.0208685, 0.248603, 0.0)], [2.96766, -0.165112, -0.909642, 1.0)]])
2.96766, -0.165112, -0.909642
float3(-0.0208701, -1.3195, -1.60124)
1035246.04776829
normal
simd_float4x4([[-0.023495, -0.999723, -0.00131152, 0.0)], [0.281823, -0.00788191, 0.959434, 0.0)], [-0.959179, 0.0221722, 0.28193, 0.0)], [3.14028, -0.152806, -0.947915, 1.0)]])
3.14028, -0.152806, -0.947915
float3(-0.0221741, -1.28492, -1.57868)
1035246.247882
normal
simd_float4x4([[-0.0187285, -0.9993, 0.0323767, 0.0)], [0.283595, 0.0257429, 0.958598, 0.0)], [-0.958761, 0.027135, 0.282915, 0.0)], [3.3113, -0.169645, -1.0019, 1.0)]])
3.3113, -0.169645, -1.0019
float3(-0.0271384, -1.28386, -1.54504)
1035246.44799583
normal
simd_float4x4([[-0.0133439, -0.999908, 0.00236666, 0.0)], [0.257887, -0.00115471, 0.966175, 0.0)], [-0.966083, 0.0135029, 0.257878, 0.0)], [3.48752, -0.182771, -1.05939, 1.0)]])
3.48752, -0.182771, -1.05939
float3(-0.0135033, -1.30995, -1.57195)
1035246.64810938
normal
simd_float4x4([[-0.0513307, -0.998645, -0.00856765, 0.0)], [0.245448, -0.020931, 0.969184, 0.0)], [-0.96805, 0.047646, 0.24619, 0.0)], [3.6591, -0.172438, -1.10714, 1.0)]])
3.6591, -0.172438, -1.10714
float3(-0.047664, -1.32176, -1.59175)
1035246.84822296
normal
simd_float4x4([[-0.0227872, -0.999175, -0.0336094, 0.0)], [0.254261, -0.0383049, 0.966377, 0.0)], [-0.966867, 0.0134755, 0.254924, 0.0)], [3.82191, -0.184371, -1.14839, 1.0)]])
3.82191, -0.184371, -1.14839
float3(-0.0134759, -1.313, -1.60911)
1035247.0483365
normal
simd_float4x4([[-0.0221187, -0.999726, -0.00762148, 0.0)], [0.261235, -0.0131379, 0.965186, 0.0)], [-0.965022, 0.0193577, 0.261454, 0.0)], [4.01028, -0.191057, -1.1873, 1.0)]])
4.01028, -0.191057, -1.1873
float3(-0.0193589, -1.30622, -1.58394)
1035247.24845008
normal
simd_float4x4([[-0.0377767, -0.999233, 0.0103266, 0.0)], [0.287413, -0.000967411, 0.957806, 0.0)], [-0.957062, 0.0391508, 0.287229, 0.0)], [4.17842, -0.178887, -1.2245, 1.0)]])
4.17842, -0.178887, -1.2245
float3(-0.0391608, -1.27923, -1.57176)
1035247.44856379
normal
simd_float4x4([[-0.0234026, -0.999096, 0.0354912, 0.0)], [0.288469, 0.0272424, 0.957102, 0.0)], [-0.957203, 0.0326368, 0.28757, 0.0)], [4.33957, -0.188217, -1.27029, 1.0)]])
4.33957, -0.188217, -1.27029
float3(-0.0326426, -1.27895, -1.54354)
1035247.64867733
normal
simd_float4x4([[-0.0122684, -0.999723, 0.0200587, 0.0)], [0.270606, 0.0159922, 0.962557, 0.0)], [-0.962612, 0.0172371, 0.270335, 0.0)], [4.51661, -0.199491, -1.32413, 1.0)]])
4.51661, -0.199491, -1.32413
float3(-0.0172379, -1.29701, -1.5548)
1035247.848791
normal
simd_float4x4([[-0.030006, -0.999488, 0.0110726, 0.0)], [0.256174, 0.00301785, 0.966626, 0.0)], [-0.966165, 0.0318411, 0.255952, 0.0)], [4.6853, -0.191038, -1.36915, 1.0)]])
4.6853, -0.191038, -1.36915
float3(-0.0318465, -1.31183, -1.56778)
1035248.04890454
normal
simd_float4x4([[-0.0425156, -0.999078, -0.00601185, 0.0)], [0.26022, -0.0168828, 0.965402, 0.0)], [-0.964613, 0.0394802, 0.260698, 0.0)], [4.86394, -0.206146, -1.4047, 1.0)]])
4.86394, -0.206146, -1.4047
float3(-0.0394905, -1.30684, -1.58769)
1035248.24901808
normal
simd_float4x4([[-0.0288623, -0.999552, 0.00787757, 0.0)], [0.284043, -0.000645314, 0.958811, 0.0)], [-0.958377, 0.0299111, 0.283934, 0.0)], [5.0575, -0.222915, -1.43682, 1.0)]])
5.0575, -0.222915, -1.43682
float3(-0.0299155, -1.28277, -1.57144)
1035248.44913167
normal
simd_float4x4([[-0.0417573, -0.998499, 0.0354499, 0.0)], [0.302553, 0.0211782, 0.952897, 0.0)], [-0.952218, 0.0505159, 0.301214, 0.0)], [5.23958, -0.21398, -1.47081, 1.0)]])
5.23958, -0.21398, -1.47081
float3(-0.0505374, -1.26443, -1.54959)
1035248.6492455
normal
simd_float4x4([[-0.0397457, -0.996987, 0.0666187, 0.0)], [0.30567, 0.0513435, 0.950752, 0.0)], [-0.951308, 0.0581516, 0.302708, 0.0)], [5.41134, -0.229296, -1.51293, 1.0)]])
5.41134, -0.229296, -1.51293
float3(-0.0581845, -1.26272, -1.51934)
1035248.86603504
normal
simd_float4x4([[-0.0337981, -0.998397, 0.0453941, 0.0)], [0.253098, 0.0353892, 0.966793, 0.0)], [-0.96685, 0.0441649, 0.251496, 0.0)], [5.6145, -0.247686, -1.54937, 1.0)]])
5.6145, -0.247686, -1.54937
float3(-0.0441792, -1.31632, -1.53537)
1035249.06614888
normal
simd_float4x4([[-0.0695853, -0.997371, 0.0202107, 0.0)], [0.140163, 0.0102839, 0.990075, 0.0)], [-0.98768, 0.0717274, 0.139079, 0.0)], [5.797, -0.239173, -1.54829, 1.0)]])
5.797, -0.239173, -1.54829
float3(-0.0717891, -1.4309, -1.56049)
1035249.26626242
normal
simd_float4x4([[-0.0422807, -0.998325, -0.0394802, 0.0)], [-0.000563428, -0.0394917, 0.99922, 0.0)], [-0.999106, 0.0422699, 0.00110725, 0.0)], [5.96116, -0.253683, -1.51222, 1.0)]])
5.96116, -0.253683, -1.51222
float3(-0.0422825, -1.56969, -1.61033)
1035249.46637604
normal
simd_float4x4([[-0.0231144, -0.999234, -0.0315773, 0.0)], [-0.158284, -0.0275295, 0.98701, 0.0)], [-0.987123, 0.0278123, -0.157527, 0.0)], [6.13433, -0.264509, -1.46012, 1.0)]])
6.13433, -0.264509, -1.46012
float3(-0.0278159, -1.72904, -1.59834)
1035249.66648958
normal
simd_float4x4([[-0.042392, -0.998913, -0.0193815, 0.0)], [-0.305056, -0.00553137, 0.952318, 0.0)], [-0.95139, 0.0462832, -0.30449, 0.0)], [6.29889, -0.256346, -1.38647, 1.0)]])
6.29889, -0.256346, -1.38647
float3(-0.0462997, -1.88054, -1.57633)
1035249.86660317
normal
simd_float4x4([[-0.0612207, -0.998107, 0.0059184, 0.0)], [-0.453925, 0.0331222, 0.890424, 0.0)], [-0.888934, 0.0518259, -0.455093, 0.0)], [6.45699, -0.271398, -1.28911, 1.0)]])
6.45699, -0.271398, -1.28911
float3(-0.0518491, -2.04396, -1.53762)
1035250.08339292
normal
simd_float4x4([[-0.0283925, -0.999573, -0.00695038, 0.0)], [-0.623669, 0.0122804, 0.781592, 0.0)], [-0.781173, 0.0265261, -0.623751, 0.0)], [6.61608, -0.283218, -1.15666, 1.0)]])
6.61608, -0.283218, -1.15666
float3(-0.0265292, -2.24461, -1.55851)
1035250.28350646
normal
simd_float4x4([[-0.0418409, -0.999033, -0.0134692, 0.0)], [-0.762201, 0.0232, 0.646924, 0.0)], [-0.645987, 0.0373341, -0.762435, 0.0)], [6.73848, -0.268547, -1.01779, 1.0)]])
6.73848, -0.268547, -1.01779
float3(-0.0373428, -2.43869, -1.54758)
1035250.48362004
normal
simd_float4x4([[-0.0207499, -0.998695, -0.0466746, 0.0)], [-0.827726, -0.00902387, 0.56106, 0.0)], [-0.560749, 0.0502757, -0.826458, 0.0)], [6.81697, -0.286756, -0.860706, 1.0)]])
6.81697, -0.286756, -0.860706
float3(-0.0502969, -2.54544, -1.57983)
1035250.68373358
normal
simd_float4x4([[-0.0135385, -0.998367, -0.0554969, 0.0)], [-0.850669, -0.0176705, 0.525405, 0.0)], [-0.525528, 0.0543227, -0.84904, 0.0)], [6.85636, -0.290234, -0.704817, 1.0)]])
6.85636, -0.290234, -0.704817
float3(-0.0543494, -2.58734, -1.58849)
1035250.88384708
normal
simd_float4x4([[-0.0306315, -0.998307, -0.0494454, 0.0)], [-0.90557, 0.00677851, 0.424143, 0.0)], [-0.423089, 0.0577684, -0.904245, 0.0)], [6.88645, -0.274345, -0.564176, 1.0)]])
6.88645, -0.274345, -0.564176
float3(-0.0578006, -2.70396, -1.56401)
1035251.10063688
normal
simd_float4x4([[-0.050601, -0.997361, -0.0520571, 0.0)], [-0.94426, 0.0307996, 0.327758, 0.0)], [-0.32529, 0.0657403, -0.943326, 0.0)], [6.94008, -0.297064, -0.396061, 1.0)]])
6.94008, -0.297064, -0.396061
float3(-0.0657877, -2.80953, -1.53992)
1035251.30075033
normal
simd_float4x4([[-0.021036, -0.997325, -0.0700008, 0.0)], [-0.966813, 0.00246121, 0.255473, 0.0)], [-0.254617, 0.0730518, -0.964279, 0.0)], [7.01466, -0.313725, -0.199808, 1.0)]])
7.01466, -0.313725, -0.199808
float3(-0.073117, -2.88344, -1.56833)
1035251.500864
normal
simd_float4x4([[-0.0384614, -0.98981, -0.137103, 0.0)], [-0.980023, 0.0105713, 0.198605, 0.0)], [-0.195132, 0.142003, -0.970443, 0.0)], [7.07815, -0.313345, 0.0092589, 1.0)]])
7.07815, -0.313345, 0.0092589
float3(-0.142485, -2.94316, -1.56012)
1035251.7009775
normal
simd_float4x4([[-0.00055937, -0.990648, -0.136438, 0.0)], [-0.978438, -0.0276379, 0.204685, 0.0)], [-0.206542, 0.13361, -0.969272, 0.0)], [7.10518, -0.345013, 0.195108, 1.0)]])
7.10518, -0.345013, 0.195108
float3(-0.134011, -2.93164, -1.59869)
1035251.901091
normal
simd_float4x4([[-0.00303635, -0.994581, -0.103923, 0.0)], [-0.976603, -0.0193973, 0.214172, 0.0)], [-0.215027, 0.102142, -0.971252, 0.0)], [7.117, -0.338385, 0.370892, 1.0)]])
7.117, -0.338385, 0.370892
float3(-0.102321, -2.92372, -1.5903)
1035252.11788088
normal
simd_float4x4([[-0.00927126, -0.996031, -0.0885278, 0.0)], [-0.967155, -0.0135576, 0.253825, 0.0)], [-0.254018, 0.0879734, -0.96319, 0.0)], [7.15087, -0.323265, 0.561666, 1.0)]])
7.15087, -0.323265, 0.561666
float3(-0.0880873, -2.88374, -1.58441)
1035252.31799433
normal
simd_float4x4([[-0.0488986, -0.995915, -0.075915, 0.0)], [-0.964552, 0.0273515, 0.26247, 0.0)], [-0.259321, 0.0860584, -0.961949, 0.0)], [7.20687, -0.342227, 0.775968, 1.0)]])
7.20687, -0.342227, 0.775968
float3(-0.0861649, -2.87827, -1.54334)
1035252.53478408
normal
simd_float4x4([[-0.0172272, -0.995452, -0.0936982, 0.0)], [-0.963713, -0.0084358, 0.266808, 0.0)], [-0.266385, 0.0948945, -0.959184, 0.0)], [7.26691, -0.344234, 1.03367, 1.0)]])
7.26691, -0.344234, 1.03367
float3(-0.0950375, -2.8707, -1.57927)
1035252.73489758
normal
simd_float4x4([[-0.011745, -0.987364, -0.158033, 0.0)], [-0.951217, -0.0376955, 0.30621, 0.0)], [-0.308298, 0.15392, -0.938755, 0.0)], [7.3085, -0.35215, 1.26743, 1.0)]])
7.3085, -0.35215, 1.26743
float3(-0.154534, -2.82428, -1.60896)
1035252.93501117
normal
simd_float4x4([[-0.0255195, -0.994569, -0.100903, 0.0)], [-0.9404, -0.0103559, 0.339913, 0.0)], [-0.339112, 0.103564, -0.935028, 0.0)], [7.3403, -0.36301, 1.47029, 1.0)]])
7.3403, -0.36301, 1.47029
float3(-0.10375, -2.79367, -1.58121)
1035253.13512475
normal
simd_float4x4([[-0.0102815, -0.993699, -0.111612, 0.0)], [-0.933184, -0.030566, 0.358097, 0.0)], [-0.359252, 0.107837, -0.926989, 0.0)], [7.35474, -0.337398, 1.66233, 1.0)]])
7.35474, -0.337398, 1.66233
float3(-0.108047, -2.77187, -1.60155)
1035253.33523817
normal
simd_float4x4([[-0.0714785, -0.990004, -0.121588, 0.0)], [-0.929928, 0.022058, 0.367079, 0.0)], [-0.360727, 0.139307, -0.922209, 0.0)], [7.40598, -0.354176, 1.84443, 1.0)]])
7.40598, -0.354176, 1.84443
float3(-0.139761, -2.76873, -1.54852)
1035253.535352
normal
simd_float4x4([[-0.0128491, -0.994534, -0.103618, 0.0)], [-0.939606, -0.0234357, 0.341454, 0.0)], [-0.342016, 0.101747, -0.93417, 0.0)], [7.45629, -0.381679, 2.04934, 1.0)]])
7.45629, -0.381679, 2.04934
float3(-0.101924, -2.79063, -1.59436)
1035253.73546546
normal
simd_float4x4([[0.0416254, -0.989411, -0.139041, 0.0)], [-0.931965, -0.0886119, 0.351552, 0.0)], [-0.36015, 0.114948, -0.925786, 0.0)], [7.50449, -0.370824, 2.25255, 1.0)]])
7.50449, -0.370824, 2.25255
float3(-0.115203, -2.77059, -1.66012)
1035253.95225508
normal
simd_float4x4([[0.0304573, -0.986444, -0.161244, 0.0)], [-0.929213, -0.087383, 0.359065, 0.0)], [-0.368287, 0.138894, -0.919278, 0.0)], [7.56021, -0.391324, 2.46529, 1.0)]])
7.56021, -0.391324, 2.46529
float3(-0.139345, -2.76055, -1.65915)
1035254.15236879
normal
simd_float4x4([[-0.0028801, -0.989182, -0.146665, 0.0)], [-0.917939, -0.0555689, 0.392811, 0.0)], [-0.396711, 0.135761, -0.907849, 0.0)], [7.60258, -0.376158, 2.67151, 1.0)]])
7.60258, -0.376158, 2.67151
float3(-0.136181, -2.72962, -1.62691)
1035254.35248225
normal
simd_float4x4([[-0.0395186, -0.993215, -0.109374, 0.0)], [-0.91796, -0.00715067, 0.396608, 0.0)], [-0.394699, 0.116075, -0.911449, 0.0)], [7.65568, -0.358137, 2.85216, 1.0)]])
7.65568, -0.358137, 2.85216
float3(-0.116337, -2.73293, -1.578)
1035254.55259587
normal
simd_float4x4([[-0.0868583, -0.991179, -0.100099, 0.0)], [-0.935516, 0.0466144, 0.350196, 0.0)], [-0.342441, 0.124061, -0.931313, 0.0)], [7.71603, -0.380785, 3.0525, 1.0)]])
7.71603, -0.380785, 3.0525
float3(-0.124382, -2.78924, -1.5238)
1035254.75270942
normal
simd_float4x4([[-0.012865, -0.997631, -0.0675712, 0.0)], [-0.958999, -0.00682344, 0.283327, 0.0)], [-0.283117, 0.0684457, -0.95664, 0.0)], [7.76278, -0.381919, 3.25115, 1.0)]])
7.76278, -0.381919, 3.25115
float3(-0.0684992, -2.85386, -1.57764)
1035254.96949908
normal
simd_float4x4([[0.00128285, -0.991196, -0.132395, 0.0)], [-0.966176, -0.0353705, 0.255446, 0.0)], [-0.25788, 0.127589, -0.957715, 0.0)], [7.82131, -0.388871, 3.48255, 1.0)]])
7.82131, -0.388871, 3.48255
float3(-0.127938, -2.87857, -1.60647)
1035255.16961263
normal
simd_float4x4([[0.0171328, -0.99725, -0.0721087, 0.0)], [-0.966713, -0.0349357, 0.253466, 0.0)], [-0.255288, 0.0653659, -0.964653, 0.0)], [7.87071, -0.417901, 3.69055, 1.0)]])
7.87071, -0.417901, 3.69055
float3(-0.0654125, -2.88288, -1.60581)
1035255.36972621
normal
simd_float4x4([[-0.0149941, -0.997507, -0.0689576, 0.0)], [-0.966644, -0.0031743, 0.256104, 0.0)], [-0.255684, 0.0704974, -0.964186, 0.0)], [7.92123, -0.40501, 3.89437, 1.0)]])
7.92123, -0.40501, 3.89437
float3(-0.070556, -2.88238, -1.57398)
1035255.58651596
normal
simd_float4x4([[-0.075422, -0.99482, -0.0681512, 0.0)], [-0.959529, 0.05381, 0.276421, 0.0)], [-0.271322, 0.0862413, -0.958617, 0.0)], [7.99375, -0.40859, 4.10118, 1.0)]])
7.99375, -0.40859, 4.10118
float3(-0.0863486, -2.86577, -1.51676)
1035255.78662954
normal
simd_float4x4([[-0.0448092, -0.998171, -0.0405847, 0.0)], [-0.959249, 0.0316455, 0.280786, 0.0)], [-0.278988, 0.0515127, -0.958912, 0.0)], [8.05978, -0.433995, 4.32098, 1.0)]])
8.05978, -0.433995, 4.32098
float3(-0.0515355, -2.85847, -1.5391)
1035256.00341912
normal
simd_float4x4([[-0.0113239, -0.99731, -0.0724164, 0.0)], [-0.961391, -0.00905485, 0.275038, 0.0)], [-0.274954, 0.0727349, -0.958702, 0.0)], [8.1279, -0.430581, 4.5651, 1.0)]])
8.1279, -0.430581, 4.5651
float3(-0.0727992, -2.86229, -1.57988)
1035256.22020879
normal
simd_float4x4([[0.0346792, -0.99595, -0.082957, 0.0)], [-0.955141, -0.0574573, 0.290524, 0.0)], [-0.294114, 0.0691605, -0.953265, 0.0)], [8.17975, -0.454096, 4.80922, 1.0)]])
8.17975, -0.454096, 4.80922
float3(-0.0692158, -2.84233, -1.62842)
1035256.43699829
normal
simd_float4x4([[-0.0199895, -0.997991, -0.0601245, 0.0)], [-0.940148, -0.00169856, 0.340763, 0.0)], [-0.34018, 0.0633375, -0.938225, 0.0)], [8.2322, -0.450236, 5.05706, 1.0)]])
8.2322, -0.450236, 5.05706
float3(-0.06338, -2.79376, -1.5725)
1035256.63711192
normal
simd_float4x4([[-0.0477715, -0.995748, -0.0787676, 0.0)], [-0.935157, 0.0168752, 0.353831, 0.0)], [-0.350998, 0.0905631, -0.931987, 0.0)], [8.27966, -0.439332, 5.26581, 1.0)]])
8.27966, -0.439332, 5.26581
float3(-0.0906873, -2.78141, -1.55385)
1035256.85390167
normal
simd_float4x4([[-0.0790561, -0.995466, -0.0528912, 0.0)], [-0.935677, 0.0557957, 0.348418, 0.0)], [-0.343887, 0.0770337, -0.935846, 0.0)], [8.35717, -0.470148, 5.48222, 1.0)]])
8.35717, -0.470148, 5.48222
float3(-0.0771101, -2.78945, -1.51481)
1035257.07069129
normal
simd_float4x4([[-0.000116875, -0.999521, -0.0309626, 0.0)], [-0.943892, -0.0101152, 0.330099, 0.0)], [-0.330254, 0.0292639, -0.943439, 0.0)], [8.42119, -0.464953, 5.71113, 1.0)]])
8.42119, -0.464953, 5.71113
float3(-0.0292681, -2.80487, -1.58092)
1035257.28748092
normal
simd_float4x4([[0.0195253, -0.991957, -0.125061, 0.0)], [-0.946977, -0.0584717, 0.315937, 0.0)], [-0.320708, 0.112261, -0.940502, 0.0)], [8.48013, -0.483546, 5.9664, 1.0)]])
8.48013, -0.483546, 5.9664
float3(-0.112498, -2.81296, -1.62967)
1035257.50427054
normal
simd_float4x4([[-0.0111415, -0.99195, -0.126138, 0.0)], [-0.949024, -0.0292495, 0.313843, 0.0)], [-0.315006, 0.123205, -0.941059, 0.0)], [8.54779, -0.50431, 6.213, 1.0)]])
8.54779, -0.50431, 6.213
float3(-0.123519, -2.81858, -1.60027)
1035257.70438417
normal
simd_float4x4([[-0.0725623, -0.982288, -0.172757, 0.0)], [-0.952414, 0.0168302, 0.304343, 0.0)], [-0.296044, 0.18662, -0.936766, 0.0)], [8.61819, -0.478028, 6.43228, 1.0)]])
8.61819, -0.478028, 6.43228
float3(-0.18772, -2.8355, -1.55366)
1035257.90449758
normal
simd_float4x4([[-0.0940363, -0.985689, -0.139911, 0.0)], [-0.941079, 0.0421516, 0.335551, 0.0)], [-0.324851, 0.163221, -0.931574, 0.0)], [8.69932, -0.490492, 6.64299, 1.0)]])
8.69932, -0.490492, 6.64299
float3(-0.163955, -2.80607, -1.52806)
1035258.12128737
normal
simd_float4x4([[-0.0152687, -0.990898, -0.133742, 0.0)], [-0.954049, -0.0255955, 0.298556, 0.0)], [-0.299262, 0.132155, -0.944975, 0.0)], [8.77393, -0.497722, 6.88633, 1.0)]])
8.77393, -0.497722, 6.88633
float3(-0.132543, -2.8349, -1.59662)
1035258.32140079
normal
simd_float4x4([[0.00241254, -0.987302, -0.158835, 0.0)], [-0.964422, -0.0442862, 0.26063, 0.0)], [-0.264355, 0.152556, -0.952283, 0.0)], [8.83138, -0.49526, 7.12363, 1.0)]])
8.83138, -0.49526, 7.12363
float3(-0.153154, -2.87081, -1.61562)
1035258.52151437
normal
simd_float4x4([[0.0169293, -0.993273, -0.114549, 0.0)], [-0.954474, -0.0501786, 0.294044, 0.0)], [-0.297814, 0.104356, -0.948903, 0.0)], [8.87709, -0.520757, 7.35068, 1.0)]])
8.87709, -0.520757, 7.35068
float3(-0.104546, -2.83748, -1.62127)
1035258.73830404
normal
simd_float4x4([[-0.0118948, -0.99395, -0.10919, 0.0)], [-0.941504, -0.0256468, 0.336024, 0.0)], [-0.336791, 0.1068, -0.935503, 0.0)], [8.91612, -0.498834, 7.60174, 1.0)]])
8.91612, -0.498834, 7.60174
float3(-0.107004, -2.79603, -1.59659)
1035258.93841742
normal
simd_float4x4([[-0.0521302, -0.996429, -0.0664169, 0.0)], [-0.934153, 0.0251439, 0.355985, 0.0)], [-0.353044, 0.0806012, -0.932128, 0.0)], [8.96361, -0.495301, 7.80389, 1.0)]])
8.96361, -0.495301, 7.80389
float3(-0.0806887, -2.77954, -1.54557)
1035259.15520713
normal
simd_float4x4([[-0.0598926, -0.995433, -0.0743307, 0.0)], [-0.949137, 0.0337308, 0.313052, 0.0)], [-0.309116, 0.0892995, -0.946823, 0.0)], [9.02324, -0.528687, 8.04289, 1.0)]])
9.02324, -0.528687, 8.04289
float3(-0.0894186, -2.82603, -1.53692)
1035259.35532058
normal
simd_float4x4([[-0.0370715, -0.996626, -0.0732266, 0.0)], [-0.957742, 0.0145186, 0.287263, 0.0)], [-0.285231, 0.0807815, -0.955049, 0.0)], [9.07273, -0.521586, 8.24552, 1.0)]])
9.07273, -0.521586, 8.24552
float3(-0.0808696, -2.85137, -1.55623)
1035259.57211017
normal
simd_float4x4([[-0.00927025, -0.992593, -0.12113, 0.0)], [-0.965459, -0.0226591, 0.259568, 0.0)], [-0.26039, 0.119352, -0.958098, 0.0)], [9.1185, -0.541407, 8.47655, 1.0)]])
9.1185, -0.541407, 8.47655
float3(-0.119637, -2.87622, -1.59362)
1035259.78889983
normal
simd_float4x4([[-0.0614963, -0.99398, -0.0906711, 0.0)], [-0.963468, 0.0353917, 0.265476, 0.0)], [-0.260669, 0.103684, -0.959844, 0.0)], [9.17173, -0.560779, 8.70383, 1.0)]])
9.17173, -0.560779, 8.70383
float3(-0.103871, -2.87641, -1.53521)
1035260.00568921
normal
simd_float4x4([[-0.0749261, -0.990486, -0.115425, 0.0)], [-0.949708, 0.035587, 0.311107, 0.0)], [-0.30404, 0.13293, -0.943339, 0.0)], [9.22782, -0.551926, 8.91792, 1.0)]])
9.22782, -0.551926, 8.91792
float3(-0.133324, -2.8298, -1.53488)
1035260.20580296
normal
simd_float4x4([[-0.066016, -0.993145, -0.0964651, 0.0)], [-0.947587, 0.0321117, 0.31788, 0.0)], [-0.312603, 0.112394, -0.943211, 0.0)], [9.29473, -0.581763, 9.11621, 1.0)]])
9.29473, -0.581763, 9.11621
float3(-0.112632, -2.82156, -1.53847)
1035260.40591633
normal
simd_float4x4([[-0.0197774, -0.99563, -0.0912712, 0.0)], [-0.9507, -0.00953003, 0.309964, 0.0)], [-0.309479, 0.0929018, -0.946357, 0.0)], [9.36735, -0.578413, 9.33633, 1.0)]])
9.36735, -0.578413, 9.33633
float3(-0.093036, -2.82553, -1.58037)
1035260.62270587
normal
simd_float4x4([[0.0215533, -0.991254, -0.130195, 0.0)], [-0.96053, -0.0566564, 0.272347, 0.0)], [-0.277342, 0.119186, -0.95335, 0.0)], [9.42711, -0.573962, 9.57658, 1.0)]])
9.42711, -0.573962, 9.57658
float3(-0.11947, -2.85849, -1.62789)
1035260.83949525
normal
simd_float4x4([[0.0230586, -0.994331, -0.103801, 0.0)], [-0.951677, -0.053636, 0.302381, 0.0)], [-0.306234, 0.091813, -0.947519, 0.0)], [9.48972, -0.604702, 9.83374, 1.0)]])
9.48972, -0.604702, 9.83374
float3(-0.0919425, -2.82899, -1.62469)
1035261.03960867
normal
simd_float4x4([[-0.0420019, -0.984724, -0.168983, 0.0)], [-0.942554, -0.0170471, 0.333619, 0.0)], [-0.331403, 0.173288, -0.927439, 0.0)], [9.55568, -0.584181, 10.0821, 1.0)]])
9.55568, -0.584181, 10.0821
float3(-0.174167, -2.7984, -1.58811)
1035261.23972225
normal
simd_float4x4([[-0.0877521, -0.985438, -0.14564, 0.0)], [-0.93801, 0.0325287, 0.345079, 0.0)], [-0.335317, 0.166893, -0.927205, 0.0)], [9.63238, -0.589348, 10.301, 1.0)]])
9.63238, -0.589348, 10.301
float3(-0.167677, -2.79458, -1.5378)
1035261.45651171
normal
simd_float4x4([[-0.0416123, -0.991394, -0.124119, 0.0)], [-0.951099, 0.00124984, 0.308884, 0.0)], [-0.306071, 0.130903, -0.942966, 0.0)], [9.71953, -0.603901, 10.5468, 1.0)]])
9.71953, -0.603901, 10.5468
float3(-0.13128, -2.82774, -1.56954)
1035261.67330125
normal
simd_float4x4([[-0.0510099, -0.980768, -0.188392, 0.0)], [-0.94809, -0.0117321, 0.317786, 0.0)], [-0.313884, 0.194823, -0.929258, 0.0)], [9.80261, -0.594134, 10.7812, 1.0)]])
9.80261, -0.594134, 10.7812
float3(-0.196077, -2.81585, -1.58276)
1035261.89009092
normal
simd_float4x4([[-0.0427737, -0.985349, -0.165101, 0.0)], [-0.92172, -0.0248425, 0.387059, 0.0)], [-0.38549, 0.168733, -0.907153, 0.0)], [9.88103, -0.615095, 11.0081, 1.0)]])
9.88103, -0.615095, 11.0081
float3(-0.169544, -2.73977, -1.596)
1035262.09020425
normal
simd_float4x4([[-0.0836212, -0.976717, -0.197563, 0.0)], [-0.91198, -0.00489457, 0.410206, 0.0)], [-0.401622, 0.214475, -0.890337, 0.0)], [9.93702, -0.600395, 11.2281, 1.0)]])
9.93702, -0.600395, 11.2281
float3(-0.216155, -2.71783, -1.57581)
1035262.30699375
normal
simd_float4x4([[-0.132563, -0.979743, -0.150104, 0.0)], [-0.917287, 0.0638917, 0.393068, 0.0)], [-0.375515, 0.189794, -0.907175, 0.0)], [10.0148, -0.590748, 11.4262, 1.0)]])
10.0148, -0.590748, 11.4262
float3(-0.190953, -2.74913, -1.50568)
1035262.52378346
normal
simd_float4x4([[-0.0943648, -0.987649, -0.125079, 0.0)], [-0.933636, 0.0441841, 0.355488, 0.0)], [-0.345571, 0.150324, -0.926274, 0.0)], [10.0973, -0.609467, 11.6413, 1.0)]])
10.0973, -0.609467, 11.6413
float3(-0.150896, -2.78451, -1.52609)
1035262.72389683
normal
simd_float4x4([[-0.0946005, -0.98637, -0.13463, 0.0)], [-0.941961, 0.044931, 0.332701, 0.0)], [-0.322117, 0.15829, -0.933373, 0.0)], [10.176, -0.598519, 11.8294, 1.0)]])
10.176, -0.598519, 11.8294
float3(-0.158958, -2.80928, -1.52528)
1035262.92401017
normal
simd_float4x4([[-0.0654834, -0.97872, -0.194472, 0.0)], [-0.952083, 0.00293333, 0.305827, 0.0)], [-0.298748, 0.20518, -0.932014, 0.0)], [10.2299, -0.607325, 12.0085, 1.0)]])
10.2299, -0.607325, 12.0085
float3(-0.206648, -2.8314, -1.5678)
1035263.12412354
normal
simd_float4x4([[-0.0514586, -0.988642, -0.141203, 0.0)], [-0.949001, 0.00437076, 0.315242, 0.0)], [-0.311044, 0.150224, -0.938448, 0.0)], [10.2646, -0.616016, 12.1811, 1.0)]])
10.2646, -0.616016, 12.1811
float3(-0.150795, -2.82154, -1.56638)
1035263.34091317
normal
simd_float4x4([[-0.00398478, -0.989252, -0.146167, 0.0)], [-0.954621, -0.0397658, 0.295158, 0.0)], [-0.297798, 0.14071, -0.944202, 0.0)], [10.2739, -0.598079, 12.3732, 1.0)]])
10.2739, -0.598079, 12.3732
float3(-0.141179, -2.83607, -1.61097)
1035263.54102642
normal
simd_float4x4([[-0.0538263, -0.992404, -0.110622, 0.0)], [-0.970709, 0.0260258, 0.238846, 0.0)], [-0.234152, 0.120238, -0.964736, 0.0)], [10.3025, -0.594361, 12.5629, 1.0)]])
10.3025, -0.594361, 12.5629
float3(-0.120529, -2.90349, -1.54458)
1035263.74105025
normal
simd_float4x4([[-0.042612, -0.996414, -0.0731002, 0.0)], [-0.986709, 0.0304873, 0.159612, 0.0)], [-0.156811, 0.07893, -0.98447, 0.0)], [10.3309, -0.61208, 12.7751, 1.0)]])
10.3309, -0.61208, 12.7751
float3(-0.0790122, -2.98364, -1.54021)
1035263.95769421
normal
simd_float4x4([[0.00641024, -0.998045, -0.0621743, 0.0)], [-0.99997, -0.00612458, -0.0047841, 0.0)], [0.00439396, 0.0622031, -0.998054, 0.0)], [10.2875, -0.599845, 12.976, 1.0)]])
10.2875, -0.599845, 12.976
float3(-0.0622433, 3.13719, -1.57693)
1035264.17433829
normal
simd_float4x4([[0.0195783, -0.998037, -0.0594927, 0.0)], [-0.977049, -0.00647467, -0.212917, 0.0)], [0.212114, 0.0622958, -0.975257, 0.0)], [10.1963, -0.613359, 13.1366, 1.0)]])
10.1963, -0.613359, 13.1366
float3(-0.0623362, 2.92743, -1.57728)
1035264.39098233
normal
simd_float4x4([[-0.00030672, -0.996885, -0.078865, 0.0)], [-0.941925, 0.0267728, -0.334756, 0.0)], [0.335825, 0.0741822, -0.938999, 0.0)], [10.0728, -0.608273, 13.2854, 1.0)]])
10.0728, -0.608273, 13.2854
float3(-0.0742504, 2.79813, -1.54395)
1035264.60777163
normal
simd_float4x4([[0.0125901, -0.996043, -0.0879721, 0.0)], [-0.872433, 0.0320453, -0.487683, 0.0)], [0.488572, 0.0828897, -0.868577, 0.0)], [9.93282, -0.593903, 13.4131, 1.0)]])
9.93282, -0.593903, 13.4131
float3(-0.0829849, 2.62921, -1.53863)
1035264.80788529
normal
simd_float4x4([[0.00986633, -0.994505, -0.104227, 0.0)], [-0.798308, 0.0549347, -0.599739, 0.0)], [0.602169, 0.0891227, -0.793379, 0.0)], [9.8014, -0.613907, 13.5458, 1.0)]])
9.8014, -0.613907, 13.5458
float3(-0.0892411, 2.49236, -1.51561)
1035265.00799854
normal
simd_float4x4([[0.0652731, -0.991954, -0.108477, 0.0)], [-0.728803, 0.0268645, -0.684196, 0.0)], [0.681605, 0.123718, -0.721185, 0.0)], [9.64933, -0.633064, 13.7045, 1.0)]])
9.64933, -0.633064, 13.7045
float3(-0.124036, 2.3844, -1.54372)
1035265.20811192
normal
simd_float4x4([[0.125393, -0.978356, -0.164609, 0.0)], [-0.661349, 0.0412472, -0.748943, 0.0)], [0.739523, 0.202776, -0.641863, 0.0)], [9.50355, -0.630591, 13.8433, 1.0)]])
9.50355, -0.630591, 13.8433
float3(-0.204192, 2.28561, -1.52866)
1035265.42490121
normal
simd_float4x4([[0.143016, -0.981148, -0.129981, 0.0)], [-0.64715, 0.00666116, -0.762334, 0.0)], [0.748828, 0.193143, -0.633997, 0.0)], [9.35915, -0.65112, 13.9764, 1.0)]])
9.35915, -0.65112, 13.9764
float3(-0.194365, 2.27334, -1.56401)
1035265.64169062
normal
simd_float4x4([[0.124716, -0.985192, -0.117657, 0.0)], [-0.669856, 0.003874, -0.742481, 0.0)], [0.731942, 0.171413, -0.659453, 0.0)], [9.20158, -0.628291, 14.1151, 1.0)]])
9.20158, -0.628291, 14.1151
float3(-0.172264, 2.30414, -1.56686)
1035265.84180412
normal
simd_float4x4([[0.099443, -0.987633, -0.121208, 0.0)], [-0.686923, 0.0199895, -0.726455, 0.0)], [0.719894, 0.155501, -0.676441, 0.0)], [9.06744, -0.609602, 14.2385, 1.0)]])
9.06744, -0.609602, 14.2385
float3(-0.156135, 2.32508, -1.55056)
1035266.0419175
normal
simd_float4x4([[0.089513, -0.989869, -0.110216, 0.0)], [-0.692531, 0.0176731, -0.721171, 0.0)], [0.715813, 0.140882, -0.683933, 0.0)], [8.91636, -0.626272, 14.3821, 1.0)]])
8.91636, -0.626272, 14.3821
float3(-0.141353, 2.33342, -1.55294)
1035266.25870667
normal
simd_float4x4([[0.115988, -0.987779, -0.10411, 0.0)], [-0.677719, -0.00207894, -0.735318, 0.0)], [0.726116, 0.155845, -0.669678, 0.0)], [8.74575, -0.619648, 14.5501, 1.0)]])
8.74575, -0.619648, 14.5501
float3(-0.156483, 2.31578, -1.5729)
1035266.47549608
normal
simd_float4x4([[0.153851, -0.98211, -0.108577, 0.0)], [-0.666314, -0.0219787, -0.745347, 0.0)], [0.729627, 0.187019, -0.657776, 0.0)], [8.57372, -0.621643, 14.6965, 1.0)]])
8.57372, -0.621643, 14.6965
float3(-0.188126, 2.30445, -1.59317)
1035266.69228567
normal
simd_float4x4([[0.119768, -0.988405, -0.0933309, 0.0)], [-0.671107, -0.0113249, -0.741274, 0.0)], [0.731622, 0.151416, -0.664682, 0.0)], [8.40465, -0.643783, 14.8392, 1.0)]])
8.40465, -0.643783, 14.8392
float3(-0.152001, 2.30829, -1.58225)
1035266.909075
normal
simd_float4x4([[0.135422, -0.986288, -0.0943274, 0.0)], [-0.689287, -0.0253961, -0.724043, 0.0)], [0.711719, 0.16307, -0.683275, 0.0)], [8.23469, -0.626835, 14.9844, 1.0)]])
8.23469, -0.626835, 14.9844
float3(-0.163802, 2.33581, -1.59654)
1035267.12586454
normal
simd_float4x4([[0.10292, -0.979359, -0.173966, 0.0)], [-0.715152, 0.048703, -0.69727, 0.0)], [0.69135, 0.196176, -0.695378, 0.0)], [8.08217, -0.646255, 15.1583, 1.0)]])
8.08217, -0.646255, 15.1583
float3(-0.197456, 2.3591, -1.52111)
1035267.32597783
normal
simd_float4x4([[0.0984535, -0.984248, -0.146843, 0.0)], [-0.705785, 0.0349647, -0.707563, 0.0)], [0.701551, 0.173302, -0.691225, 0.0)], [7.925, -0.656008, 15.3272, 1.0)]])
7.925, -0.656008, 15.3272
float3(-0.174181, 2.34878, -1.53529)
1035267.54276717
normal
simd_float4x4([[0.103021, -0.982323, -0.156295, 0.0)], [-0.679734, 0.04519, -0.732065, 0.0)], [0.726187, 0.181658, -0.663063, 0.0)], [7.74989, -0.642219, 15.4981, 1.0)]])
7.74989, -0.642219, 15.4981
float3(-0.182672, 2.31079, -1.52483)
1035267.74288062
normal
simd_float4x4([[0.108694, -0.98286, -0.148902, 0.0)], [-0.685763, 0.0343038, -0.727016, 0.0)], [0.719663, 0.181133, -0.67028, 0.0)], [7.5756, -0.670371, 15.6529, 1.0)]])
7.5756, -0.670371, 15.6529
float3(-0.182138, 2.32068, -1.53591)
1035267.94299379
normal
simd_float4x4([[0.124569, -0.977962, -0.167552, 0.0)], [-0.696576, 0.0340589, -0.716674, 0.0)], [0.706586, 0.205988, -0.676982, 0.0)], [7.39036, -0.660441, 15.812, 1.0)]])
7.39036, -0.660441, 15.812
float3(-0.207473, 2.3348, -1.53598)
1035268.17645942
normal
simd_float4x4([[0.135372, -0.970455, -0.199729, 0.0)], [-0.708947, 0.0459479, -0.703764, 0.0)], [0.692148, 0.236867, -0.681781, 0.0)], [7.21526, -0.667008, 15.9979, 1.0)]])
7.21526, -0.667008, 15.9979
float3(-0.23914, 2.34865, -1.52348)
1035268.39324858
normal
simd_float4x4([[0.111447, -0.981698, -0.154432, 0.0)], [-0.699831, 0.0328022, -0.713555, 0.0)], [0.705561, 0.1876, -0.683367, 0.0)], [7.06, -0.683145, 16.1813, 1.0)]])
7.06, -0.683145, 16.1813
float3(-0.188718, 2.34022, -1.5374)
1035268.593362
normal
simd_float4x4([[0.182614, -0.968843, -0.167319, 0.0)], [-0.689357, -0.00482971, -0.724405, 0.0)], [0.701027, 0.247629, -0.668761, 0.0)], [6.89495, -0.676401, 16.3421, 1.0)]])
6.89495, -0.676401, 16.3421
float3(-0.250232, 2.33264, -1.57578)
1035268.79347538
normal
simd_float4x4([[0.209101, -0.967703, -0.14081, 0.0)], [-0.677361, -0.0394742, -0.734591, 0.0)], [0.705307, 0.248982, -0.663739, 0.0)], [6.7279, -0.697965, 16.4897, 1.0)]])
6.7279, -0.697965, 16.4897
float3(-0.251629, 2.32584, -1.61157)
1035269.01026467
normal
simd_float4x4([[0.175285, -0.967455, -0.182501, 0.0)], [-0.743042, -0.00838865, -0.669193, 0.0)], [0.645883, 0.252905, -0.72033, 0.0)], [6.54752, -0.688114, 16.6653, 1.0)]])
6.54752, -0.688114, 16.6653
float3(-0.255682, 2.41063, -1.57947)
1035269.21037804
normal
simd_float4x4([[0.130879, -0.975989, -0.174118, 0.0)], [-0.759054, 0.0143276, -0.65087, 0.0)], [0.637736, 0.21735, -0.738953, 0.0)], [6.40537, -0.67232, 16.7931, 1.0)]])
6.40537, -0.67232, 16.7931
float3(-0.219099, 2.42958, -1.55612)
1035269.42716733
normal
simd_float4x4([[0.128901, -0.974803, -0.182052, 0.0)], [-0.707668, 0.0381827, -0.705513, 0.0)], [0.694687, 0.219774, -0.684915, 0.0)], [6.2323, -0.702544, 16.9393, 1.0)]])
6.2323, -0.702544, 16.9393
float3(-0.221583, 2.34911, -1.53165)
1035269.62728042
normal
simd_float4x4([[0.179834, -0.970531, -0.160406, 0.0)], [-0.601881, 0.0204194, -0.798325, 0.0)], [0.778074, 0.240112, -0.580472, 0.0)], [6.05588, -0.704422, 17.0678, 1.0)]])
6.05588, -0.704422, 17.0678
float3(-0.242481, 2.21176, -1.54976)
1035269.82739392
normal
simd_float4x4([[0.211531, -0.967271, -0.140145, 0.0)], [-0.529689, 0.00705061, -0.848163, 0.0)], [0.821392, 0.253646, -0.510861, 0.0)], [5.88684, -0.705878, 17.1733, 1.0)]])
5.88684, -0.705878, 17.1733
float3(-0.256448, 2.1272, -1.56351)
1035270.04418321
normal
simd_float4x4([[0.186305, -0.974157, -0.127702, 0.0)], [-0.503999, 0.0168131, -0.86354, 0.0)], [0.843371, 0.225243, -0.487842, 0.0)], [5.70774, -0.724743, 17.277, 1.0)]])
5.70774, -0.724743, 17.277
float3(-0.227193, 2.09521, -1.55354)
1035270.26097267
normal
simd_float4x4([[0.155316, -0.983751, -0.090055, 0.0)], [-0.477445, 0.00505384, -0.878647, 0.0)], [0.864825, 0.179464, -0.468903, 0.0)], [5.51811, -0.694772, 17.343, 1.0)]])
5.51811, -0.694772, 17.343
float3(-0.180442, 2.06763, -1.56566)
1035270.46108583
normal
simd_float4x4([[0.161155, -0.981264, -0.105589, 0.0)], [-0.399708, 0.0329269, -0.916051, 0.0)], [0.902365, 0.189831, -0.386913, 0.0)], [5.35308, -0.693025, 17.3903, 1.0)]])
5.35308, -0.693025, 17.3903
float3(-0.19099, 1.97586, -1.53725)
1035270.66119912
normal
simd_float4x4([[0.130988, -0.987498, -0.0876956, 0.0)], [-0.327522, 0.0403864, -0.94398, 0.0)], [0.93572, 0.152372, -0.318137, 0.0)], [5.17471, -0.719726, 17.4483, 1.0)]])
5.17471, -0.719726, 17.4483
float3(-0.152968, 1.89853, -1.52992)
1035270.87798846
normal
simd_float4x4([[0.132069, -0.990222, -0.0449272, 0.0)], [-0.243402, 0.01154, -0.969857, 0.0)], [0.960892, 0.139024, -0.239498, 0.0)], [4.96113, -0.734059, 17.5071, 1.0)]])
4.96113, -0.734059, 17.5071
float3(-0.139475, 1.81506, -1.55914)
1035271.07810171
normal
simd_float4x4([[0.176842, -0.984233, -0.00360823, 0.0)], [-0.187145, -0.0300256, -0.981873, 0.0)], [0.966284, 0.174312, -0.189504, 0.0)], [4.75561, -0.743268, 17.5374, 1.0)]])
4.75561, -0.743268, 17.5374
float3(-0.175207, 1.76445, -1.60129)
1035271.29489113
normal
simd_float4x4([[0.143015, -0.989606, -0.0150748, 0.0)], [-0.210345, -0.0155081, -0.977504, 0.0)], [0.96711, 0.142969, -0.210377, 0.0)], [4.53898, -0.753678, 17.5802, 1.0)]])
4.53898, -0.753678, 17.5802
float3(-0.143461, 1.78499, -1.58647)
1035271.51168037
normal
simd_float4x4([[0.131443, -0.99121, -0.0150475, 0.0)], [-0.2276, -0.0154011, -0.973633, 0.0)], [0.964842, 0.131402, -0.227624, 0.0)], [4.34523, -0.727196, 17.6165, 1.0)]])
4.34523, -0.727196, 17.6165
float3(-0.131783, 1.80248, -1.58633)
1035271.72846975
normal
simd_float4x4([[0.113251, -0.991502, -0.0640092, 0.0)], [-0.236379, 0.0356865, -0.971005, 0.0)], [0.965038, 0.125097, -0.230329, 0.0)], [4.15721, -0.740973, 17.6701, 1.0)]])
4.15721, -0.740973, 17.6701
float3(-0.125426, 1.80509, -1.53482)
1035271.94525912
normal
simd_float4x4([[0.10369, -0.992933, -0.0577302, 0.0)], [-0.221788, 0.0334987, -0.974519, 0.0)], [0.969566, 0.113852, -0.216748, 0.0)], [3.94583, -0.748396, 17.7371, 1.0)]])
3.94583, -0.748396, 17.7371
float3(-0.114099, 1.79073, -1.53707)
1035272.16204846
normal
simd_float4x4([[0.153287, -0.985433, -0.0736599, 0.0)], [-0.195294, 0.0428609, -0.979808, 0.0)], [0.968692, 0.164577, -0.185879, 0.0)], [3.72982, -0.742585, 17.789, 1.0)]])
3.72982, -0.742585, 17.789
float3(-0.165329, 1.76038, -1.52733)
1035272.37883775
normal
simd_float4x4([[0.137039, -0.989377, -0.0485092, 0.0)], [-0.223146, 0.0168785, -0.974639, 0.0)], [0.965104, 0.144389, -0.218463, 0.0)], [3.52398, -0.770354, 17.8356, 1.0)]])
3.52398, -0.770354, 17.8356
float3(-0.144895, 1.79341, -1.55374)
1035272.57895113
normal
simd_float4x4([[0.153029, -0.985568, -0.0723716, 0.0)], [-0.26878, 0.0289636, -0.962766, 0.0)], [0.950968, 0.166783, -0.260469, 0.0)], [3.33637, -0.770087, 17.877, 1.0)]])
3.33637, -0.770087, 17.877
float3(-0.167567, 1.83814, -1.54142)
1035272.77906425
normal
simd_float4x4([[0.160194, -0.98123, -0.107355, 0.0)], [-0.312869, 0.0526777, -0.948335, 0.0)], [0.93619, 0.185505, -0.298558, 0.0)], [3.18301, -0.767186, 17.934, 1.0)]])
3.18301, -0.767186, 17.934
float3(-0.186586, 1.87951, -1.51716)
1035272.99585367
normal
simd_float4x4([[0.125615, -0.985679, -0.11251, 0.0)], [-0.351694, 0.0617994, -0.934073, 0.0)], [0.927649, 0.156902, -0.338895, 0.0)], [3.02586, -0.781541, 18.0224, 1.0)]])
3.02586, -0.781541, 18.0224
float3(-0.157553, 1.92106, -1.50818)
1035273.19596683
normal
simd_float4x4([[0.122337, -0.987824, -0.0961066, 0.0)], [-0.364654, 0.0453243, -0.93004, 0.0)], [0.923072, 0.148824, -0.354669, 0.0)], [2.89054, -0.777682, 18.1239, 1.0)]])
2.89054, -0.777682, 18.1239
float3(-0.149378, 1.93763, -1.52495)
1035273.39608017
normal
simd_float4x4([[0.126846, -0.987198, -0.0966994, 0.0)], [-0.420063, 0.0348525, -0.906825, 0.0)], [0.898586, 0.155647, -0.410264, 0.0)], [2.77764, -0.770506, 18.2134, 1.0)]])
2.77764, -0.770506, 18.2134
float3(-0.156282, 1.9991, -1.53551)
1035273.61284696
normal
simd_float4x4([[0.0944014, -0.989916, -0.105615, 0.0)], [-0.586615, 0.0304032, -0.809295, 0.0)], [0.804345, 0.138354, -0.577829, 0.0)], [2.66232, -0.779201, 18.3335, 1.0)]])
2.66232, -0.779201, 18.3335
float3(-0.138799, 2.19375, -1.54009)
1035273.82949083
normal
simd_float4x4([[0.0847517, -0.983987, -0.1568, 0.0)], [-0.780635, 0.0322234, -0.624156, 0.0)], [0.619214, 0.175302, -0.765404, 0.0)], [2.5669, -0.777427, 18.4754, 1.0)]])
2.5669, -0.777427, 18.4754
float3(-0.176212, 2.46139, -1.53806)
1035274.04613454
normal
simd_float4x4([[0.0325449, -0.96949, -0.242961, 0.0)], [-0.934048, 0.0570015, -0.35257, 0.0)], [0.355662, 0.238412, -0.903695, 0.0)], [2.55144, -0.783176, 18.6206, 1.0)]])
2.55144, -0.783176, 18.6206
float3(-0.24073, 2.76665, -1.51207)
1035274.26277846
normal
simd_float4x4([[-0.0209766, -0.976971, -0.212338, 0.0)], [-0.986282, 0.055003, -0.155636, 0.0)], [0.163731, 0.20616, -0.964723, 0.0)], [2.59296, -0.795738, 18.7483, 1.0)]])
2.59296, -0.795738, 18.7483
float3(-0.207649, 2.97348, -1.51456)
1035274.47942237
normal
simd_float4x4([[-0.0211524, -0.979755, -0.199081, 0.0)], [-0.995587, 0.0388528, -0.0854283, 0.0)], [0.0914337, 0.196396, -0.976252, 0.0)], [2.59678, -0.78153, 18.9075, 1.0)]])
2.59678, -0.78153, 18.9075
float3(-0.197681, 3.04821, -1.53116)
1035274.67952442
normal
simd_float4x4([[-0.0351372, -0.980294, -0.194394, 0.0)], [-0.998507, 0.0425734, -0.0342071, 0.0)], [0.0418091, 0.192902, -0.980327, 0.0)], [2.58462, -0.76837, 19.073, 1.0)]])
2.58462, -0.76837, 19.073
float3(-0.194118, 3.09897, -1.52739)
1035274.89631367
normal
simd_float4x4([[-0.035875, -0.98422, -0.173273, 0.0)], [-0.996939, 0.0231954, 0.0746561, 0.0)], [-0.0694589, 0.175421, -0.98204, 0.0)], [2.59411, -0.776618, 19.2835, 1.0)]])
2.59411, -0.776618, 19.2835
float3(-0.176333, -3.07098, -1.54723)
1035275.09642687
normal
simd_float4x4([[-0.0478873, -0.987321, -0.151338, 0.0)], [-0.978639, 0.0160503, 0.204956, 0.0)], [-0.199929, 0.15792, -0.967, 0.0)], [2.61283, -0.769503, 19.4793, 1.0)]])
2.61283, -0.769503, 19.4793
float3(-0.158584, -2.93771, -1.55454)
1035275.31321608
normal
simd_float4x4([[-0.114982, -0.979693, -0.164257, 0.0)], [-0.94302, 0.0556774, 0.328045, 0.0)], [-0.312238, 0.192617, -0.930272, 0.0)], [2.671, -0.760484, 19.6601, 1.0)]])
2.671, -0.760484, 19.6601
float3(-0.193828, -2.81777, -1.51403)
1035275.51332929
normal
simd_float4x4([[-0.154074, -0.978081, -0.140066, 0.0)], [-0.926473, 0.0937461, 0.364499, 0.0)], [-0.343379, 0.185927, -0.92061, 0.0)], [2.73784, -0.776121, 19.8101, 1.0)]])
2.73784, -0.776121, 19.8101
float3(-0.187015, -2.78458, -1.47524)
1035275.7134425
normal
simd_float4x4([[-0.133473, -0.979259, -0.152434, 0.0)], [-0.927885, 0.069445, 0.366343, 0.0)], [-0.348159, 0.190338, -0.917909, 0.0)], [2.81093, -0.780845, 19.9682, 1.0)]])
2.81093, -0.780845, 19.9682
float3(-0.191507, -2.77906, -1.5)
1035275.93023175
normal
simd_float4x4([[-0.119373, -0.973547, -0.194822, 0.0)], [-0.92772, 0.0394744, 0.371182, 0.0)], [-0.353673, 0.22505, -0.907892, 0.0)], [2.88391, -0.774448, 20.1306, 1.0)]])
2.88391, -0.774448, 20.1306
float3(-0.226994, -2.77012, -1.53027)
1035276.130345
normal
simd_float4x4([[-0.117406, -0.977603, -0.174667, 0.0)], [-0.912128, 0.036598, 0.408269, 0.0)], [-0.392733, 0.207252, -0.895996, 0.0)], [2.95401, -0.789728, 20.2938, 1.0)]])
2.95401, -0.789728, 20.2938
float3(-0.208765, -2.72849, -1.53338)
1035276.34713412
normal
simd_float4x4([[-0.107851, -0.978314, -0.176835, 0.0)], [-0.883238, 0.0126407, 0.468754, 0.0)], [-0.456353, 0.206743, -0.865447, 0.0)], [3.01971, -0.787684, 20.5007, 1.0)]])
3.01971, -0.787684, 20.5007
float3(-0.208245, -2.65634, -1.55788)
1035276.54724742
normal
simd_float4x4([[-0.145053, -0.974687, -0.170131, 0.0)], [-0.880537, 0.0487478, 0.471464, 0.0)], [-0.451236, 0.218194, -0.865319, 0.0)], [3.0792, -0.772991, 20.6769, 1.0)]])
3.0792, -0.772991, 20.6769
float3(-0.219963, -2.66092, -1.52082)
1035276.74736062
normal
simd_float4x4([[-0.125282, -0.981381, -0.145585, 0.0)], [-0.904131, 0.0525193, 0.424015, 0.0)], [-0.408475, 0.184749, -0.893877, 0.0)], [3.13594, -0.785266, 20.8538, 1.0)]])
3.13594, -0.785266, 20.8538
float3(-0.185817, -2.71296, -1.51733)
1035276.98082575
normal
simd_float4x4([[-0.0887511, -0.984855, -0.148945, 0.0)], [-0.941026, 0.0338904, 0.336634, 0.0)], [-0.326488, 0.170037, -0.929781, 0.0)], [3.20677, -0.783373, 21.0753, 1.0)]])
3.20677, -0.783373, 21.0753
float3(-0.170868, -2.8039, -1.5364)
1035277.19761517
normal
simd_float4x4([[-0.0656747, -0.981374, -0.180533, 0.0)], [-0.956102, 0.0101092, 0.29286, 0.0)], [-0.28558, 0.191841, -0.938958, 0.0)], [3.25231, -0.783374, 21.276, 1.0)]])
3.25231, -0.783374, 21.276
float3(-0.193038, -2.84634, -1.5605)
1035277.39772821
normal
simd_float4x4([[-0.0633495, -0.987999, -0.14087, 0.0)], [-0.962503, 0.0231783, 0.270277, 0.0)], [-0.263769, 0.15271, -0.952421, 0.0)], [3.28419, -0.800417, 21.4537, 1.0)]])
3.28419, -0.800417, 21.4537
float3(-0.15331, -2.87142, -1.54734)
1035277.59784142
normal
simd_float4x4([[-0.0616818, -0.986131, -0.154082, 0.0)], [-0.958898, 0.0157108, 0.283315, 0.0)], [-0.276965, 0.165224, -0.946568, 0.0)], [3.30968, -0.783192, 21.6255, 1.0)]])
3.30968, -0.783192, 21.6255
float3(-0.165985, -2.85694, -1.55487)
1035277.81463058
normal
simd_float4x4([[-0.0818236, -0.986694, -0.140497, 0.0)], [-0.955321, 0.0374746, 0.293186, 0.0)], [-0.28402, 0.158209, -0.945676, 0.0)], [3.36303, -0.790377, 21.7932, 1.0)]])
3.36303, -0.790377, 21.7932
float3(-0.158877, -2.84983, -1.53283)
1035278.01474396
normal
simd_float4x4([[-0.0422754, -0.994041, -0.10048, 0.0)], [-0.966534, 0.0152198, 0.256086, 0.0)], [-0.253031, 0.107943, -0.961417, 0.0)], [3.4205, -0.802801, 21.9847, 1.0)]])
3.4205, -0.802801, 21.9847
float3(-0.108154, -2.88424, -1.55549)
1035278.21485704
normal
simd_float4x4([[-0.0396562, -0.992728, -0.113663, 0.0)], [-0.969509, 0.0106976, 0.244822, 0.0)], [-0.241826, 0.119906, -0.962883, 0.0)], [3.47185, -0.788403, 22.1801, 1.0)]])
3.47185, -0.788403, 22.1801
float3(-0.120195, -2.89553, -1.56002)
1035278.44832237
normal
simd_float4x4([[-0.0120045, -0.991804, -0.127205, 0.0)], [-0.973349, -0.0175456, 0.228657, 0.0)], [-0.229015, 0.12656, -0.96516, 0.0)], [3.50742, -0.804116, 22.4026, 1.0)]])
3.50742, -0.804116, 22.4026
float3(-0.1269, -2.90862, -1.58849)
1035278.66511162
normal
simd_float4x4([[-0.0381651, -0.986227, -0.160932, 0.0)], [-0.968246, -0.00332174, 0.249976, 0.0)], [-0.247068, 0.165362, -0.954784, 0.0)], [3.53869, -0.808551, 22.6221, 1.0)]])
3.53869, -0.808551, 22.6221
float3(-0.166125, -2.88838, -1.57416)
1035278.86522471
normal
simd_float4x4([[-0.0395586, -0.986278, -0.160286, 0.0)], [-0.959659, -0.00718822, 0.281075, 0.0)], [-0.27837, 0.164939, -0.946206, 0.0)], [3.57831, -0.803101, 22.7982, 1.0)]])
3.57831, -0.803101, 22.7982
float3(-0.165696, -2.85547, -1.57808)
1035279.06533788
normal
simd_float4x4([[-0.0636538, -0.9883, -0.138606, 0.0)], [-0.958819, 0.0220426, 0.28316, 0.0)], [-0.276792, 0.150923, -0.949004, 0.0)], [3.63351, -0.818655, 22.969, 1.0)]])
3.63351, -0.818655, 22.969
float3(-0.151502, -2.8578, -1.5485)
1035279.28212733
normal
simd_float4x4([[-0.0446402, -0.985179, -0.16562, 0.0)], [-0.970044, 0.00311881, 0.242907, 0.0)], [-0.23879, 0.171503, -0.955806, 0.0)], [3.69602, -0.817764, 23.1774, 1.0)]])
3.69602, -0.817764, 23.1774
float3(-0.172355, -2.89677, -1.56763)
1035279.48224046
normal
simd_float4x4([[-0.0420183, -0.982291, -0.18259, 0.0)], [-0.977116, 0.00226129, 0.212693, 0.0)], [-0.208513, 0.187348, -0.959908, 0.0)], [3.74118, -0.81287, 23.3624, 1.0)]])
3.74118, -0.81287, 23.3624
float3(-0.188462, -2.92769, -1.56849)
1035279.68235346
normal
simd_float4x4([[-0.025306, -0.988883, -0.146523, 0.0)], [-0.97502, -0.00793868, 0.221973, 0.0)], [-0.220669, 0.148481, -0.963981, 0.0)], [3.77333, -0.833227, 23.5465, 1.0)]])
3.77333, -0.833227, 23.5465
float3(-0.149032, -2.91656, -1.57882)
1035279.93249488
normal
simd_float4x4([[-0.0230986, -0.988109, -0.152007, 0.0)], [-0.964372, -0.0180589, 0.263933, 0.0)], [-0.26354, 0.152688, -0.952488, 0.0)], [3.8183, -0.811477, 23.7863, 1.0)]])
3.8183, -0.811477, 23.7863
float3(-0.153288, -2.87166, -1.58907)
1035280.14928392
normal
simd_float4x4([[-0.0746502, -0.988569, -0.130995, 0.0)], [-0.955564, 0.0333469, 0.292892, 0.0)], [-0.285175, 0.147038, -0.94713, 0.0)], [3.88713, -0.816553, 23.9757, 1.0)]])
3.88713, -0.816553, 23.9757
float3(-0.147573, -2.84913, -1.53708)
1035280.36607325
normal
simd_float4x4([[-0.0532786, -0.992605, -0.109073, 0.0)], [-0.962543, 0.0219699, 0.270238, 0.0)], [-0.265843, 0.119385, -0.956595, 0.0)], [3.95858, -0.825377, 24.1918, 1.0)]])
3.95858, -0.825377, 24.1918
float3(-0.11967, -2.87053, -1.54867)
1035280.58286246
normal
simd_float4x4([[-0.0375819, -0.989779, -0.13757, 0.0)], [-0.967171, 0.00140267, 0.254124, 0.0)], [-0.251333, 0.142604, -0.957338, 0.0)], [4.02513, -0.81322, 24.4036, 1.0)]])
4.02513, -0.81322, 24.4036
float3(-0.143092, -2.88485, -1.56938)
1035280.78297558
normal
simd_float4x4([[-0.0272603, -0.990025, -0.138231, 0.0)], [-0.962111, -0.0115438, 0.272414, 0.0)], [-0.271292, 0.14042, -0.952199, 0.0)], [4.08156, -0.834141, 24.5958, 1.0)]])
4.08156, -0.834141, 24.5958
float3(-0.140886, -2.86404, -1.58246)
1035280.98308871
normal
simd_float4x4([[-0.0375504, -0.990145, -0.134917, 0.0)], [-0.945593, -0.0084564, 0.325241, 0.0)], [-0.323177, 0.139789, -0.935957, 0.0)], [4.13243, -0.834451, 24.7908, 1.0)]])
4.13243, -0.834451, 24.7908
float3(-0.140249, -2.80912, -1.57934)
1035281.19987788
normal
simd_float4x4([[-0.0571044, -0.988783, -0.138015, 0.0)], [-0.92996, 0.00239014, 0.367652, 0.0)], [-0.363198, 0.149343, -0.919665, 0.0)], [4.20261, -0.821903, 24.9661, 1.0)]])
4.20261, -0.821903, 24.9661
float3(-0.149904, -2.76547, -1.56838)
1035281.39994617
normal
simd_float4x4([[-0.0695003, -0.99003, -0.122515, 0.0)], [-0.925271, 0.0180686, 0.378877, 0.0)], [-0.372886, 0.139692, -0.917302, 0.0)], [4.28449, -0.833945, 25.127, 1.0)]])
4.28449, -0.833945, 25.127
float3(-0.14015, -2.75549, -1.55255)
