USER POSITION
513174.529417	6.16432923552	17.6171991307
513174.629473	6.16323912773	17.6124913432
513174.72953	6.16360457848	17.6113519869
513174.829586	6.15393671838	17.6013965299
513174.929643	6.15122403897	17.6006871353
513175.029699	6.15095067657	17.6001921754
513175.129756	6.15054869055	17.5987261384
513175.229812	6.15075245	17.5961249593
513175.329869	6.15124070361	17.5928110328
513175.429925	6.15088689464	17.5903589141
513175.529982	6.1514390329	17.5902147268
513175.630038	6.1540425301	17.5915677474
513175.730095	6.15621577171	17.5948157105
513175.830151	6.1610413639	17.5993212774
513175.930208	6.16619633782	17.6011450907
513176.030264	6.17775062809	17.6047070543
513176.130321	6.19026809098	17.6108843115
513176.230377	6.20190200921	17.6159260739
513176.330434	6.21292485275	17.6212888357
513176.43049	6.21961889924	17.6264617915
513176.530547	6.22583925257	17.6318650633
513176.630603	6.230356389	17.6369287296
513176.73066	6.2345627083	17.643268576
513176.830716	6.236637474	17.6469129853
513176.930773	6.23698782938	17.6538762023
513177.030829	6.23908760185	17.6592156914
513177.130885	6.23878208463	17.6602870248
513177.230942	6.23974466826	17.660464241
513177.330998	6.24619787565	17.6534413185
513177.431055	6.25163868195	17.642686601
513177.531112	6.26422505255	17.6298503675
513177.631168	6.274916219	17.6174600217
513177.731225	6.28623575432	17.6009996187
513177.831281	6.29713528451	17.5807031904
513177.931338	6.30670357519	17.5568317048
513178.031394	6.32015482049	17.5287234873
513178.131451	6.33578744231	17.4964602753
513178.231507	6.35337706525	17.4612469442
513178.331564	6.37517420581	17.4222325274
513178.43162	6.39731391327	17.3818636129
513178.531677	6.41753168923	17.3415836488
513178.631733	6.43506391995	17.3025766311
513178.731789	6.44934111901	17.2691132881
513178.831846	6.46461574708	17.2466853616
513178.931903	6.48194371488	17.2257610551
513179.031959	6.49854838361	17.2175806076
513179.132015	6.50828645252	17.2259338861
513179.232072	6.51298315943	17.2499742037
513179.332128	6.51082918833	17.2856855611
513179.432185	6.50670207778	17.3258844605
513179.532241	6.50142995962	17.3651643482
513179.632298	6.49561462244	17.3991521743
513179.732355	6.48789283086	17.4254269797
513179.832411	6.47960571454	17.4540421348
513179.932468	6.47545220866	17.4668453823
513180.032524	6.47385711205	17.4766972135
513180.132581	6.47461358294	17.4848581433
513180.232637	6.48154674858	17.4939493151
513180.332694	6.48586764393	17.4938515997
513180.43275	6.49270521451	17.4882363436
513180.532806	6.50122710569	17.4716999943
513180.632863	6.5141796886	17.4516378247
513180.732919	6.53015921569	17.4338848506
513180.832976	6.54011215403	17.4216151967
513180.933032	6.54529797401	17.4182886564
513181.033089	6.54022563965	17.4276469933
513181.133145	6.52332900144	17.4473662115
513181.233202	6.50524284498	17.465929571
513181.333258	6.48492523749	17.4798653733
513181.433315	6.46604494886	17.490413017
513181.533371	6.45531667652	17.5007253076
513181.633428	6.44836127721	17.5077282509
513181.733484	6.4485956907	17.5148061768
513181.833541	6.45162242943	17.5213587309
513181.933598	6.45906109056	17.5238053271
513182.033654	6.47168952005	17.5314209341
513182.133711	6.48605358999	17.540655569
513182.233767	6.50184763628	17.5408266597
513182.333823	6.52494985912	17.54979512
513182.43388	6.54835341831	17.5483553081
513182.533936	6.56099545261	17.5420615098
513182.633993	6.57853907043	17.5279872346
513182.734049	6.59744291129	17.4989235136
513182.834106	6.61701914079	17.4631418693
513182.934162	6.63379763829	17.4444458192
513183.034219	6.64081269451	17.4402919119
513183.134275	6.65100200376	17.4511274851
513183.234332	6.65175592816	17.4587890362
513183.334388	6.66009903297	17.4656928982
513183.434445	6.66203971046	17.4695230237
513183.534501	6.6644389633	17.4734811712
513183.634558	6.67076345835	17.4748366509
513183.734614	6.67678491926	17.4639043879
513183.834671	6.69938549276	17.4632078775
513183.934727	6.72039104292	17.4601986652
513184.034784	6.74218967131	17.464323204
513184.13484	6.76138940484	17.4586704738
513184.234897	6.77836883549	17.4497889195
513184.334954	6.7964766008	17.4449574108
513184.43501	6.80954526004	17.4417699917
513184.535066	6.82574576031	17.4389768346
513184.635123	6.84461258832	17.4383986187
513184.735179	6.86333714295	17.4377278596
513184.835236	6.88744513135	17.4422961941
513184.935292	6.90697704482	17.4438749143
513185.035349	6.92498621216	17.4478737427
513185.135405	6.93872120606	17.451213658
513185.235462	6.94817180987	17.4583144734
513185.335518	6.96122256244	17.4545148678
513185.435575	6.97532519852	17.4558459349
513185.535631	6.99008832682	17.4578497033
513185.635688	7.00906144091	17.4669981022
513185.735744	7.03248175516	17.4714679785
513185.835801	7.06612904992	17.4875932866
513185.935857	7.12355868232	17.5069234092
513186.035914	7.17882250007	17.515656736
513186.13597	7.24694070356	17.5281819452
513186.236027	7.34045717201	17.5339356251
513186.336083	7.4070671125	17.5259076196
513186.43614	7.27204770387	17.4293761935
513186.536196	7.08402780224	17.3201763429
513186.636253	7.11281544978	17.2459375473
513186.736309	7.20310650566	17.2438381051
513186.836366	7.19170426078	17.22575588
513186.936422	7.21454781874	17.2560687994
513187.036479	7.12675593212	17.2740953213
513187.136535	7.09588431084	17.3036935136
513187.236592	7.05169070997	17.3377409212
513187.336648	7.06912497868	17.3661473681
513187.436705	7.01446514801	17.3922987623
513187.536761	6.97260109367	17.4039235833
513187.636818	6.93984784806	17.4087880613
513187.736874	6.90565635404	17.4121471118
513187.836931	6.90717450002	17.419665798
513187.936987	6.90257431857	17.4238851349
513188.037044	6.89799410614	17.4299277835
513188.1371	6.89435988443	17.430313136
513188.237157	6.89053637022	17.4300072761
513188.337213	6.88040339293	17.4306657276
513188.43727	6.86580336774	17.4344803973
513188.537326	6.84689038139	17.4346455264
513188.637383	6.82848414185	17.4355576209
513188.737439	6.81532340138	17.4407716807
513188.837496	6.80338286087	17.4371124273
513188.937552	6.79202310457	17.425212261
513189.037609	6.78328541117	17.4052623919
513189.137665	6.77745656238	17.3803948587
513189.237722	6.77444567276	17.3466258734
513189.337778	6.78327208827	17.2946702105
513189.437835	6.80386567431	17.2332140844
513189.537891	6.81675132759	17.1792415391
513189.637948	6.82755688983	17.144669731
513189.738004	6.83606342797	17.1209531371
513189.838061	6.83707749724	17.1078469278
513189.938117	6.83537005372	17.101234925
513190.038174	6.83173871635	17.1005541534
513190.13823	6.82830708845	17.1101485033
513190.238287	6.81496183901	17.1148731865
513190.338343	6.80870474016	17.1120462365
513190.4384	6.80163036646	17.0972555154
513190.538456	6.79955199035	17.0729875275
513190.638513	6.79224157812	17.0496597922
513190.738569	6.78348707513	17.0281785893
513190.838626	6.77533335968	17.0115511522
513190.938682	6.77695663652	17.0001569839
513191.038739	6.77445547026	16.991460956
513191.138795	6.77577382502	16.9869431647
513191.238852	6.77848415245	16.993061901
513191.338908	6.77987863186	17.0097932473
513191.438965	6.78086880413	17.0371261946
513191.539021	6.77791560431	17.0800197999
513191.639078	6.76725058742	17.1255813801
513191.739134	6.75796631838	17.1644472734
513191.839191	6.74995896199	17.1903939423
513191.939247	6.75084283017	17.2100219543
513192.039304	6.75644882768	17.213077675
513192.13936	6.76357208616	17.218223115
513192.239417	6.77216488652	17.2234974994
513192.339473	6.77660816718	17.2288540979
513192.43953	6.78412298161	17.2379195875
513192.539586	6.79019992948	17.2443609921
513192.639643	6.79379127642	17.2506273652
513192.739699	6.79504625841	17.2544273418
513192.839756	6.79311886561	17.2551488195
513192.939812	6.7936420998	17.2580934814
513193.039869	6.79478961593	17.2571578604
513193.139925	6.7952735709	17.2616351224
513193.239982	6.80238043029	17.2642652392
513193.340038	6.80595751436	17.2642563386
513193.440095	6.81070582807	17.2589196298
513193.540151	6.81946994818	17.2593874983
513193.640208	6.82813481554	17.2640763551
513193.740264	6.83756457811	17.2672524725
513193.840321	6.84751949072	17.2730490745
513193.940377	6.85953358949	17.2757087108
513194.040434	6.87086198596	17.2841857268
513194.14049	6.87832168753	17.284598327
513194.240547	6.88231317258	17.2863715042
513194.340603	6.88571043201	17.2898462067
513194.44066	6.89176706737	17.2963419238
513194.540716	6.89819015775	17.2989327431
513194.640773	6.90734338905	17.2978760543
513194.740829	6.91572783866	17.3015862222
513194.840886	6.92568151858	17.3014718334
513194.940942	6.93547265875	17.2977627006
513195.040999	6.94762751512	17.2994713126
513195.141055	6.95959818112	17.3008002212
513195.241112	6.97538999964	17.305713244
513195.341168	6.98785547055	17.3104059377
513195.441225	7.01013778252	17.3053990076
513195.541281	7.02728990516	17.3068976226
513195.641338	7.03561043046	17.3092564403
513195.741394	7.04549629192	17.3171672537
513195.841451	7.04559612621	17.313096735
513195.941507	7.06280318159	17.3120767083
513196.041564	7.09847161928	17.3185369658
513196.14162	7.14175285502	17.3170292709
513196.241677	7.19129362066	17.3096753658
513196.341733	7.25493784561	17.2972974628
513196.44179	7.33578667283	17.275559767
513196.541846	7.43883814701	17.2373415509
513196.641903	7.55139997758	17.190537121
513196.741959	7.63737849664	17.1594833173
513196.842016	7.72495818371	17.1293469308
513196.942072	7.82002146296	17.1018235249
513197.042129	7.92440720233	17.0836801703
513197.142185	8.06857545257	17.0614075594
513197.242242	8.21206815271	17.0406726601
513197.342298	8.31600961038	17.0133762274
513197.442355	8.42391179818	16.9863987633
513197.542411	8.53948461396	16.9548616169
513197.642468	8.66932278063	16.9114898844
513197.742524	8.7893461047	16.8579323162
513197.842581	8.8856081277	16.8409851173
513197.942637	8.9863062531	16.8115720241
513198.042694	9.08587610291	16.7944518199
513198.14275	9.20230998284	16.7901388593
513198.242807	9.34515216777	16.7867874888
513198.342863	9.44826899923	16.7864587482
513198.44292	9.54994723709	16.7759697429
513198.542976	9.65922772527	16.7580171186
513198.643033	9.77746666259	16.7368700436
513198.743089	9.90538760214	16.6967441584
513198.843146	9.99888865483	16.6816091953
513198.943202	10.0943554131	16.6827739287
513199.043259	10.1939815205	16.6730496852
513199.143315	10.2912946421	16.6812879658
513199.243372	10.418499497	16.7064214908
513199.343428	10.5444895502	16.737630723
513199.443485	10.6329445627	16.7488745206
513199.543541	10.7272116004	16.7539504285
513199.643598	10.8314839635	16.7541451212
513199.743654	10.9503852035	16.7427934256
513199.843711	11.0769495816	16.7211060397
513199.943767	11.16659431	16.7265790886
513200.043824	11.2575276166	16.733276219
513200.14388	11.3501550629	16.7370166059
513200.243937	11.4386403136	16.7567033633
513200.343993	11.5664337434	16.7872821562
513200.444049	11.6683699858	16.814626841
513200.544106	11.7517403394	16.8251989477
513200.644163	11.8439942996	16.8311157742
513200.744219	11.9445260766	16.8412899529
513200.844275	12.0572326168	16.8359670209
513200.944332	12.1836695857	16.8162000234
513201.044388	12.272116662	16.8155957047
513201.144445	12.3575367249	16.8180083695
513201.244501	12.4450141645	16.8170930769
513201.344558	12.5348093139	16.8320474888
513201.444614	12.6520759712	16.8552264467
513201.544671	12.7604342092	16.8705945554
513201.644727	12.8423389565	16.8732820951
513201.744784	12.9340689888	16.8784230352
513201.84484	13.030963153	16.875428464
513201.944897	13.1433267769	16.8678108188
513202.044953	13.2658342737	16.8465200927
513202.14501	13.3463856343	16.8391041902
513202.245066	13.4307861843	16.8404134088
513202.345123	13.5154328037	16.8438720111
513202.445179	13.5996338109	16.854038514
513202.545236	13.7249522481	16.8758282847
513202.645292	13.8275137825	16.8927376683
513202.745349	13.9049781108	16.8925017889
513202.845405	13.9946762253	16.8931067275
513202.945462	14.0901691925	16.8884999693
513203.045518	14.1970933502	16.8651408277
513203.145575	14.3201154207	16.8394749771
513203.245631	14.4046363366	16.8391599077
513203.345688	14.4922499102	16.8380658203
513203.445744	14.5854035179	16.8356008132
513203.545801	14.6797591188	16.8468707328
513203.645857	14.8103761643	16.869161752
513203.745914	14.9237871966	16.8941937765
513203.84597	15.0164396473	16.9049885334
513203.946027	15.1138943869	16.9088818252
513204.046083	15.2212245973	16.9101513645
513204.14614	15.3367989258	16.8972605536
513204.246196	15.4753281259	16.8811618045
513204.346253	15.5706148246	16.8772615541
513204.446309	15.6620431513	16.8788438184
513204.546366	15.7533616263	16.8700513088
513204.646422	15.84872861	16.8766755848
513204.746479	15.9661086761	16.8896206755
513204.846535	16.0569675382	16.8978075903
513204.946591	16.134963112	16.9033499614
513205.046648	16.2143578059	16.9046571272
513205.146704	16.3038768433	16.9024047188
513205.246761	16.4073252494	16.8834357084
513205.346817	16.5328197514	16.8666665528
513205.446874	16.6185291472	16.8649587825
513205.54693	16.7055020266	16.8675291202
513205.646987	16.7937937653	16.8661929748
513205.747043	16.8836778575	16.8777205968
513205.8471	17.0081062868	16.8963203384
513205.947156	17.1107859702	16.9132603946
513206.047213	17.1905726843	16.9226067656
513206.147269	17.2734068504	16.9258123601
513206.247326	17.3651534176	16.9291649416
513206.347382	17.4680112884	16.9173740415
513206.447439	17.5855179277	16.8982137669
513206.547495	17.6693712274	16.8935586065
513206.647552	17.7528840375	16.8922852455
513206.747608	17.8342358419	16.8854994936
513206.847665	17.9176130264	16.8893031106
513206.947721	18.0334334667	16.9019863477
513207.047777	18.1357965509	16.9134950352
513207.147834	18.2078541029	16.9221467465
513207.247891	18.289662743	16.9300459427
513207.347947	18.377829316	16.9389693896
513207.448003	18.4882312317	16.9394036883
513207.54806	18.6134966534	16.9407766501
513207.648116	18.7086963438	16.935927016
513207.748173	18.7872526787	16.9448354747
513207.848229	18.8629880135	16.9447423582
513207.948286	18.9340712745	16.9524978792
513208.048342	19.0380948264	16.9710394713
513208.148399	19.1497055282	16.9904673804
513208.248455	19.2206718132	16.9953317396
513208.348512	19.29946273	16.9948469363
513208.448568	19.3883248425	16.9938958541
513208.548625	19.4853107366	16.9895437906
513208.648681	19.6141684153	16.9724924264
513208.748738	19.7219815828	16.9550983633
513208.848794	19.8060874354	16.9637208955
513208.948851	19.8930341704	16.9516165299
513209.048907	19.9716545409	16.9561150001
513209.148964	20.0654369645	16.9700850619
513209.24902	20.1808336922	16.9844949627
513209.349077	20.2658323452	16.9966586538
513209.449133	20.347055454	17.0121502971
513209.54919	20.426831127	17.0160261308
513209.649246	20.5162216924	17.0205021692
513209.749302	20.620051508	17.0153284379
513209.849359	20.7426519047	17.0092638166
513209.949415	20.8356620121	17.0174387488
513210.049472	20.9100150549	17.0190773565
513210.149528	24.2137953341	16.7510698285
513210.249585	24.3089538297	16.7244659493
513210.349641	24.4975960563	16.7595403549
513210.449687	24.5810177173	16.8007791938
513210.566341	24.6639746358	16.7904389528
513210.682995	24.7484516055	16.7790261708
513210.799649	24.8522472169	16.763022073
513210.916303	24.9759334983	16.7413895077
513211.032958	25.1074118068	16.7097827599
513211.149612	25.2098103297	16.7111152057
513211.266266	25.321773444	16.6963821297
513211.38292	25.4341765468	16.6893666187
513211.499575	25.5803512873	16.6923623057
513211.616229	25.7089583674	16.6920929947
513211.732883	25.8194194864	16.6881562334
513211.849537	25.9292204915	16.6762000051
513211.966191	26.059489712	16.6604386417
513212.082846	26.2065339596	16.6350164829
513212.1995	26.3371596214	16.6054067063
513212.316154	26.4460635462	16.5995977414
513212.416177	26.5392752785	16.5881215463
513212.516233	26.6290854621	16.5835190014
513212.61629	26.7358606504	16.586551947
513212.716346	26.838252395	16.5887200686
513212.816403	26.9129529432	16.5854093903
513212.916459	26.9856495239	16.5773287
513213.016516	27.0665219031	16.5628575153
513213.116572	27.1557769123	16.5368553283
513213.216629	27.248382521	16.5018516979
513213.316685	27.3183595717	16.4674586102
513213.416742	27.3752038412	16.4424701043
513213.516798	27.4249167361	16.4132795635
513213.616854	27.4837890849	16.3834496431
513213.716911	27.5570642685	16.3447531592
513213.816967	27.6104974982	16.2981551714
513213.917024	27.6384942455	16.2518010374
513214.01708	27.6744281041	16.1913060136
513214.117137	27.7079481217	16.1212494327
513214.217193	27.7392079279	16.0306574716
513214.31725	27.7694522231	15.9214234924
513214.417306	27.7865230473	15.8385603923
513214.517363	27.8044085871	15.7720968605
513214.617419	27.8161800367	15.7101177908
513214.717476	27.8301780884	15.6537864767
513214.817532	27.8515743464	15.589562087
513214.917589	27.8731889763	15.5236428775
513215.017645	27.883586188	15.4730850849
513215.117702	27.8973372569	15.4166648917
513215.217758	27.9107539996	15.3576464826
513215.317815	27.9190501333	15.2864081322
513215.417871	27.9277210204	15.2079154617
513215.517928	27.9267974636	15.1354485317
513215.617984	27.9329638495	15.0776026521
513215.71804	27.9492083326	15.0266873463
513215.818097	27.9750954306	14.9823960937
513215.918153	28.0087240989	14.9316957469
513216.01821	28.0336026811	14.8887016048
513216.118266	28.0498825273	14.8546706453
513216.218323	28.0628778039	14.8192876496
513216.318379	28.073181879	14.778441959
513216.418436	28.0769943781	14.7319684854
513216.518492	28.0789630745	14.6640770196
513216.618549	28.0847896364	14.5888201974
513216.718605	28.0897720444	14.5406258771
513216.818662	28.3273517071	14.6820242336
513216.918718	28.3360992799	14.6679046162
513217.018775	28.3580641674	14.623926584
513217.118831	28.3871289245	14.574544641
513217.218887	28.4082965315	14.5379928624
513217.318944	28.4337264327	14.5021172854
513217.419	28.458117226	14.4637152178
513217.519057	28.483969155	14.4275598328
513217.619113	28.5026845142	14.3771610011
513217.71917	28.5112801753	14.3146553197
513217.819226	28.5087561455	14.2477479825
513217.919283	28.5170045145	14.186894266
513218.019339	28.5445216889	14.1377327494
513218.119396	28.5890136581	14.0918371693
513218.219452	28.6554998383	14.04913295
513218.319509	28.7535441467	14.0147072898
513218.419565	28.8824802694	13.9880612642
513218.519622	29.0002136155	13.9778469214
513218.619678	29.1001442278	13.9625460608
513218.719734	29.2077055637	13.9483230016
513218.819791	29.3280027789	13.9287694846
513218.919847	29.4579572224	13.9041211133
513219.019904	29.584976666	13.8732604417
513219.11996	29.6850573246	13.8638454867
513219.220017	29.7718970168	13.858408774
513219.320073	29.8451753939	13.8475495867
513219.42013	29.9285566449	13.847310872
513219.520186	30.0199822795	13.8473686231
513219.620243	30.0916240352	13.8476460003
513219.720299	30.15515856	13.8433821326
513219.820356	30.2276723319	13.8376054131
513219.920412	30.3008666766	13.819797662
513220.020469	30.3798501997	13.8024001715
513220.120525	30.4427923941	13.7949013007
513220.220581	30.491285583	13.7928308588
513220.320638	30.5395113282	13.7991101818
513220.420694	30.5930972716	13.813311195
513220.520751	30.660670786	13.8331472996
513220.620807	30.7115120227	13.8408297635
513220.720864	30.7473900028	13.8477370165
513220.82092	30.775404817	13.8496734525
513220.920977	30.8109458452	13.8469019162
513221.021033	30.8654959216	13.8383419354
513221.12109	30.9343830105	13.8228994427
513221.221146	31.0282201235	13.7949240853
513221.321203	31.1356240003	13.7569231098
513221.421259	31.2182274129	13.7346826345
513221.521316	31.2975366893	13.7109961071
513221.621372	31.3843641656	13.6840333671
513221.721429	31.4831733627	13.6686822277
513221.821485	31.5973890733	13.6567719367
513221.921541	31.6878528832	13.646984664
513222.021598	31.7619503008	13.6345445995
513222.121654	31.8391081297	13.612649405
513222.221711	31.9235769084	13.5855728871
513222.321767	32.0210241718	13.544761529
513222.4385	32.1528425482	13.4848369426
513222.555232	32.2529436219	13.4513105136
513222.655289	32.3328602835	13.4226789297
513222.755345	33.0204055449	13.5589552313
513222.855402	32.9847609204	13.639451746
513222.955458	33.2671761287	13.5259264876
513223.055515	33.2342961507	13.5618636382
513223.155571	33.3182866286	13.5557820491
513223.272304	33.4141258027	13.5402445202
513223.37236	33.5054950614	13.5203133645
513223.472416	33.605707374	13.488192734
513223.572473	33.7154417757	13.4564986228
513223.672529	33.7728090297	13.4375820014
513223.772586	33.8444316976	13.4102743864
513223.872642	33.8974389922	13.3867111369
513223.972699	33.9597214947	13.3683714319
513224.072755	34.029811675	13.3530751898
513224.172812	34.0762218576	13.3336779593
513224.272868	34.120756738	13.2924397388
513224.372925	34.1626310784	13.240316431
513224.472981	34.2180915917	13.1718200109
513224.573037	34.2742533515	13.0844849828
513224.673094	34.3251888908	13.0009627646
513224.77315	34.3561701354	12.9333966149
513224.873207	34.3827910856	12.8599022756
513224.973263	34.4094224538	12.7874571224
513225.07332	34.4445985282	12.6987888993
513225.173376	34.4810556353	12.6003339987
513225.273433	34.4994834037	12.5236555314
513225.373489	34.500896685	12.4496298424
513225.473545	34.504446888	12.3624566644
513225.573602	34.5084852979	12.2623463285
513225.673658	34.5019529607	12.1411494826
513225.773715	34.486536429	12.0120650522
513225.873771	34.4903702537	11.9173637962
513225.973828	34.4849054932	11.8235315694
513226.073884	34.4853921422	11.7329759756
513226.173941	34.4995460335	11.6346915467
513226.273997	34.5148820433	11.5243379382
513226.374053	34.5170551987	11.4408334575
513226.47411	34.5125690917	11.359555347
513226.574166	34.5044939871	11.2677641259
513226.674223	34.4891612731	11.1667981837
513226.774279	34.4562586219	11.0510373874
513226.874336	34.4234556007	10.946270029
513226.974392	34.4218755521	10.8628798284
513227.074449	34.4039022907	10.7707998307
513227.174505	34.3995254467	10.6836316896
513227.274562	34.3988414354	10.5713599254
513227.374618	34.3931122501	10.4420671207
513227.474674	34.3914667248	10.3469955627
513227.574731	34.3833034592	10.255252587
513227.674787	34.3713427531	10.1645441866
513227.774844	34.8910913072	9.30967341816
513227.8749	34.8710328577	9.19412360767
513227.974957	34.8533496729	9.0851478536
513228.075013	34.8516582974	9.00777870698
513228.175069	34.8422472946	8.93023220527
513228.275126	34.6652428199	8.73964173556
513228.375182	34.7812856498	8.7627953344
513228.475239	34.7817539705	8.66785376987
513228.575295	34.7711087851	8.61153585488
513228.675352	34.7546906888	8.53970760382
513228.775408	34.7319229815	8.4602042817
513228.875465	34.7075310682	8.37108501683
513228.975521	34.6692548721	8.26962023078
513229.075577	34.6370088985	8.20526642446
513229.175634	34.6179701456	8.149455056
513229.27569	34.5842919469	8.0913761964
513229.375747	34.5500736152	8.02559764323
513229.475803	34.5078557828	7.95962801745
513229.57586	34.4554351977	7.93553590929
513229.675916	34.3965595965	7.91051690869
513229.775972	34.3213565766	7.87925662831
513229.876029	34.231610447	7.84539478686
513229.976085	34.1061201779	7.81708209476
513230.076142	33.9936491196	7.81056761481
513230.176198	33.9146688355	7.77755669622
513230.276255	33.8130988845	7.76063123567
513230.376311	33.7209978424	7.72975587319
513230.476367	33.6062569552	7.69335248397
513230.576424	33.4954073036	7.66363045027
513230.67648	33.4214446804	7.66080793281
513230.776537	33.3357401627	7.66565206201
513230.876593	33.2430155366	7.66363735689
513230.97665	33.1422878796	7.67430214805
513231.076706	33.0301810866	7.69583211213
513231.176762	32.943007288	7.69610975144
513231.276819	32.8627634612	7.6971578673
513231.376875	32.7708379505	7.69653993547
513231.476932	32.6738887257	7.68534394424
513231.576988	32.5398704186	7.66972205358
513231.677045	32.4322670065	7.65247851955
513231.777101	32.3413652825	7.64593490762
513231.877157	32.2419611777	7.64479602398
513231.977214	32.1304019647	7.64092520634
513232.07727	32.0046061969	7.65466281064
513232.177327	31.8672083432	7.67555234367
513232.277383	31.7786199879	7.67479569555
513232.37744	31.687701784	7.68629876624
513232.477496	31.5940447437	7.69139471001
513232.577553	31.4835110102	7.69049700804
513232.677609	31.3469786022	7.68629395802
513232.777665	31.2392218969	7.68026004976
513232.877722	31.1430404169	7.66546290817
513232.977778	31.0521310151	7.66073715132
513233.077834	30.9436145992	7.65280734226
513233.177891	30.8232166524	7.65520619841
513233.277948	30.6820959483	7.66346216369
513233.378004	30.5846436708	7.65571467273
513233.47806	30.489995443	7.65456337804
513233.578117	30.3890621292	7.65359123106
513233.678173	30.2761548033	7.64795870505
513233.778229	30.1437327517	7.63083103301
513233.878286	30.031020228	7.61533596918
513233.978342	29.9404954371	7.60988517815
513234.078399	29.8444912403	7.6106296282
513234.178455	29.7376154322	7.61359005816
513234.278512	29.6162631451	7.62610285195
513234.378568	29.4853533936	7.64586840216
513234.478624	29.3917148143	7.63323009263
513234.578681	29.2986960573	7.62606902879
513234.678737	29.2059569783	7.61051824623
513234.778794	29.1040727164	7.58072077537
513234.87885	28.9839394093	7.54984476313
513234.978907	28.8989879429	7.53049719355
513235.078963	28.8162999701	7.5250725043
513235.179019	28.7294429851	7.52473523453
513235.279076	28.6309382269	7.52283023315
513235.379132	28.5138108515	7.53624470381
513235.479189	28.3920525334	7.56690151972
513235.579245	28.3102186333	7.56119282398
513235.679301	28.2226869122	7.56165950143
513235.779358	28.145296832	7.5630074951
513235.879414	28.0441769703	7.55290729796
513235.979471	27.9282993254	7.54050320603
513236.079527	27.8344223479	7.52257343486
513236.179583	27.7606990387	7.51615114605
513236.27964	27.6856231199	7.51286108438
513236.379696	27.604281408	7.50643256167
513236.479753	27.5132164798	7.51352332763
513236.579809	27.3936896976	7.52550167606
513236.679866	27.3119153273	7.53039288863
513236.779922	27.2375917353	7.5182433177
513236.879978	27.1561874548	7.50396624831
513236.980035	27.0870263187	7.47642200464
513237.080091	27.0050354962	7.42456216833
513237.180148	26.945282228	7.39423842442
513237.280204	26.9026887208	7.3590749485
513237.38026	26.8555898599	7.32189004022
513237.480317	26.8107658845	7.27811309159
513237.580373	26.7581007462	7.22080326951
513237.68043	26.7084409565	7.15993925559
513237.780486	26.6838443636	7.11193584302
513237.880543	26.6718347635	7.07006330423
513237.980599	26.6682040898	7.04021588879
513238.080655	26.6816824354	7.0231694053
513238.180712	26.6993566178	7.01031384702
513238.280768	26.7171874353	6.99944584137
513238.380824	26.7243133543	6.99649081544
513238.480881	26.7222075307	6.99743929148
513238.580937	26.7123451736	6.98326014084
513238.680994	26.6985048531	6.95816127377
513238.78105	26.6834014475	6.91437281023
513238.881107	26.66499741	6.85058769124
513238.981163	26.6338164727	6.77030716591
513239.081219	26.5989270409	6.70595647324
513239.181276	26.5726284542	6.65393862209
513239.281332	26.5496224504	6.60287957108
513239.381389	26.5298020435	6.56013628656
513239.481445	26.5207977428	6.51409604147
513239.581501	26.5105416911	6.46872026594
513239.681558	26.493770968	6.446779506
513239.781614	26.4698590081	6.44001679393
513239.881671	26.4449605201	6.44848835776
513239.981727	26.4161865537	6.46381842489
513240.081784	26.3898867184	6.47742771446
513240.18184	26.3634399314	6.48785078288
513240.281896	26.3311509176	6.4923764971
513240.381953	26.2939874789	6.48614360628
513240.482009	26.3237031785	6.38491165828
513240.582065	26.251677379	6.32667399181
513240.682122	26.2152543007	6.24376933653
513240.782178	26.1932484837	6.18518275429
513240.882235	26.147962972	6.15846884713
513240.982291	26.0969309017	6.13993581178
513241.082347	26.0250127697	6.12341288261
513241.182404	25.9341193264	6.11443979184
513241.28246	25.8240398111	6.1271264112
513241.382517	25.7328961588	6.12816190652
513241.482573	25.651300657	6.12774467242
513241.58263	25.5683685777	6.12713260325
513241.682686	25.4783715219	6.11707812938
513241.782742	25.3819163923	6.10455446881
513241.882799	25.2998483157	6.10552729694
513241.982855	25.228574506	6.11540727952
513242.082912	25.1538618023	6.12911792885
513242.182968	25.0742333938	6.14575115351
513242.283024	24.9811099914	6.17508899307
513242.383081	24.8616668941	6.21429831462
513242.483137	24.7688498219	6.24237747954
513242.583194	24.6933123667	6.25615045934
513242.68325	24.613081006	6.27440912198
513242.783306	24.5317274588	6.28297388977
513242.883363	24.420920125	6.28496318328
513242.983419	24.2892294975	6.2828368918
513243.083476	24.1972085043	6.27856858916
513243.183532	24.1029452322	6.28098686154
513243.283588	23.998732871	6.28522887295
513243.383645	23.8849531648	6.29546825144
513243.483701	23.7457208792	6.31533291931
513243.583758	23.6411346008	6.33167834288
513243.683814	23.55841513	6.33996319439
513243.78387	23.4700630022	6.35399897398
513243.883927	23.3897687033	6.35980773145
513243.983983	23.2813634703	6.35618718432
513244.08404	23.1559779116	6.35915333888
513244.184096	23.078558313	6.35826895071
513244.284153	22.9971364149	6.36816898184
513244.384209	22.9039366128	6.37980422941
513244.484265	22.7936130403	6.39791698331
513244.584322	22.6684026623	6.43083286594
513244.684378	22.5709299008	6.45216113774
513244.784434	22.4881474673	6.44768932685
513244.884491	22.3997595214	6.46223463276
513244.984547	22.3156600251	6.45701119313
513245.084604	22.2101941636	6.44013791062
513245.18466	22.0966176866	6.42367146395
513245.284717	22.0189527002	6.4116483198
513245.384773	21.9290018112	6.40816809636
513245.484829	21.8266502554	6.40492423422
513245.584886	21.7090656722	6.40811925964
513245.684942	21.5652628689	6.42638694026
513245.784998	21.4577515266	6.43118503075
513245.885055	21.370871298	6.42556671377
513245.985111	21.2733190979	6.4319437552
513246.085168	21.1762707981	6.42107389301
513246.185224	21.0525459863	6.40155992257
513246.28528	20.9507539347	6.38337716639
513246.385337	20.8730633804	6.37772029636
513246.485393	20.7898545387	6.38121279813
513246.58545	20.696875772	6.38490167903
513246.685506	20.5847559914	6.40302044503
513246.785562	20.4498372713	6.43171096421
513246.885619	20.3606536736	6.44333610948
513246.985675	20.2744749565	6.44557867551
513247.085732	20.1831495446	6.45651452251
513247.185788	20.088794284	6.4500788953
513247.285845	19.963436864	6.4380990267
513247.385901	19.8502677485	6.42005344843
513247.485957	19.7711300991	6.41817492667
513247.586014	19.6827967222	6.42214443842
513247.68607	19.5834681243	6.43165178508
513247.786127	19.4684056868	6.46270707577
513247.886183	19.3450441064	6.50098307473
513247.986239	19.2556061029	6.5109505778
513248.086296	19.1661451761	6.51962487767
513248.186352	19.0706696015	6.52680890525
513248.286409	18.9740289342	6.51773424101
513248.386465	18.846190369	6.50132109839
513248.486521	18.7672508564	6.49050976398
513248.586578	18.7026919494	6.49409628304
513248.686634	18.634104017	6.50041590563
513248.786691	18.571179024	6.51272645615
513248.886747	18.5242632448	6.52268858787
513248.986803	18.4950545996	6.52418429725
513249.08686	18.4610310593	6.52552130991
513249.186916	18.4327250766	6.5228869708
513249.286973	18.384569037	6.51422568034
513249.387029	18.3253551832	6.50294692087
513249.487086	18.2671743199	6.4866892227
513249.587142	18.2266757619	6.47753409328
513249.687199	18.1855319122	6.47049502122
513249.787255	18.153981887	6.46244232552
513249.887311	18.1017644125	6.45887366175
513249.987368	18.0435523224	6.4596998339
513250.087424	17.9623380721	6.45732108323
513250.187481	17.8573109139	6.46380108613
513250.287537	17.7414647585	6.47816995461
513250.387594	17.64041411	6.47747099725
513250.48765	17.5361345478	6.4770712327
513250.587706	17.4150338905	6.47697273066
513250.687763	17.2869729594	6.46411649025
513250.787819	17.1274864751	6.4384467762
513250.887876	16.9905165088	6.40485205002
513250.987932	16.8738020964	6.38496164925
513251.087989	16.7541494131	6.3717334301
513251.188045	16.6257984059	6.35956961721
513251.288101	16.4821636706	6.36387966718
513251.388158	16.3232399427	6.37593843978
513251.488214	16.2091557873	6.3702675414
513251.588271	16.0911777969	6.37425410379
513251.688327	15.9622232543	6.37674818451
513251.788383	15.8195753675	6.3698118026
513251.88844	15.6537276273	6.36194951463
513251.988497	15.5226826363	6.36200176704
513252.088553	15.4059166281	6.3694101563
513252.188609	15.2789209491	6.38390118885
513252.288665	15.139157487	6.39799358233
513252.388722	14.9810554304	6.43252250082
513252.488778	14.8508780722	6.46312131462
513252.588835	14.7381971449	6.45949459111
513252.688891	14.6118414107	6.4661803773
513252.788948	14.4855579944	6.46004168416
513252.889004	14.3374787905	6.44110015357
513252.989061	14.1810401913	6.42601511223
513253.089117	14.0748378792	6.41678995632
513253.189173	13.9614129861	6.41247838613
513253.28923	13.8376291702	6.40920103845
513253.389286	13.7046356149	6.41590202737
513253.489343	13.5618224607	6.43749897136
513253.589399	13.451075133	6.45196033764
513253.689455	13.3679795194	6.44869667337
513253.789512	13.2665461164	6.45559789358
513253.889568	13.1699729293	6.45058311191
513253.989625	13.0509930849	6.43728149081
513254.089681	12.9516298435	6.42945265566
513254.189737	12.8990394375	6.4259068412
513254.289794	12.823548067	6.42493917053
513254.38985	12.7377275468	6.42634945357
513254.489907	12.6459034583	6.44651218096
513254.589963	12.5160981938	6.46665839958
513254.690019	12.4165057119	6.48638003355
513254.790076	12.3340283519	6.48935578132
513254.890132	12.237150469	6.50188942866
513254.990189	12.1447737675	6.5050850373
513255.090245	12.0258138648	6.50466069861
513255.190302	11.9255630241	6.5018029667
513255.290358	11.858220888	6.50231920306
513255.390414	11.7845495441	6.50972576089
513255.490471	11.7085345944	6.52045826393
513255.590527	11.6256515072	6.54130289767
513255.690584	11.524886746	6.57299076585
513255.79064	7.75527387633	5.92968993212
513255.890696	7.69445353093	5.93044231817
513255.990753	7.63017708495	5.94891056911
513256.090809	7.56196755173	5.95778437766
513256.190866	7.21367229968	5.88738501098
513256.290922	7.16195510104	5.91342289423
513256.390978	7.1413154038	5.94107994574
513256.491035	7.11923656467	5.97236425111
513256.591091	7.09164339812	6.01109220432
513256.691147	7.0559709835	6.06665080073
513256.791204	7.00101166294	6.14684602555
513256.89126	6.97242770988	6.23033150708
513256.991317	6.95043249563	6.2996312239
513257.091373	6.93318549449	6.38359254268
513257.19143	6.90446878489	6.47293161078
513257.291486	6.86906427465	6.58716527112
513257.391542	6.83086889182	6.71818615965
513257.491599	6.81679920914	6.80590316045
513257.591655	6.80812300237	6.89232396776
513257.691712	6.80289977207	6.98113187656
513257.791768	6.78949547768	7.06973389624
513257.891824	6.79131736533	7.17554580495
513257.991881	6.80398480344	7.28052258768
513258.091937	6.79888583234	7.3477695095
513258.191993	6.80066986509	7.41008515783
513258.29205	6.79755238794	7.48087656576
513258.392106	6.7933760196	7.57733157728
513258.492163	6.78075970465	7.70125158655
513258.592219	6.7712410252	7.78796003908
513258.692276	6.7626010188	7.87198170289
513258.792332	6.76281877495	7.95811264206
513258.892388	6.7578796863	8.06093983984
513258.992445	6.77289294282	8.18500606824
513259.092501	6.79020895983	8.29470081814
513259.192558	6.77257412549	8.36955912174
513259.292614	6.77196594958	8.44759979909
513259.39267	6.76020560899	8.52116658297
513259.492727	6.7391974185	8.61854304076
513259.592783	6.72003875204	8.72906650433
513259.69284	6.70722115215	8.7933603651
513259.792896	6.70403900451	8.86676372971
513259.892952	6.70410943492	8.94741007272
513259.993009	6.71293149918	9.04393400385
513260.093065	6.73951641224	9.1608383006
513260.193121	6.76641021031	9.24111701898
513260.293178	6.76737791878	9.30045145705
513260.393234	6.78263760487	9.38377169457
513260.493291	6.78554583141	9.46175839227
513260.593347	6.78629573313	9.59438903596
513260.693403	6.79280460341	9.72471605622
513260.79346	6.79823384446	9.80577245844
513260.893516	6.80340574685	9.89211036394
513260.993573	6.81458092437	9.98808025717
513261.093629	6.83517189614	10.0940709996
513261.193685	6.86641007264	10.2227639409
513261.293742	6.88569542705	10.3079417291
513261.393798	6.88281682637	10.3808077305
513261.493855	6.89102089253	10.4649579242
513261.593911	6.88587222031	10.5481892174
513261.693967	6.87528666702	10.6714603761
513261.794024	6.86658846417	10.7850071989
513261.89408	6.85847875702	10.8651597306
513261.994136	6.85491270641	10.9554369098
513262.094193	6.85306093718	11.0578242682
513262.194249	6.86607195989	11.1763724934
513262.294306	6.88387888433	11.3123554461
513262.394362	6.88982253074	11.4057064117
513262.494418	6.88942291889	11.4941620351
513262.594475	6.8952125836	11.5946738169
513262.694531	6.88419247905	11.6995073411
513262.794587	6.86866348899	11.8387787289
513262.894644	6.86192971108	11.937321911
513262.9947	6.85681145502	12.0292334274
513263.094757	6.14311123576	15.4213700565
513263.194813	5.92422468699	15.6569260839
513263.29487	5.95923437677	15.7939091665
513263.394926	5.99846783062	15.9190280543
513263.494982	6.25771175314	16.0517082255
513263.595039	6.38634009624	16.0985402099
513263.695095	6.38190703008	16.1985196599
513263.795152	6.37230525507	16.3250299947
513263.895208	6.36538571316	16.4653389753
513263.995264	6.35777662651	16.5543798974
513264.095321	6.35089300418	16.6489018961
513264.195377	6.35012695841	16.7476008144
513264.295433	6.35136337958	16.8568366737
513264.39549	6.36358056718	16.9892311118
513264.495546	6.37546552753	17.0910261638
513264.595603	6.36758034503	17.163641933
513264.695659	6.37424102985	17.2376518356
513264.795715	6.37295049933	17.3040556565
513264.895772	6.36694573523	17.3719059775
513264.995828	6.35533357085	17.4549086206
513265.095885	6.3518525757	17.5060545933
513265.195941	6.35408955261	17.5523746958
513265.295997	6.35650328709	17.59034459
513265.396054	6.36298002078	17.6216465204
513265.49611	6.37234426802	17.6519408937
513265.596166	6.39164616874	17.6867378325
513265.696223	6.42115788073	17.7288100821
513265.796279	6.46543324044	17.7789147116
513265.896335	6.50822241069	17.821219966
513265.996392	6.53689511331	17.8565406573
513266.096448	6.55420825213	17.8800202422
513266.196505	6.56047210864	17.899966058
513266.296561	6.56450099237	17.9117252036
513266.396617	6.56082270342	17.9239037848
513266.496674	6.56057607941	17.9343971952
513266.59673	6.5571870078	17.947066624
513266.696786	6.55676157213	17.960552724
513266.796843	6.55738483191	17.9774180669
513266.896899	6.56116275554	17.9967356385
513266.996956	6.5676562859	18.0157573839
513267.097012	6.56440671886	17.9874276297
513267.197068	6.56638108224	17.9959162995
513267.297125	6.56796877652	18.0056951181
513267.397181	6.5672809368	18.0150720336
513267.497237	6.56722813513	18.0213975273
513267.597294	6.56978004262	18.0261235772
513267.69735	6.56737784438	18.0173617091
513267.797407	6.56607676963	18.0196171881
513267.897463	6.56243624036	18.0227304768
513267.99752	6.55920175988	18.022829275
513268.097576	6.55587296511	18.0218762034
513268.197632	6.55439089098	18.0160445977
513268.297689	6.55037175606	18.0045037592
513268.397745	6.54164478294	17.9917310584
513268.497801	6.53142112961	17.9720657389
513268.597858	6.51667504554	17.9524771017
513268.697914	6.49300275215	17.9297947251
513268.797971	6.46438356573	17.9049907004
513268.898027	6.43706556402	17.8838214555
513268.998083	6.40997553062	17.8738243545
513269.09814	6.38973319871	17.8669841929
513269.198196	6.37860985086	17.8742252761
513269.298252	6.37732404604	17.8888755556
513269.398309	6.37155585021	17.8898910934
513269.498365	6.37212358134	17.8870830267
513269.598422	6.38728475588	17.8847012006
513269.698478	6.39344123142	17.8835950049
513269.798534	6.39668917982	17.8779806754
513269.898591	6.40500313931	17.8748177072
513269.998647	6.41927035582	17.8663403333
513270.098703	6.42579565344	17.8667029791
513270.19876	6.43675412524	17.8579281081
513270.298816	6.44319025187	17.8534777909
513270.398872	6.44543641807	17.8420118641
513270.498929	6.43952652134	17.8241643468
513270.598985	6.4245071604	17.8062358858
513270.699042	6.41720539936	17.7883606966
513270.799098	6.41123611009	17.7709826924
513270.899154	6.40002103651	17.7515094975
513270.999211	6.38514740181	17.7312827108
513271.099267	6.36615504845	17.7148125626
513271.199323	6.35299126412	17.6930682939
513271.29938	6.34590638023	17.6713511795
513271.399436	6.34385768624	17.6550003289
513271.499493	6.3364346396	17.6323269635
513271.599549	6.33480682173	17.6103850927
513271.699605	6.33629202747	17.5892779853
513271.799662	6.3480869769	17.5633749642
513271.899718	6.37080162905	17.5226315549
513271.999775	6.39593201016	17.4629057867
513272.099831	6.41465227465	17.3993240044
513272.199887	6.42476328645	17.3490426774
513272.299944	6.42598272084	17.3163844395
513272.4	6.43641171766	17.3054300087
513272.500056	6.43858953765	17.2978212243
513272.600113	6.44705337302	17.2944643819
513272.700169	6.44941396043	17.2874689457
513272.800226	6.4507465499	17.2837119382
513272.900282	6.45070108862	17.2798125366
513273.000338	6.45123245604	17.2835567119
513273.100395	6.44865384694	17.2841477069
513273.200451	6.44391033091	17.2889941546
513273.300507	6.4358084451	17.2924100946
513273.400564	6.42502930867	17.2969264115
513273.50062	6.41229368492	17.2996988286
513273.600676	6.39969256777	17.3017320516
513273.700733	6.38541864317	17.3040028797
513273.800789	6.37522834224	17.3045038268
513273.900846	6.36241231811	17.3056932845
513274.000902	6.34715227372	17.3051380355
513274.100958	6.33104963426	17.3028721742
513274.201015	6.31439327729	17.3006565315
513274.301071	6.29551521769	17.2992281331
513274.401127	6.27536568315	17.2959664927
513274.501184	6.25195555189	17.2948555568
513274.60124	6.22776738968	17.2938929847
513274.701296	6.20353146743	17.2938941865
513274.801353	6.17803226526	17.2938440087
513274.901409	6.1524449217	17.2932879346
513275.001466	6.1265522813	17.2905272373
513275.101522	6.10141164159	17.2877094091
513275.201578	6.07761755093	17.2844590284
513275.301635	6.05667839166	17.2824343975
513275.401691	6.0409726296	17.2773999031
513275.501747	6.02695840742	17.2692527261
513275.601804	6.02001025342	17.258426081
513275.70186	6.0167312734	17.2446383032
513275.801916	6.02397768067	17.2335366049
513275.901973	6.05301026424	17.2413719407
513276.002029	6.04726704104	17.2383147445
