USER POSITION
263534.431364	6.65231637835	17.901954787
263534.564682	6.65230423111	17.9036324794
263534.698001	6.65537620664	17.9064342186
263534.83132	6.65285995963	17.904415012
263534.964638	6.65082995039	17.9002763443
263535.097957	6.65021043522	17.8995278529
263535.231276	6.65192140204	17.8975569713
263535.364594	6.65162097367	17.8982918086
263535.497913	6.65065273009	17.8963632299
263535.631232	6.65507505791	17.8984993177
263535.764551	6.65319814913	17.9002372669
263535.897869	6.65292688364	17.8983011633
263536.031188	6.65077535134	17.8989273781
263536.164507	6.65525449294	17.9039007656
263536.297825	6.64992425394	17.9294913857
263536.431144	6.65068301982	17.8992983945
263536.564463	6.64733949673	17.8980714527
263536.697782	6.64680231026	17.9002161601
263536.8311	6.64691201864	17.8998147136
263536.964419	6.63182531364	17.8866871856
263537.097737	6.64366811828	17.8990962664
263537.231056	6.63514884115	17.885359857
263537.364375	6.62383564547	17.8737677047
263537.497694	6.62330599582	17.8685432436
263537.631013	6.62385553491	17.8676623662
263537.764331	6.62337387758	17.8703091243
263537.89765	6.62643963985	17.8741836912
263538.030968	6.63400880644	17.8763902413
263538.164287	6.63443276655	17.8798948751
263538.297606	6.64215178448	17.8873771371
263538.430925	6.62976644989	17.8766679187
263538.564243	6.64419091616	17.8927417736
263538.697562	6.63657011693	17.8851754048
263538.830881	6.63939495647	17.8832628969
263538.964199	6.64191519378	17.8881121966
263539.097518	6.63972252522	17.8891622726
263539.230837	6.63677164736	17.8844039467
263539.364156	6.63987504283	17.8893922293
263539.497474	6.63279642149	17.8813163715
263539.630793	6.64278811113	17.8882833604
263539.764112	6.63267856827	17.8814142223
263539.89743	6.64016824398	17.8861431802
263540.030749	6.64235168871	17.8875011017
263540.164068	6.63304162263	17.8800128263
263540.297387	6.64189229807	17.8865967899
263540.430705	6.63795711066	17.8818526916
263540.564024	6.64698061251	17.8928401394
263540.697343	6.63655315677	17.8790385786
263540.830661	6.63777163794	17.8806112819
263540.96398	6.63768787174	17.8805975891
263541.097299	6.63876369697	17.8796300743
263541.230618	6.63951917735	17.8800616906
263541.363936	6.6400590894	17.881432857
263541.497255	6.64007847758	17.8834527229
263541.630574	6.64417566765	17.8845504771
263541.763892	6.64126238802	17.883873254
263541.897211	6.64068852165	17.8862366428
263542.03053	6.63214346527	17.8911638363
263542.163849	6.64393616857	17.9003194188
263542.297167	6.63237222195	17.8975869882
263542.430486	6.63309328946	17.8969000785
263542.563805	6.63780520783	17.9004578619
263542.697123	6.64169371282	17.8999478753
263542.830442	6.6293546311	17.8955336377
263542.963761	6.64914915683	17.9083850563
263543.09708	6.65644243017	17.9136344045
263543.230398	6.6499726522	17.903628576
263543.363717	6.66667407016	17.9045889225
263543.497036	6.65759606327	17.9019967963
263543.630355	6.65484903354	17.8952870772
263543.763673	6.6603027372	17.9011834319
263543.896992	6.65939327164	17.9010620332
263544.030311	6.6594337438	17.8972819502
263544.163629	6.67161737003	17.9032330824
263544.296948	6.6730547512	17.8992379651
263544.430267	6.67055797095	17.8938171505
263544.563585	6.67399140989	17.8960487886
263544.696904	6.67496280938	17.9045458527
263544.830223	6.65641384262	17.8803437801
263544.963542	6.66909237247	17.8826530247
263545.09686	6.66993379926	17.8860534689
263545.230179	6.67829756325	17.8891700364
263545.363498	6.68485990051	17.887850884
263545.496816	6.68636207216	17.8897878691
263545.630135	6.67309685459	17.891561272
263545.763454	6.6693739347	17.8871064538
263545.896773	6.71318281203	17.9173882677
263546.030091	6.63743967906	17.8737088892
263546.16341	6.5228184666	17.7824317275
263546.296729	6.5792549557	17.8151718144
263546.430047	6.67609580984	17.8520796122
263546.563366	6.68741522942	17.8552586678
263546.696685	6.6961259588	17.8561067126
263546.830003	6.71065179224	17.8602780595
263546.963322	6.69868104887	17.8422515997
263547.096641	6.6675638944	17.8226036815
263547.22996	6.65980943233	17.8066756346
263547.363278	6.67805313281	17.7817214666
263547.496597	6.68831541742	17.7475961949
263547.629916	6.66469833255	17.6575156907
263547.763235	6.63744453758	17.5821619074
263547.896553	6.58278472599	17.532849821
263548.029872	6.60030237207	17.5120306979
263548.163191	6.60427641454	17.4989283479
263548.296509	6.62392771552	17.4836358328
263548.429828	6.65926605476	17.4602708514
263548.563147	6.68339220208	17.52117673
263548.696465	6.799986376	17.4425270063
263548.829784	6.82979164624	17.4945728142
263548.963103	6.9031513404	17.4679407365
263549.096422	6.94653832925	17.4699173051
263549.22974	7.01248457391	17.4448197513
263549.363059	7.09170002583	17.435595188
263549.496378	7.18053203981	17.3874191023
263549.629697	7.25564655847	17.3529100112
263549.763015	7.32435300454	17.329325987
263549.896334	7.4007121512	17.3120178048
263550.029653	7.49116800537	17.3003705456
263550.162972	7.58836107126	17.2998106504
263550.29629	7.69377598791	17.3033225086
263550.429609	7.78510079682	17.2991447938
263550.562928	7.86767536663	17.2944920374
263550.696246	7.9538156167	17.2774906752
263550.829565	8.05173989487	17.2454444537
263550.962884	8.16890728147	17.2028931258
263551.096203	8.26210870686	17.1743838303
263551.229521	8.35537314255	17.152555852
263551.36284	8.45657082684	17.1425170547
263551.496159	8.56720514384	17.1392642255
263551.629478	8.6889625986	17.1514609494
263551.762796	8.81010962293	17.158578355
263551.896115	8.90608513853	17.1555140508
263552.029434	9.00794735004	17.1438123045
263552.162753	9.11215252065	17.1209936897
263552.296071	9.22874276241	17.0841917765
263552.42939	9.33374903946	17.0553407538
263552.562709	9.42910490142	17.0446898717
263552.696028	9.53186544933	17.0352739495
263552.829346	9.64665591204	17.0350023396
263552.962665	9.77898306396	17.049304097
263553.095984	9.9070167024	17.0617590891
263553.229303	10.0142938734	17.0638540059
263553.362621	10.118934988	17.0549985023
263553.49594	10.2296482151	17.0391587343
263553.629259	10.3516325104	17.0111685951
263553.762578	10.4612890278	16.99631704
263553.895897	10.5489592103	16.9947851123
263554.029215	10.6544351178	16.9953886373
263554.162534	10.7844932101	17.0031740484
263554.295853	10.9182834918	17.0212192335
263554.429172	11.0356157711	17.035009333
263554.56249	11.1413278673	17.0344100633
263554.695809	11.241702485	17.0269276967
263554.829128	11.348579874	17.011298038
263554.962447	11.4557345635	16.9783820494
263555.095766	11.5637495449	16.9472262874
263555.229084	11.648091411	16.9315936893
263555.362403	11.7420709146	16.9151782484
263555.495722	11.8461091967	16.9069497162
263555.629041	11.9608704752	16.9109247225
263555.762359	12.0825763467	16.9123017244
263555.895678	12.1855260883	16.9078599559
263556.028997	12.8831471597	17.1315349673
263556.162316	12.9575931451	17.0765718659
263556.295634	13.0610855946	17.0613778342
263556.428953	13.1685413623	17.0428852713
263556.562272	13.2520954311	17.041805416
263556.695591	13.3464414094	17.0432376095
263556.828909	13.5643444352	16.7654760423
263556.962228	13.6692662212	16.7753776173
263557.095547	13.8069279546	16.8120641741
263557.228866	13.9237860973	16.8204958257
263557.362184	14.0344496964	16.8637575726
263557.495503	14.1594676598	16.8665865928
263557.628822	14.291663562	16.8604757106
263557.762141	14.4253530937	16.8296300912
263557.89546	14.5354131332	16.8496716333
263558.028778	14.6535832602	16.871395443
263558.162097	14.7687938588	16.8890710472
263558.295416	14.8955810773	16.9199134875
263558.428735	15.0277959958	16.9550371977
263558.562053	15.1428053741	16.9779717001
263558.695372	15.2474052446	16.9927581264
263558.828691	15.355040095	16.9986724279
263558.962009	15.478509217	16.9831255565
263559.095328	15.6118439661	16.9674498299
263559.228647	15.7293584084	16.9651220768
263559.361966	15.8473181682	16.9650894256
263559.495285	15.9714818574	16.9748945872
263559.628603	16.1062297945	16.9983758957
263559.761922	16.2465521916	17.0195223605
263559.895241	16.3644412977	17.0297101548
263560.02856	16.4716168407	17.0272572623
263560.161878	16.5798046334	17.0191055497
263560.295197	16.6991350569	16.9938046598
263560.428516	16.8184995843	16.9713973728
263560.561835	16.9087840757	16.9692144377
263560.695153	17.0219508985	16.9687989618
263560.828472	17.1449679722	16.9795937561
263560.961791	17.2869734014	17.0007849755
263561.095109	17.4238179466	17.028161773
263561.228428	17.5425196528	17.0411217472
263561.361747	17.6484592497	17.0483558272
263561.495066	17.7641754435	17.0468192771
263561.628384	17.8892308667	17.0290827828
263561.761703	18.0062331633	17.0172913831
263561.895022	18.1079179895	17.0180594422
263562.028341	18.2172968901	17.0223606755
263562.16166	18.3422320581	17.0302995787
263562.294978	18.4726294513	17.0523867326
263562.428297	18.5899044441	17.071491419
263562.561616	17.2780015304	17.2567819754
263562.694934	17.3771160223	17.2500375559
263562.828253	17.4840860261	17.2326952153
263562.961572	17.6045827915	17.2028933874
263563.094891	17.7094032762	17.1805984648
263563.228209	17.8014883056	17.170125821
263563.361528	17.9097742775	17.1667831886
263563.494847	18.0255188807	17.1737926776
263563.628166	18.1551233185	17.1954034639
263563.761484	18.2705600453	17.2121328095
263563.894803	18.3678415298	17.2247999789
263564.028122	18.4678277436	17.2283382196
263564.16144	18.5771022408	17.2252413875
263564.294759	18.6962065707	17.2141297635
263564.428078	18.7991786396	17.2095345997
263564.561397	18.8858400837	17.217483216
263564.694716	18.9847324152	17.2237640506
263564.828034	19.1029731798	17.2424622213
263564.961353	19.2223724108	17.2716869325
263565.094672	19.3253042398	17.2916962069
263565.22799	19.4180453202	17.3074720144
263565.361309	19.5155010774	17.3044611186
263565.494628	19.6293500592	17.291632021
263565.627947	19.7490205299	17.2721312919
263565.761265	19.8504325475	17.2663976028
263565.894584	19.9520662709	17.2654614595
263566.027903	20.0566454015	17.2702388595
263566.161222	20.1876935419	17.2852022311
263566.29454	20.3221837749	17.3111062104
263566.427859	20.4395473029	17.3256521099
263566.561178	20.5417637651	17.3285936999
263566.694497	20.6515153253	17.3255001678
263566.827815	20.7714304737	17.3065670943
263566.961134	20.8882761981	17.2910001812
263567.094453	20.9893658941	17.2882869239
263567.227772	21.0885474422	17.2909392115
263567.36109	21.2110392902	17.3047785459
263567.494409	21.3426076211	17.3290860012
263567.627728	21.4686758157	17.3550029904
263567.761046	21.5837644523	17.3689629979
263567.894365	21.6848819656	17.3722281791
263568.027684	21.7834544665	17.3661394621
263568.161003	21.8865466759	17.3442979315
263568.294322	21.9971438961	17.3180434979
263568.42764	22.0892080088	17.3027160047
263568.560959	22.1891781644	17.2930609084
263568.694278	22.2955495235	17.2876549879
263568.827596	22.4204121372	17.2894326528
263568.960915	22.559280924	17.2973231826
263569.094234	22.6773779518	17.3052251391
263569.227553	22.7854185956	17.3061360127
263569.360871	24.8093009168	16.9995276357
263569.49419	24.9245800474	16.9842240396
263569.627509	25.0570412552	16.9462859423
263569.760828	25.1570019901	16.9283739484
263569.894146	25.2593557116	16.9077853879
263570.027465	25.3548793244	16.9022772724
263570.160784	25.4621470381	16.9015130246
263570.294102	25.5857371086	16.9102141505
263570.427421	25.6665174585	16.9444351674
263570.56074	25.7770788306	16.9505370524
263570.694059	25.8871822151	16.9519075689
263570.827377	26.0043870138	16.9459534478
263570.960696	26.1291965816	16.921922339
263571.094015	26.2445895776	16.904670299
263571.227333	26.3386625374	16.9049516033
263571.360652	26.4403724593	16.902222524
263571.493971	26.5487319797	16.9091808252
263571.62729	26.6691319511	16.9257284923
263571.760608	26.7868539958	16.9518042394
263571.893927	26.8925447543	16.9628261979
263572.027246	26.9973001172	16.9641804248
263572.160565	27.099052628	16.9588628543
263572.293883	27.2075665142	16.9407775981
263572.427202	27.3209817529	16.9179937523
263572.560521	27.4096304828	16.9077223019
263572.69384	27.5022659231	16.8968975521
263572.827158	27.5964664069	16.8869391963
263572.960477	27.7062727518	16.876214616
263573.093796	27.8288062728	16.8713088832
263573.227114	27.9494142283	16.8655416418
263573.360433	28.045529295	16.843352817
263573.493752	28.1239097809	16.8101706014
263573.627071	28.1869816322	16.7587503566
263573.760389	28.2297156557	16.6925442146
263573.893708	28.2725504546	16.6153526347
263574.027027	28.3097303003	16.5240915309
263574.160346	28.3279952561	16.4370809488
263574.293664	28.3305285423	16.3538339521
263574.426983	28.3281010308	16.2790863957
263574.560302	28.3279797543	16.2128230175
263574.693621	28.3399863536	16.1409032596
263574.826939	28.3641383378	16.0605253917
263574.960258	28.3809129574	15.9761145977
263575.093577	28.3794587127	15.9015480156
263575.226895	28.3642252804	15.825814561
263575.360214	28.3465396104	15.7447415718
263575.493533	28.3172673186	15.6658726233
263575.626852	28.2932469159	15.5958917377
263575.76017	28.2887624456	15.5322837199
263575.893489	28.2933467233	15.4677511971
263576.026808	28.3064565561	15.3859530145
263576.160127	28.3247283741	15.2699732358
263576.293445	28.3545584244	15.1672978687
263576.426764	28.3678820962	15.0734420465
263576.560083	28.3779418917	14.9818993847
263576.693401	28.3765124842	14.9050718552
263576.82672	28.3676589374	14.8170751603
263576.960039	28.3462703114	14.7120538159
263577.093358	28.3252914995	14.6233560175
263577.226676	28.3165449743	14.5551292024
263577.359995	28.3153634635	14.4920922003
263577.493314	28.3242550699	14.4322444315
263577.626633	28.3430461941	14.3693251081
263577.759951	28.3752464276	14.2925439167
263577.89327	28.4213653715	14.2219038246
263578.026589	28.4644063266	14.1697509168
263578.159908	28.4816953392	14.1212532875
263578.293226	28.4870564137	14.089482161
263578.426545	28.4886416705	14.0656396662
263578.559864	28.4974831264	14.0467137935
263578.693183	28.5077301512	14.0263015574
263578.826501	28.5133499561	14.003389074
263578.95982	28.3187816015	14.1195924443
263579.093139	28.3249550845	14.1106086752
263579.226457	28.3396905818	14.1044348012
263579.359776	28.3771656987	14.0944143965
263579.493095	28.4611309206	14.11909389
263579.626414	28.5396054718	14.0840154783
263579.759733	28.6148266414	14.0796514425
263579.893051	28.68757947	14.0783445278
263580.02637	28.7549934857	14.0747442367
263580.159689	28.8195004058	14.065814659
263580.293007	28.8928371767	14.0453793725
263580.426326	28.9809376945	14.0100856953
263580.559645	29.068496973	13.9807018962
263580.692964	29.1421799652	13.9607929468
263580.826282	29.0096488658	13.7194714043
263580.959601	29.081198794	13.7066471195
263581.09292	29.2042076063	13.6925964053
263581.226238	29.3045068683	13.7485501703
263581.359557	29.3917949182	13.7565827201
263581.492876	29.4238787225	13.7314583298
263581.626195	29.4967433073	13.7215031362
263581.759514	29.5665013453	13.7055021286
263581.892832	29.6432502826	13.6814422299
263582.026151	29.7296112848	13.6451593567
263582.15947	29.8101520628	13.6193900884
263582.292788	29.8813242358	13.5985066816
263582.426107	29.9560547826	13.585414326
263582.559426	30.0468430636	13.5745054473
263582.692745	30.1502130056	13.5710020199
263582.826063	30.2571491609	13.5745851306
263582.959382	30.3489489841	13.56410425
263583.092701	30.4205158518	13.550610479
263583.22602	30.4876441525	13.5357171638
263583.359338	30.5498134282	13.5052234585
263583.492657	30.6245009318	13.4635999927
263583.625976	30.7099582382	13.4154117537
263583.759295	30.7834600183	13.3800841325
263583.892613	30.85937448	13.3555011177
263584.025932	30.9422956048	13.338279969
263584.159251	31.0244320179	13.3385134996
263584.29257	31.0944336847	13.3488349453
263584.425888	31.1337470398	13.3635333333
263584.559207	31.1668325976	13.3725636581
263584.692526	31.190171713	13.3755344646
263584.825845	31.2105217176	13.377467911
263584.959163	31.2529357059	13.3801204003
263585.092482	31.309304727	13.3848773269
263585.225801	31.3718648031	13.390950817
263585.35912	31.412346335	13.4075630919
263585.492438	31.464406515	13.4257943195
263585.625757	31.5348080582	13.4578362095
263585.759076	31.6163190613	13.5112107012
263585.892395	31.7122599975	13.5722289506
263586.025714	31.8119853382	13.6179198296
263586.159032	31.8947573325	13.6500709875
263586.292351	31.9881891886	13.6722713993
263586.42567	32.6832850241	14.4028057891
263586.558988	32.8496999545	14.5549999492
263586.692307	33.0127257612	13.7127330432
263586.825626	33.1122680738	13.710495188
263586.958945	33.2168989609	13.7133284679
263587.092263	33.3315939227	13.7246525898
263587.225582	33.4178548249	13.8293141915
263587.358901	33.4980391405	13.8536284619
263587.49222	33.5596254023	13.8891877074
263587.625538	33.7198231096	13.8025327821
263587.758857	33.8308173435	13.7921835681
263587.892176	33.9457732224	13.7601479319
263588.025495	33.9766244633	13.7656541739
263588.158813	34.0953463518	13.7512271861
263588.292132	34.2538904991	13.7005708433
263588.425451	34.3023504866	13.7170737555
263588.55877	34.4211769141	13.7073451759
263588.692089	34.4610214903	13.7583546916
263588.825407	34.6045289283	13.7073217423
263588.958726	34.628670421	13.6969770211
263589.092045	34.7711654648	13.6976749774
263589.225363	34.8151459608	13.6431592368
263589.358682	34.842361205	13.5739694942
263589.492001	34.8685527422	13.4944201172
263589.62532	34.8828050245	13.4169550125
263589.758638	34.8909408281	13.349332097
263589.891957	34.891278815	13.2878119721
263590.025276	34.8928209525	13.2378914171
263590.158595	34.9001220805	13.1851488012
263590.291914	34.9116825571	13.1305846612
263590.425232	34.9275759199	13.0561389694
263590.558551	34.9548028841	12.9638092211
263590.69187	34.9779926324	12.879260918
263590.825189	34.9813281143	12.8107397201
263590.958507	34.9734497174	8.65560978399
263591.091826	34.9323538145	12.5940445763
263591.225145	34.9366726482	12.4841302682
263591.358464	34.8902682278	8.94181012296
263591.491782	34.9232484287	12.2735049132
263591.625101	34.9217555892	12.1955052807
263591.75842	34.8987129745	12.1142091009
263591.891739	34.9104855693	12.0229012114
263592.025057	34.9301428869	11.924909992
263592.158376	34.9509000053	11.8002294621
263592.291695	34.9679051291	11.6999313217
263592.425014	34.9704605954	11.6021891769
263592.558332	34.961523423	11.5090406669
263592.691651	34.9405233865	11.4529153377
263592.82497	34.9054734153	11.3494733756
263592.958289	34.8635548325	11.2388540133
263593.091607	34.8333339916	11.1464059177
263593.224926	34.8135299555	11.0548799266
263593.358245	34.7984942002	10.9604130003
263593.491564	34.7954883908	10.8547530897
263593.624882	34.8128587874	10.7382202663
263593.758201	34.8338193663	10.624784892
263593.89152	34.8417177359	10.5258887437
263594.024839	34.8469140279	10.4369036385
263594.158157	34.8496561361	10.3392650148
263594.291476	34.8345973995	10.2269139874
263594.424795	34.8189134251	10.1077829027
263594.558114	34.8194733919	10.0055475564
263594.691432	35.0351721084	9.68246636289
263594.824751	35.1561137946	9.59861277322
263594.95807	35.2558475266	9.47443434604
263595.091389	35.1401870647	9.3041540371
263595.224708	35.2492138229	9.1986150949
263595.358026	35.1222916128	9.13239276621
263595.491345	35.2544025552	9.06129827825
263595.624664	35.2003183363	8.95866936812
263595.757983	35.0634547525	8.837946748
263595.891301	35.0321186525	8.73813666367
263596.02462	35.0153391206	8.65482554671
263596.157939	35.005092171	8.55017840583
263596.291258	34.947787446	8.43730775012
263596.424576	35.0098493726	8.35587391148
263596.557895	35.0272468358	8.23480294315
263596.691214	35.0155991621	8.12326539334
263596.824533	34.9770004118	8.03192500839
263596.957851	35.0210894358	7.97385869302
263597.09117	34.9911577405	7.90047943321
263597.224489	34.9207133987	7.78916253968
263597.357808	34.8809570201	7.70444246379
263597.491126	34.8399968914	7.63135260225
263597.624445	34.8025308065	7.57507148124
263597.757764	34.7603857524	7.51614397655
263597.891083	34.7065881497	7.46497691733
263598.024402	34.6505613481	7.4171220586
263598.15772	34.6038900265	7.36668590259
263598.291039	34.559140829	7.31784832049
263598.424358	34.5159281172	7.28381060702
263598.557676	34.4809205295	7.26265733523
263598.690995	34.453111604	7.25074935219
263598.824314	34.417675329	7.2525715527
263598.957633	34.383432463	7.26618058379
263599.090951	34.3533430015	7.2932832923
263599.22427	34.3122114696	7.33137719181
263599.357589	34.2520641994	7.38527180649
263599.490908	34.1917222051	7.43905650066
263599.624226	34.1516145802	7.46507458904
263599.757545	34.1016179952	7.48608559549
263599.890864	34.1618775595	7.51693009601
263600.024183	34.0888241189	7.54696691875
263600.157501	34.0241864509	7.54546838712
263600.29082	33.9212121877	7.57321610033
263600.424139	33.8445761678	7.54412413491
263600.557458	33.7562012779	7.53681024832
263600.690776	33.6920917175	7.53606415342
263600.824095	33.6305988312	7.53866558244
263600.957414	33.5643477453	7.54941621617
263601.090733	33.4945197343	7.5677502005
263601.224051	33.4094970593	7.59721873846
263601.35737	33.0930214247	7.03764333095
263601.490689	33.0236320949	7.06263567004
263601.624008	32.951630816	7.07848080618
263601.757326	32.8755696582	7.08733364059
263601.890645	32.7840047794	7.0942022543
263602.023964	32.6780627723	7.09176191603
263602.157282	32.5769960972	7.09573427918
263602.290601	32.4918653938	7.10720738905
263602.42392	32.2883814326	7.11747753808
263602.557239	32.2018006804	7.1489704093
263602.690557	32.1121410463	7.19172884249
263602.823876	32.0183903813	7.24196718654
263602.957195	31.9404229732	7.32449169254
263603.090514	31.8629470416	7.33826673345
263603.223832	31.7791286869	7.35568488148
263603.357151	31.6713857208	7.38306345273
263603.49047	31.5506557386	7.3993633142
263603.623789	31.4168552123	7.47866796425
263603.757108	31.3315291441	7.49284330465
263603.890426	31.2540932525	7.51966763659
263604.023745	31.2043238284	7.54624103178
263604.157064	31.1581052122	7.58044467361
263604.290382	31.1219587317	7.6158194342
263604.423701	31.0977146069	7.64855377003
263604.55702	31.0870659608	7.66274701205
263604.690339	31.0844972483	7.66103632476
263604.823657	31.0877458245	7.62886962221
263604.956976	31.103303978	7.56606995695
263605.090295	31.1229091722	7.4954453404
263605.223614	31.146615119	7.42701932059
263605.356933	31.1577974503	7.37588808194
263605.490251	31.1474011708	7.34631174894
263605.62357	31.1114081234	7.32735810716
263605.756889	31.0516945981	7.30919852315
263605.890207	30.9709028208	7.30593557618
263606.023526	30.876271254	7.30569253431
263606.156845	30.7879338358	7.3033587286
263606.290164	30.7127503677	7.29389897049
263606.423482	30.6282707756	7.27803199154
263606.556801	30.5300737981	7.25289573883
263606.69012	30.4277761123	7.21344899027
263606.823439	30.3271486748	7.17669838158
263606.956757	30.2337034445	7.15871817517
263607.090076	30.1357393228	7.14875619932
263607.223395	30.0380171793	7.14295492612
263607.356714	29.9254775545	7.15605563026
263607.490032	29.9972386046	7.58444784999
263607.623351	29.9188278141	7.57187785631
263607.75667	29.8235755009	7.56258693591
263607.889989	29.7313541682	7.55135499157
263608.023308	29.6272555481	7.51674243326
263608.156626	29.5148435806	7.46988814872
263608.289945	29.4156376083	7.43880533555
263608.423264	29.3260746134	7.41964454106
263608.556582	29.2408559884	7.40469279047
263608.689901	29.1456709714	7.39930998086
263608.82322	29.0405986322	7.40687400328
263608.956539	28.9340878898	7.41802006372
263609.089857	28.8427514886	7.41986131507
263609.223176	28.7442675594	7.41675035024
263609.356495	28.644646415	7.40337769251
263609.489814	28.5281004387	7.38021319802
263609.623133	28.4021243196	7.34589406286
263609.756451	28.2916990527	7.32218687385
263609.88977	28.1923193751	7.30844301032
263610.023089	28.0908626338	7.30393030091
263610.156407	27.9882189571	7.3120097829
263610.289726	27.8651097289	7.33491917066
263610.423045	27.7606312407	7.3510953845
263610.556364	27.6598041243	7.3573554961
263610.689683	27.562094562	7.35550578302
263610.823001	27.4471483926	7.34507654345
263610.95632	27.3148245451	7.32182440622
263611.089639	27.1959259673	7.30189969047
263611.222958	27.0992477461	7.28968897186
263611.356276	27.0025153673	7.28427050376
263611.489595	26.9007807892	7.29000820442
263611.622914	26.7940970528	7.30756183641
263611.756232	26.6942184043	7.3165135105
263611.889551	26.6183656973	7.31146505124
263612.02287	26.5598800241	7.29265593296
263612.156189	26.500509786	7.26380550276
263612.289508	26.4321954139	7.22134291373
263612.422826	26.3498545317	7.16520856128
263612.556145	26.2776903044	7.11035954764
263612.689464	26.219377048	7.06660290097
263612.822783	26.1680079162	7.02937841577
263612.956101	26.1148299447	6.98901665488
263613.08942	26.0563032747	6.95274848967
263613.222739	25.9922903646	6.92054102253
263613.356058	25.9534212532	6.88303459411
263613.489376	25.9181577293	6.83935997003
263613.622695	25.8795231683	6.77509597471
263613.756014	25.8420520687	6.68921873213
263613.889333	25.8039387897	6.5879612472
263614.022651	25.7566663171	6.49873417251
263614.15597	25.7085831606	6.43819314454
263614.289289	25.6459857066	6.38726747756
263614.422607	25.5686275796	6.35186297509
263614.555926	25.4740126254	6.32523828599
263614.689245	25.3629095897	6.30291179012
263614.822564	25.2505831246	6.29197130276
263614.955882	25.1574741239	6.27888462417
263615.089201	25.0624434618	6.26610826503
263615.22252	24.9590220281	6.25533757633
263615.355839	24.8499982739	6.23333973279
263615.489157	24.7371878964	6.19791171049
263615.622476	24.6354042738	6.17012285028
263615.755795	24.5461727606	6.15952916034
263615.889114	24.452468015	6.15464610731
263616.022433	24.3455240986	6.16432213898
263616.155751	24.2271420515	6.17620079294
263616.28907	24.1238089674	6.1806727907
263616.422389	24.0251171238	6.17664981296
263616.555708	23.9192036554	6.16048235001
263616.689026	23.7962895507	6.13917768055
263616.822345	23.6646555741	6.11016871232
263616.955664	23.5498196728	6.10106581545
263617.088982	23.4421828361	6.09776357095
263617.222301	23.3249513564	6.10387125872
263617.35562	23.1960590941	6.12538871973
263617.488939	23.0739172407	6.14203764209
263617.622258	22.9750538431	6.14251334251
263617.755576	22.8667190261	6.14419022519
263617.888895	22.7472142255	6.13302544083
263618.022214	22.6194182063	6.1075918199
263618.155533	22.50202395	6.09642435925
263618.288851	22.4007487654	6.09373635178
263618.42217	22.3040312885	6.10439656142
263618.555489	22.2141852057	6.12605744574
263618.688808	22.1066259119	6.16301751478
263618.822126	22.0120964065	6.18909106867
263618.955445	21.9291382185	6.19043518639
263619.088764	21.8366491608	6.19192803701
263619.222082	21.7315879483	6.18613151018
263619.355401	21.6089131541	6.16120301686
263619.48872	21.4953292701	6.12948436493
263619.622039	21.3940665841	6.11592265322
263619.755357	20.9502080013	6.02775806525
263619.888676	20.8482784288	6.02836686347
263620.021995	20.7310284177	6.04213085329
263620.155314	20.5643237206	6.01874726543
263620.288632	20.4680744601	6.02064817366
263620.421951	20.3627327497	6.01829028464
263620.55527	20.2477175934	6.00654413992
263620.688589	20.1174726608	5.9819295681
263620.821907	19.9915653887	5.95596532883
263620.955226	19.8858422161	5.94118619242
263621.088545	19.7807851593	5.93433966526
263621.221864	19.6685655891	5.93359504765
263621.355182	19.5408192363	5.95148397568
263621.488501	19.4106640034	5.96984924046
263621.62182	19.3041194976	5.97506164755
263621.755139	19.1851366335	5.98201754002
263621.888457	19.0598756223	5.97518591026
263622.021776	18.9211486995	5.95662987314
263622.155095	18.7922748389	5.94470705305
263622.288414	18.6798556901	5.94649476014
263622.421733	18.5677570768	5.96117614232
263622.555051	18.4473540277	5.98334594535
263622.68837	18.3188598537	6.0184898687
263622.821689	18.2122966043	6.0413768493
263622.955008	18.1084446909	6.05323567243
263623.088326	17.9971097555	6.06115840858
263623.221645	17.8686078733	6.05859546199
263623.354964	17.7291582014	6.04229535785
263623.488283	17.6082327441	6.0335395212
263623.621601	17.4966939009	6.03047089612
263623.75492	17.3815885865	6.03875851969
263623.888239	17.2545923493	6.05995674171
263624.021558	17.1198820663	6.08731528838
263624.154876	17.0157496675	6.10005236426
263624.288195	16.9080496055	6.10910407988
263624.421514	16.7944937694	6.1103830219
263624.554833	16.6647301107	6.09930326725
263624.688152	16.5280894888	6.07346592882
263624.82147	16.411351459	6.06273630126
263624.954789	16.2973417334	6.05794943879
263625.088108	16.1863660213	6.05941020476
263625.221427	16.0674221762	6.08223048746
263625.354745	15.9386904624	6.10480556143
263625.488064	15.8281193122	6.11739236577
263625.621383	15.7175039886	6.12457709192
263625.754701	15.5880933859	6.12149392725
263625.88802	15.4495261886	6.10757528033
263626.021339	15.3002107889	6.07833904399
263626.154658	15.1762681251	6.06317243012
263626.287977	14.7029752228	5.99010494257
263626.421295	14.5862799766	5.99414715948
263626.554614	14.4568680646	6.01394843756
263626.687933	14.3262595765	6.04137851671
263626.821252	14.2187125852	6.04981977116
263626.954571	14.103877858	6.06164625872
263627.087889	13.9788868303	6.06265888648
263627.221208	13.8392096661	6.054254323
263627.354527	13.6989051075	6.04152096333
263627.487846	13.576501799	6.04168517502
263627.621164	13.4610614838	6.04611046921
263627.754483	13.333037819	6.05837970442
263627.887802	13.196627824	6.09042005663
263628.021121	13.0567304959	6.12239035077
263628.15444	12.9404486771	6.1340810955
263628.287758	12.8176195655	6.14347361103
263628.421077	12.6855520775	6.14644424989
263628.554396	12.5493660996	6.13049552192
263628.687715	12.423140285	6.11369026257
263628.821034	12.3163939263	6.10355161423
263628.954352	12.178107796	5.88550879949
263629.087671	12.0176269397	5.89687292978
263629.22099	11.896913244	5.93031857084
263629.354309	11.7789600859	5.89072549524
263629.487628	11.6744577326	5.89127133983
263629.620947	11.5554795438	5.86644603109
263629.754265	11.4336163426	5.83673959418
263629.887584	11.3131125926	5.80364773373
263630.020903	11.2030404527	5.7927749734
263630.154222	11.1045272729	5.79298332047
263630.287541	11.0038902585	5.80628951187
263630.420859	10.8935367442	5.83974623754
263630.554178	10.7695734413	5.8797758356
263630.687497	10.6586524645	5.91301975551
263630.820816	10.5537775072	5.93601635144
263630.954135	10.4499874142	5.94951358059
263631.087454	10.3314019232	5.95458497448
263631.220772	10.201970439	5.94128371943
263631.354091	10.0777859273	5.93928450752
263631.48741	9.97501836479	5.94450964918
263631.620729	9.70795375031	6.03952336878
263631.754048	9.60931759391	6.09137555984
263631.887367	9.47904624869	6.13033082926
263632.020685	9.37217313275	6.14853770677
263632.154004	9.26346589187	6.15937078025
263632.287323	9.15131822583	6.16466436146
263632.420642	9.02597708165	6.15194596236
263632.553961	8.88678767766	6.13114951274
263632.68728	8.62507477008	6.04074450281
263632.820598	8.51988369371	6.02172136435
263632.953917	8.3481785582	6.03571504973
263633.087236	8.19259441934	6.06244496744
263633.220555	8.14039912803	5.99827223224
263633.353874	8.03611676513	6.00429851526
263633.487192	7.9261708347	6.00928855364
263633.620511	7.80495699839	6.01060479331
263633.75383	7.67790543571	5.99310439271
263633.887149	7.55749024258	5.97355802063
263634.020468	7.45883786701	5.97452342008
263634.153786	7.36104353673	5.98666243838
263634.287105	7.26929161945	6.01908922012
263634.420424	7.18065141586	6.07114119326
263634.553743	7.09386040088	6.14201796392
263634.687062	7.02524109778	6.22090711173
263634.820381	6.97381037191	6.30705229927
263634.953699	6.94469425322	6.39373115962
263635.087018	6.92416926503	6.47749830628
263635.220337	6.89921806988	6.55655876708
263635.353656	6.87359485505	6.62816869838
263635.486974	6.87720808934	6.68837543088
263635.620293	6.88654650862	6.69792986573
263635.753612	6.90854774951	6.69400452502
263635.886931	6.9279926565	6.6791889659
263636.02025	6.94572182831	6.66199827462
263636.153569	6.95258651794	6.6473822924
263636.286887	6.95739787502	6.62608582924
263636.420206	6.95139419068	6.59733573751
263636.553525	6.94466335474	6.57210747068
263636.686844	6.92312956467	6.55345721638
263636.820163	6.89322594082	6.5595581819
263636.953481	6.85175358845	6.59417237104
263637.0868	6.79367196619	6.64681958137
263637.220119	6.7390134859	6.71030757576
263637.353438	6.70950055839	6.77980087407
263637.486757	6.69661409872	6.85089946588
263637.620075	6.69374014997	6.92741383328
263637.753394	6.70421460993	7.0104784743
263637.886713	6.72547212355	7.10278846842
263638.020032	6.92976738336	12.3793132792
263638.153351	6.86136609958	12.3295354068
263638.286669	6.78326813559	12.2738471628
263638.419988	6.69866434579	12.2087794769
263638.553307	6.62463061448	12.1244598076
263638.686626	6.81034839608	7.74359869341
263638.819945	6.7020723977	7.81945439829
263638.953263	6.74319292474	7.92868851615
263639.086582	6.72354846329	8.0582829096
263639.219901	6.7828447294	8.16846509204
263639.35322	6.69119867005	8.29805027638
263639.486539	6.69286578808	8.40291127541
263639.619857	6.68736756224	8.5102864835
263639.753176	6.62722402968	8.56149632989
263639.886495	6.60958836119	8.69034101623
263640.019814	6.60139762936	8.80619722414
263640.153133	6.60248353653	8.90748148405
263640.286451	6.61426086585	9.0084035387
263640.41977	6.63497831641	9.11026624847
263640.553089	6.68137348622	9.22429067006
263640.686408	6.71855803369	9.32915964321
263640.819726	6.73786142532	9.4197469755
263640.953045	6.7546883343	9.51985592182
263641.086364	6.76123870967	9.63100733874
263641.219683	6.74680334113	9.75260104719
263641.353002	6.72749041028	9.88669242686
263641.486321	6.71864022335	9.99843076895
263641.619639	6.71225802042	10.1051516759
263641.752958	6.71665850759	10.2159478736
263641.886277	6.73472043596	10.3469854527
263642.019596	6.75714122759	10.4840945811
263642.152915	6.76387000225	10.5890164978
263642.286233	6.77310910832	10.7035067809
263642.419552	6.69752995558	11.2326814457
263642.552871	6.67755047374	11.3231665874
263642.68619	6.60864472965	11.4007327561
263642.819508	6.60248977102	11.5144912766
263642.952827	6.5989285689	11.6143678185
263643.086146	6.60489656373	11.720556207
263643.219465	6.63073815765	11.8379735695
263643.352784	6.65858707702	11.9627488899
263643.486102	6.67297796884	12.0690300493
263643.619421	6.68796214043	12.1831279419
263643.75274	6.68936459916	12.3105356984
263643.886059	6.68059752351	12.4446744481
263644.019378	6.66690061489	12.5791449311
263644.152697	6.66916239778	12.6959373043
263644.286015	6.68279832585	12.8011478892
263644.419334	6.69981474165	12.9080982449
263644.552653	6.73796689227	13.0238334976
263644.685972	6.77840793104	13.1428492061
263644.819291	6.79514795146	13.2405234848
263644.952609	6.81424088086	13.348579142
263645.085928	6.81751705029	13.4592966226
263645.219247	6.80786453921	13.5824107044
263645.352566	6.79778028585	13.7111765645
263645.485885	6.80158089575	13.8226377266
263645.619203	6.80816500892	13.9224814403
263645.752522	6.82260794908	14.0305368857
263645.885841	6.85384664132	14.1420558137
263646.01916	6.88905782643	14.2533430081
263646.152478	6.91107511838	14.3318656549
263646.285797	6.92542793782	14.4184852616
263646.419116	6.93506200441	14.5114793779
263646.552435	6.53580369434	15.2269481209
263646.685754	6.45456460677	15.3247439861
263646.819073	6.4430498161	15.4323555733
263646.952391	6.44010111207	15.5297865977
263647.08571	6.4417411704	15.6263156637
263647.219029	6.45598889299	15.7326535906
263647.352348	6.47793799756	15.8534892096
263647.485667	6.57810098998	16.0314561201
263647.618986	6.76756169962	16.2133803052
263647.752304	6.51427471895	16.1642723032
263647.885623	6.63628749644	16.3601549819
263648.018942	6.64236614998	16.5453574774
263648.152261	6.69213082947	16.6938098323
263648.28558	6.56607973107	16.7411253085
263648.418898	6.55070023007	16.8232749701
263648.552217	6.57462238074	16.9382438986
263648.685536	6.60232995679	17.0525668825
263648.818855	6.63103632533	17.1777310552
263648.952173	6.66634535512	17.2814104192
263649.085492	6.66944716273	17.3680101958
263649.218811	6.66544522796	17.4621635807
263649.35213	6.65462668366	17.5642255827
263649.485449	6.63100438362	17.664777057
263649.618767	6.61739990452	17.7588506655
263649.752086	6.62117407277	17.8321541322
263649.885405	6.64147997735	17.9010839288
263650.018724	6.68475442024	17.9580766316
263650.152043	6.74420833664	17.9984766774
263650.285362	6.81378835104	18.0328999692
263650.41868	6.88218962565	18.0519508972
263650.551999	6.94294073757	18.0595284806
263650.685318	6.99632213572	18.0588969468
263650.818637	7.04482816598	18.0538775737
263650.951956	7.0936023058	18.0435354565
263651.085274	7.14108676583	18.0434601761
263651.218593	7.18473391944	18.0487536172
263651.351912	7.20957120431	18.0433444527
263651.485231	7.21218689964	18.0329712119
263651.618549	7.20855933662	18.023762431
263651.751868	7.18455386285	18.011556835
263651.885187	7.15084189262	18.0054836843
263652.018506	7.10011356216	17.9893422234
263652.151825	7.04858249723	17.9638947916
263652.285143	7.00037524779	17.9420895148
263652.418462	6.96782136246	17.9248911014
263652.551781	6.95227299528	17.9074767011
263652.6851	6.95242394932	17.909133201
263652.818418	6.96884742937	17.9143175446
263652.951737	6.6591561021	17.7220722412
263653.085056	6.6676530805	17.7125750183
263653.218375	6.694596661	17.7176620894
263653.351694	6.71302780147	17.7152642385
263653.485012	6.71555934027	17.7182785816
263653.618331	6.7158349976	17.7202378573
263653.75165	6.71612931253	17.7183303282
263653.884969	6.71601115504	17.7214913448
263654.018288	6.71486144204	17.7252059431
263654.151606	6.71463462234	17.7245650167
263654.284925	6.71498206667	17.7260339647
263654.418244	6.71445898802	17.7277717391
263654.551563	6.7138140929	17.7266929092
263654.684882	6.71415000508	17.7270029306
263654.8182	6.72842488814	17.7138724446
263654.951519	6.73206871808	17.7158757426
263655.084838	6.73414870744	17.7143138918
263655.218157	6.73508344601	17.7114043071
263655.351476	6.73458912765	17.7066574581
263655.484794	6.73680885463	17.7005070783
263655.618113	6.73826695521	17.6942748229
263655.751432	6.73850675086	17.6874206663
263655.884751	6.73922487118	17.68011548
263656.01807	6.73903055992	17.672867919
263656.151388	6.73378570912	17.6848345092
263656.284707	6.73411717539	17.6798022584
263656.418026	6.73416811438	17.6747637722
263656.551345	6.73540199043	17.6785057453
263656.684663	6.73635671626	17.6779110396
263656.817982	6.73668943169	17.6781891602
263656.951301	6.73539879874	17.6791929593
263657.08462	6.73446259337	17.6794682368
263657.217939	6.73363617876	17.6792614332
263657.351258	6.73405376317	17.679358379
263657.484576	6.73507696261	17.6800244685
263657.617895	6.73523103054	17.6814025322
263657.751214	6.73595736836	17.6817275428
263657.884533	6.73630629372	17.6811712179
263658.017852	6.7358382838	17.6797753422
263658.15117	6.7349132747	17.6785319472
263658.284489	6.73417797021	17.6777381308
263658.417808	6.73312977108	17.6766639631
263658.551127	6.73377336214	17.677111365
263658.684445	6.73290927397	17.6767881656
263658.817764	6.73105729635	17.6748945192
263658.951083	6.72855214079	17.6714310372
263659.084402	6.72681468955	17.6711099631
263659.217721	6.72654095052	17.6716385277
263659.351039	6.72594436396	17.6732814439
263659.484358	6.72542199926	17.6747107068
263659.617677	6.72609990061	17.6771084839
263659.750996	6.72728998472	17.6778816029
263659.884315	6.72901224127	17.6783836183
263660.017633	6.73002194475	17.6787990925
263660.150952	6.73052344691	17.6763133749
263660.284271	6.73078065631	17.6757597746
263660.41759	6.73121534237	17.6742600451
263660.550909	6.7316033194	17.6713154685
263660.684228	6.7314330128	17.6707862171
263660.817546	6.7315233095	17.6704352856
263660.950865	6.7314158513	17.6706073536
263661.084184	6.73182824984	17.6713306454
263661.217503	6.73185383563	17.6717275784
263661.350821	6.73197870606	17.6709689774
263661.48414	6.73207647514	17.6712109857
263661.617459	6.73229037429	17.6712465457
263661.750778	6.73216315228	17.6720150578
263661.884097	6.73227498319	17.6726770965
263662.017415	6.73245978996	17.673139451
263662.150734	6.73236744929	17.672869971
263662.284053	6.73251327175	17.6730709164
263662.417372	6.73257648197	17.6730139403
263662.550691	6.73266138106	17.6731029683
263662.68401	6.7326444495	17.6726561227
263662.817328	6.73267024018	17.671816593
263662.950647	6.73282843739	17.6723693254
263663.083966	6.73227726981	17.6714368779
263663.217285	6.73132413504	17.6692326603
263663.350603	6.73087679893	17.669401525
263663.483922	6.73028024363	17.6676092452
263663.617241	6.73021653362	17.6679403586
263663.75056	6.73100892822	17.6698469939
263663.883879	6.73107628426	17.6699200203
263664.017197	6.73168277858	17.6696253101
263664.150516	6.731719208	17.6694172977
263664.283835	6.73175588058	17.6696443518
263664.417154	6.73182678848	17.6696815712
263664.550473	6.71713375192	17.7105616584
263664.683791	6.71862837601	17.7128633201
263664.81711	6.71854526057	17.7131579776
263664.950429	6.71836374028	17.7131149233
263665.083748	6.71824504808	17.7128769212
263665.217067	6.7184041191	17.7129228251
263665.350385	6.71818434565	17.7131915273
263665.483704	6.71820512642	17.7132724869
263665.617023	6.71853759255	17.7132577381
263665.750342	6.71863582309	17.7132803216
263665.883661	6.71877972852	17.7134764894
263666.016979	6.71860059548	17.7142049835
263666.150298	6.71859299621	17.7140326062
263666.283617	6.71858533897	17.7139849262
263666.416936	6.71864963594	17.713514518
263666.550255	6.71927252387	17.712774441
263666.683573	6.72131523621	17.7113513554
263666.816892	6.72425523339	17.7091782582
263666.950211	6.72701745058	17.7078454335
263667.08353	6.72928644012	17.7061984919
263667.216849	6.73034913591	17.7046079917
263667.350167	6.73125427989	17.7020080717
263667.483486	6.731205408	17.699699416
263667.616805	6.73218080971	17.6983943484
263667.750124	6.73253468189	17.7006488717
263667.883443	6.73236601272	17.700051941
263668.016761	6.73152724578	17.6990588067
263668.15008	6.73201852906	17.6991668429
263668.283399	6.73192513702	17.6986723917
263668.416718	6.73182765659	17.6974914215
263668.550037	6.73144952943	17.6963089338
263668.683356	6.73118991589	17.6940508513
263668.816674	6.73143919362	17.693687136
263668.949993	6.73177838938	17.6952741241
263669.083312	6.7318834507	17.6962391228
263669.216631	6.73185097979	17.6971128184
263669.34995	6.7319240446	17.6977237868
263669.483268	6.73172539967	17.6973252643
263669.616587	6.7315317426	17.6974724248
263669.749906	6.73163304572	17.6979101061
263669.883225	6.73157795892	17.6991451563
263670.016543	6.7315143735	17.7005692157
263670.149862	6.73163827803	17.7006767168
263670.283181	6.73191352358	17.7004420748
263670.4165	6.73194120698	17.7003722379
263670.549819	6.73174360687	17.7002379254
263670.683137	6.73162303963	17.7004039072
