ARKit Data
92692.282067583
normal
simd_float4x4([[-0.061485, -0.991722, -0.112724, 0.0)], [-0.879532, 0.000443157, 0.47584, 0.0)], [-0.471851, 0.128401, -0.872278, 0.0)], [-0.0226616, -0.000407374, -0.0504004, 1.0)]])
-0.0226616, -0.000407374, -0.0504004
float3(-0.128757, -2.64573, -1.57035)
92692.617045041
notAvailable
simd_float4x4([[1.0, 0.0, 0.0, 0.0)], [0.0, 1.0, 0.0, 0.0)], [0.0, 0.0, 1.0, 0.0)], [0.0, 0.0, 0.0, 1.0)]])
0.0, 0.0, 0.0
float3(-0.0, 0.0, 0.0)
92692.733697458
notAvailable
simd_float4x4([[1.0, 0.0, 0.0, 0.0)], [0.0, 1.0, 0.0, 0.0)], [0.0, 0.0, 1.0, 0.0)], [0.0, 0.0, 0.0, 1.0)]])
0.0, 0.0, 0.0
float3(-0.0, 0.0, 0.0)
92692.850349791
limited(__ObjC.ARCamera.TrackingState.Reason.initializing)
simd_float4x4([[0.000777189, -0.990506, 0.137468, 0.0)], [0.999999, 0.00059536, -0.00136382, 0.0)], [0.00126903, 0.137469, 0.990505, 0.0)], [0.0, 0.0, 0.0, 1.0)]])
0.0, 0.0, 0.0
float3(-0.137905, 0.00128119, -1.5702)
92692.96700225
limited(__ObjC.ARCamera.TrackingState.Reason.initializing)
simd_float4x4([[0.0168313, -0.990693, 0.135072, 0.0)], [0.999852, 0.0171724, 0.00136033, 0.0)], [-0.00366717, 0.135029, 0.990835, 0.0)], [0.0, 0.0, 0.0, 1.0)]])
0.0, 0.0, 0.0
float3(-0.135443, -0.00370108, -1.55346)
92693.083654625
limited(__ObjC.ARCamera.TrackingState.Reason.initializing)
simd_float4x4([[0.0226388, -0.990663, 0.134431, 0.0)], [0.999559, 0.0250129, 0.0159975, 0.0)], [-0.0192107, 0.13401, 0.990792, 0.0)], [0.0, 0.0, 0.0, 1.0)]])
0.0, 0.0, 0.0
float3(-0.134414, -0.0193868, -1.54555)
92693.200307041
limited(__ObjC.ARCamera.TrackingState.Reason.initializing)
simd_float4x4([[0.0198913, -0.990944, 0.13278, 0.0)], [0.998776, 0.0257109, 0.0422593, 0.0)], [-0.0452906, 0.131777, 0.990243, 0.0)], [0.0, 0.0, 0.0, 1.0)]])
0.0, 0.0, 0.0
float3(-0.132162, -0.045705, -1.54486)
92693.316959375
limited(__ObjC.ARCamera.TrackingState.Reason.initializing)
simd_float4x4([[0.0156791, -0.990849, 0.134047, 0.0)], [0.997011, 0.0256366, 0.0728853, 0.0)], [-0.0756549, 0.132503, 0.988289, 0.0)], [0.0, 0.0, 0.0, 1.0)]])
0.0, 0.0, 0.0
float3(-0.132894, -0.0764024, -1.54493)
92693.433611916
limited(__ObjC.ARCamera.TrackingState.Reason.initializing)
simd_float4x4([[0.00972576, -0.991262, 0.131525, 0.0)], [0.993968, 0.0239519, 0.107021, 0.0)], [-0.109237, 0.129691, 0.985516, 0.0)], [0.0, 0.0, 0.0, 1.0)]])
0.0, 0.0, 0.0
float3(-0.130057, -0.110391, -1.54664)
92693.533666833
limited(__ObjC.ARCamera.TrackingState.Reason.initializing)
simd_float4x4([[0.00590334, -0.991442, 0.130392, 0.0)], [0.99024, 0.0239529, 0.137299, 0.0)], [-0.139247, 0.128309, 0.981907, 0.0)], [0.0, 0.0, 0.0, 1.0)]])
0.0, 0.0, 0.0
float3(-0.128664, -0.140874, -1.54664)
92693.633721833
limited(__ObjC.ARCamera.TrackingState.Reason.initializing)
simd_float4x4([[0.0014681, -0.991667, 0.1288, 0.0)], [0.986784, 0.0223061, 0.160496, 0.0)], [-0.162032, 0.126862, 0.978594, 0.0)], [0.0, 0.0, 0.0, 1.0)]])
0.0, 0.0, 0.0
float3(-0.127205, -0.164087, -1.54831)
92693.733776708
limited(__ObjC.ARCamera.TrackingState.Reason.initializing)
simd_float4x4([[-0.00323508, -0.991904, 0.126924, 0.0)], [0.985886, 0.0180813, 0.166437, 0.0)], [-0.167385, 0.125671, 0.977846, 0.0)], [0.0, 0.0, 0.0, 1.0)]])
0.0, 0.0, 0.0
float3(-0.126004, -0.169534, -1.55257)
92693.833831708
limited(__ObjC.ARCamera.TrackingState.Reason.initializing)
simd_float4x4([[-0.00658358, -0.992036, 0.125762, 0.0)], [0.988591, 0.012468, 0.150106, 0.0)], [-0.150479, 0.125316, 0.980636, 0.0)], [0.0, 0.0, 0.0, 1.0)]])
0.0, 0.0, 0.0
float3(-0.125646, -0.152263, -1.55823)
92693.933886416
limited(__ObjC.ARCamera.TrackingState.Reason.initializing)
simd_float4x4([[-0.00795627, -0.992184, 0.12451, 0.0)], [0.993356, 0.00645358, 0.114905, 0.0)], [-0.114811, 0.124597, 0.98554, 0.0)], [0.0, 0.0, 0.0, 1.0)]])
0.0, 0.0, 0.0
float3(-0.124922, -0.115973, -1.56429)
92694.033941458
limited(__ObjC.ARCamera.TrackingState.Reason.initializing)
simd_float4x4([[-0.00571053, -0.992345, 0.123348, 0.0)], [0.997932, 0.00224164, 0.0642358, 0.0)], [-0.0640207, 0.12346, 0.99028, 0.0)], [0.0, 0.0, 0.0, 1.0)]])
0.0, 0.0, 0.0
float3(-0.123775, -0.0645593, -1.56854)
92694.133996416
limited(__ObjC.ARCamera.TrackingState.Reason.initializing)
simd_float4x4([[-0.00203013, -0.99248, 0.122369, 0.0)], [0.999989, -0.00150646, 0.00437188, 0.0)], [-0.00415468, 0.122377, 0.992473, 0.0)], [0.0, 0.0, 0.0, 1.0)]])
0.0, 0.0, 0.0
float3(-0.122684, -0.00418616, -1.57231)
92694.2340515
limited(__ObjC.ARCamera.TrackingState.Reason.initializing)
simd_float4x4([[0.00320607, -0.992481, 0.12234, 0.0)], [0.998306, -0.0039303, -0.0580471, 0.0)], [0.0580916, 0.122319, 0.990787, 0.0)], [0.0, 0.0, 0.0, 1.0)]])
0.0, 0.0, 0.0
float3(-0.122626, 0.0585648, -1.57476)
92694.334106291
limited(__ObjC.ARCamera.TrackingState.Reason.initializing)
simd_float4x4([[0.00903961, -0.992342, 0.12317, 0.0)], [0.993337, -0.00524094, -0.115129, 0.0)], [0.114894, 0.12339, 0.985683, 0.0)], [0.0, 0.0, 0.0, 1.0)]])
0.0, 0.0, 0.0
float3(-0.123705, 0.116039, -1.57608)
92694.43416125
limited(__ObjC.ARCamera.TrackingState.Reason.initializing)
simd_float4x4([[0.0150036, -0.991989, 0.125411, 0.0)], [0.987588, -0.00490973, -0.156989, 0.0)], [0.156348, 0.12621, 0.979603, 0.0)], [0.0, 0.0, 0.0, 1.0)]])
0.0, 0.0, 0.0
float3(-0.126547, 0.158268, -1.57575)
92694.534216375
limited(__ObjC.ARCamera.TrackingState.Reason.initializing)
simd_float4x4([[0.0176103, -0.992031, 0.124749, 0.0)], [0.983301, -0.00541932, -0.181906, 0.0)], [0.181132, 0.12587, 0.975369, 0.0)], [0.0, 0.0, 0.0, 1.0)]])
0.0, 0.0, 0.0
float3(-0.126204, 0.183615, -1.57626)
92694.63427125
limited(__ObjC.ARCamera.TrackingState.Reason.initializing)
simd_float4x4([[0.0184651, -0.992008, 0.124811, 0.0)], [0.983623, -0.00436106, -0.180184, 0.0)], [0.179288, 0.126094, 0.975682, 0.0)], [0.0, 0.0, 0.0, 1.0)]])
0.0, 0.0, 0.0
float3(-0.126431, 0.18173, -1.57519)
92694.734326208
limited(__ObjC.ARCamera.TrackingState.Reason.initializing)
simd_float4x4([[0.0177926, -0.991933, 0.125502, 0.0)], [0.98895, -0.00101715, -0.148245, 0.0)], [0.147176, 0.126753, 0.980955, 0.0)], [0.0, 0.0, 0.0, 1.0)]])
0.0, 0.0, 0.0
float3(-0.127095, 0.148923, -1.57182)
92694.834381125
limited(__ObjC.ARCamera.TrackingState.Reason.initializing)
simd_float4x4([[0.0132016, -0.991921, 0.126168, 0.0)], [0.996027, 0.00193204, -0.0890299, 0.0)], [0.0880668, 0.126842, 0.988006, 0.0)], [0.0, 0.0, 0.0, 1.0)]])
0.0, 0.0, 0.0
float3(-0.127185, 0.088901, -1.56885)
92694.934436208
limited(__ObjC.ARCamera.TrackingState.Reason.initializing)
simd_float4x4([[0.00684036, -0.991791, 0.127686, 0.0)], [0.999842, 0.00469091, -0.0171271, 0.0)], [0.0163876, 0.127783, 0.991667, 0.0)], [0.0, 0.0, 0.0, 1.0)]])
0.0, 0.0, 0.0
float3(-0.128133, 0.0165238, -1.56607)
92695.034491125
limited(__ObjC.ARCamera.TrackingState.Reason.initializing)
simd_float4x4([[-0.00135407, -0.991697, 0.128586, 0.0)], [0.998284, 0.00618627, 0.0582231, 0.0)], [-0.0585352, 0.128444, 0.989987, 0.0)], [0.0, 0.0, 0.0, 1.0)]])
0.0, 0.0, 0.0
float3(-0.1288, -0.0590585, -1.56456)
92695.134546208
limited(__ObjC.ARCamera.TrackingState.Reason.initializing)
simd_float4x4([[-0.00697447, -0.991892, 0.126893, 0.0)], [0.991506, 0.00962096, 0.129701, 0.0)], [-0.12987, 0.12672, 0.9834, 0.0)], [0.0, 0.0, 0.0, 1.0)]])
0.0, 0.0, 0.0
float3(-0.127062, -0.131303, -1.5611)
92695.234601
limited(__ObjC.ARCamera.TrackingState.Reason.initializing)
simd_float4x4([[-0.0102121, -0.991998, 0.125835, 0.0)], [0.983714, 0.0126172, 0.179299, 0.0)], [-0.179452, 0.125616, 0.975714, 0.0)], [0.0, 0.0, 0.0, 1.0)]])
0.0, 0.0, 0.0
float3(-0.125949, -0.181886, -1.55808)
92695.334656208
limited(__ObjC.ARCamera.TrackingState.Reason.initializing)
simd_float4x4([[-0.011967, -0.992077, 0.125061, 0.0)], [0.978989, 0.0138367, 0.203441, 0.0)], [-0.20356, 0.124868, 0.971067, 0.0)], [0.0, 0.0, 0.0, 1.0)]])
0.0, 0.0, 0.0
float3(-0.125195, -0.206633, -1.55685)
92695.434711083
limited(__ObjC.ARCamera.TrackingState.Reason.initializing)
simd_float4x4([[-0.0111369, -0.991927, 0.126316, 0.0)], [0.979717, 0.0144518, 0.199865, 0.0)], [-0.200077, 0.12598, 0.971647, 0.0)], [0.0, 0.0, 0.0, 1.0)]])
0.0, 0.0, 0.0
float3(-0.126316, -0.203077, -1.55623)
92695.534766
limited(__ObjC.ARCamera.TrackingState.Reason.initializing)
simd_float4x4([[-0.0106658, -0.991982, 0.125928, 0.0)], [0.984517, 0.0116179, 0.174905, 0.0)], [-0.174966, 0.125843, 0.976499, 0.0)], [0.0, 0.0, 0.0, 1.0)]])
0.0, 0.0, 0.0
float3(-0.126178, -0.177295, -1.55909)
92695.634821125
limited(__ObjC.ARCamera.TrackingState.Reason.initializing)
simd_float4x4([[-0.00840571, -0.992729, 0.120075, 0.0)], [0.990421, 0.00828498, 0.13783, 0.0)], [-0.137823, 0.120084, 0.98315, 0.0)], [0.0, 0.0, 0.0, 1.0)]])
0.0, 0.0, 0.0
float3(-0.120374, -0.139277, -1.56245)
92695.734876041
limited(__ObjC.ARCamera.TrackingState.Reason.initializing)
simd_float4x4([[-0.0049788, -0.994081, 0.108522, 0.0)], [0.994999, 0.00590194, 0.099712, 0.0)], [-0.0997623, 0.108476, 0.98908, 0.0)], [0.0, 0.0, 0.0, 1.0)]])
0.0, 0.0, 0.0
float3(-0.10869, -0.100524, -1.56486)
92695.834931083
limited(__ObjC.ARCamera.TrackingState.Reason.initializing)
simd_float4x4([[-0.00692985, -0.996006, 0.0890132, 0.0)], [0.99781, -0.00103238, 0.0661302, 0.0)], [-0.0657742, 0.0892765, 0.993832, 0.0)], [0.0, 0.0, 0.0, 1.0)]])
0.0, 0.0, 0.0
float3(-0.0893956, -0.066086, -1.57183)
92695.934986083
limited(__ObjC.ARCamera.TrackingState.Reason.initializing)
simd_float4x4([[-0.00898028, -0.997952, 0.0633297, 0.0)], [0.999026, -0.00621715, 0.0436938, 0.0)], [-0.0432106, 0.0636604, 0.997036, 0.0)], [0.0, 0.0, 0.0, 1.0)]])
0.0, 0.0, 0.0
float3(-0.0637035, -0.043312, -1.57703)
92696.035041208
limited(__ObjC.ARCamera.TrackingState.Reason.initializing)
simd_float4x4([[-0.00728357, -0.999305, 0.0365592, 0.0)], [0.999478, -0.00612398, 0.0317306, 0.0)], [-0.0314847, 0.0367712, 0.998828, 0.0)], [0.0, 0.0, 0.0, 1.0)]])
0.0, 0.0, 0.0
float3(-0.0367795, -0.0315112, -1.57692)
92696.135096125
limited(__ObjC.ARCamera.TrackingState.Reason.initializing)
simd_float4x4([[-0.00925892, -0.999957, -0.000625204, 0.0)], [0.999656, -0.00927148, 0.0245308, 0.0)], [-0.0245355, -0.00039786, 0.999699, 0.0)], [0.0, 0.0, 0.0, 1.0)]])
0.0, 0.0, 0.0
float3(0.00039786, -0.024538, -1.58007)
92696.235151041
limited(__ObjC.ARCamera.TrackingState.Reason.initializing)
simd_float4x4([[-0.00996067, -0.999242, -0.0376262, 0.0)], [0.999737, -0.0107292, 0.02028, 0.0)], [-0.0206683, -0.0374143, 0.999086, 0.0)], [0.0, 0.0, 0.0, 1.0)]])
0.0, 0.0, 0.0
float3(0.0374231, -0.0206843, -1.58153)
92696.335194875
limited(__ObjC.ARCamera.TrackingState.Reason.initializing)
simd_float4x4([[-0.0108962, -0.998631, -0.0511555, 0.0)], [0.999774, -0.0118151, 0.0176966, 0.0)], [-0.0182768, -0.0509511, 0.998534, 0.0)], [0.0, 0.0, 0.0, 1.0)]])
0.0, 0.0, 0.0
float3(0.0509732, -0.0183016, -1.58263)
92696.4518475
normal
simd_float4x4([[-0.00714681, -0.99923, -0.0385719, 0.0)], [0.999768, -0.00792312, 0.0200111, 0.0)], [-0.0203013, -0.0384199, 0.999055, 0.0)], [9.5302e-05, -0.00142835, -0.00143865, 1.0)]])
9.5302e-05, -0.00142835, -0.00143865
float3(0.0384294, -0.0203177, -1.57873)
92696.568500083
normal
simd_float4x4([[-0.00543931, -0.999531, 0.0301246, 0.0)], [0.999776, -0.00482017, 0.0205873, 0.0)], [-0.0204325, 0.0302298, 0.999334, 0.0)], [0.00175882, -0.0139911, -0.0151666, 1.0)]])
0.00175882, -0.0139911, -0.0151666
float3(-0.0302344, -0.0204433, -1.57562)
92696.685152541
normal
simd_float4x4([[0.000285891, -0.992978, 0.118302, 0.0)], [0.999767, 0.00283572, 0.0213858, 0.0)], [-0.0215711, 0.118268, 0.992747, 0.0)], [0.00167011, -0.0316429, -0.0293957, 1.0)]])
0.00167011, -0.0316429, -0.0293957
float3(-0.118546, -0.0217253, -1.56794)
92696.801805083
normal
simd_float4x4([[0.011425, -0.976559, 0.214944, 0.0)], [0.999676, 0.0160477, 0.0197738, 0.0)], [-0.0227596, 0.214649, 0.976426, 0.0)], [0.000718743, -0.0492951, -0.0425357, 1.0)]])
0.000718743, -0.0492951, -0.0425357
float3(-0.216332, -0.0233049, -1.55436)
92696.901826541
normal
simd_float4x4([[0.0166647, -0.967775, 0.251263, 0.0)], [0.999674, 0.0209865, 0.0145305, 0.0)], [-0.0193354, 0.250939, 0.96781, 0.0)], [0.00149066, -0.0593406, -0.0434979, 1.0)]])
0.00149066, -0.0593406, -0.0434979
float3(-0.25365, -0.0199759, -1.54911)
92697.001881625
normal
simd_float4x4([[0.0148382, -0.969026, 0.246511, 0.0)], [0.999764, 0.0182844, 0.011697, 0.0)], [-0.015842, 0.246279, 0.969069, 0.0)], [0.0022338, -0.0595973, -0.0401791, 1.0)]])
0.0022338, -0.0595973, -0.0401791
float3(-0.248839, -0.0163462, -1.55193)
92697.101936541
normal
simd_float4x4([[0.0101823, -0.976546, 0.215067, 0.0)], [0.999941, 0.010768, 0.00155146, 0.0)], [-0.00383091, 0.215039, 0.976598, 0.0)], [0.00387519, -0.0573315, -0.0332476, 1.0)]])
0.00387519, -0.0573315, -0.0332476
float3(-0.216731, -0.00392269, -1.55977)
92697.201991583
normal
simd_float4x4([[0.00917574, -0.98154, 0.191038, 0.0)], [0.999958, 0.00889139, -0.00234559, 0.0)], [0.000603688, 0.191051, 0.98158, 0.0)], [0.00485027, -0.0572819, -0.0268903, 1.0)]])
0.00485027, -0.0572819, -0.0268903
float3(-0.192233, 0.000615016, -1.56174)
92697.302046583
normal
simd_float4x4([[0.00798744, -0.982633, 0.185389, 0.0)], [0.999964, 0.00834889, 0.00116907, 0.0)], [-0.00269656, 0.185373, 0.982664, 0.0)], [0.00547806, -0.0582619, -0.0261301, 1.0)]])
0.00547806, -0.0582619, -0.0261301
float3(-0.186451, -0.00274412, -1.5623)
92697.40210175
normal
simd_float4x4([[0.00551973, -0.982641, 0.185436, 0.0)], [0.999973, 0.00633427, 0.0038004, 0.0)], [-0.00490903, 0.18541, 0.982649, 0.0)], [0.00739371, -0.0593059, -0.0250637, 1.0)]])
0.00739371, -0.0593059, -0.0250637
float3(-0.186489, -0.00499567, -1.56435)
92697.502156875
normal
simd_float4x4([[0.00302756, -0.983374, 0.181567, 0.0)], [0.99998, 0.00396895, 0.00482172, 0.0)], [-0.0054622, 0.181549, 0.983367, 0.0)], [0.00904295, -0.0596294, -0.0244304, 1.0)]])
0.00904295, -0.0596294, -0.0244304
float3(-0.182561, -0.00555453, -1.56676)
92697.60221175
normal
simd_float4x4([[0.00488653, -0.984245, 0.176741, 0.0)], [0.999974, 0.00573758, 0.00430445, 0.0)], [-0.00525071, 0.176716, 0.984248, 0.0)], [0.00965814, -0.0602312, -0.0233427, 1.0)]])
0.00965814, -0.0602312, -0.0233427
float3(-0.177649, -0.00533469, -1.56497)
92697.702266875
normal
simd_float4x4([[0.00868393, -0.983971, 0.178119, 0.0)], [0.999943, 0.00964592, 0.00453555, 0.0)], [-0.00618097, 0.178069, 0.983998, 0.0)], [0.00938357, -0.0608556, -0.0232478, 1.0)]])
0.00938357, -0.0608556, -0.0232478
float3(-0.179024, -0.0062814, -1.56099)
92697.802321958
normal
simd_float4x4([[0.0098072, -0.983927, 0.178299, 0.0)], [0.999927, 0.0109195, 0.00525796, 0.0)], [-0.00712039, 0.178235, 0.983962, 0.0)], [0.00918581, -0.0610367, -0.0234656, 1.0)]])
0.00918581, -0.0610367, -0.0234656
float3(-0.179192, -0.00723633, -1.5597)
92697.902376958
normal
simd_float4x4([[0.00911663, -0.98417, 0.176993, 0.0)], [0.999929, 0.0103402, 0.00599187, 0.0)], [-0.00772717, 0.176926, 0.984194, 0.0)], [0.00850659, -0.0610784, -0.024368, 1.0)]])
0.00850659, -0.0610784, -0.024368
float3(-0.177862, -0.0078511, -1.56029)
92698.002431875
normal
simd_float4x4([[0.00484863, -0.984891, 0.173106, 0.0)], [0.999971, 0.00580254, 0.00500492, 0.0)], [-0.00593376, 0.173077, 0.98489, 0.0)], [0.00895104, -0.0607523, -0.0241646, 1.0)]])
0.00895104, -0.0607523, -0.0241646
float3(-0.173953, -0.00602472, -1.5649)
92698.102487166
normal
simd_float4x4([[0.0264479, -0.984559, 0.173045, 0.0)], [0.9971, 0.0136246, -0.0748764, 0.0)], [0.0713626, 0.174523, 0.982063, 0.0)], [0.0197629, -0.0376634, -0.032639, 1.0)]])
0.0197629, -0.0376634, -0.032639
float3(-0.175422, 0.0725384, -1.55696)
92698.202542083
normal
simd_float4x4([[0.0414227, -0.982162, 0.183416, 0.0)], [0.993903, 0.0217324, -0.10809, 0.0)], [0.102176, 0.186775, 0.977075, 0.0)], [0.0174224, -0.037842, -0.0377273, 1.0)]])
0.0174224, -0.037842, -0.0377273
float3(-0.187878, 0.104195, -1.54867)
92698.30259725
normal
simd_float4x4([[0.0493346, -0.979889, 0.193347, 0.0)], [0.992078, 0.0256854, -0.122966, 0.0)], [0.115527, 0.197882, 0.973394, 0.0)], [0.0189401, -0.0398451, -0.0403843, 1.0)]])
0.0189401, -0.0398451, -0.0403843
float3(-0.199196, 0.118132, -1.54459)
92698.40265225
normal
simd_float4x4([[0.0625689, -0.976002, 0.208578, 0.0)], [0.991958, 0.0377765, -0.120797, 0.0)], [0.110019, 0.214459, 0.970517, 0.0)], [0.0198407, -0.0414571, -0.0443356, 1.0)]])
0.0198407, -0.0414571, -0.0443356
float3(-0.216138, 0.11288, -1.53211)
92698.50270725
normal
simd_float4x4([[0.0606225, -0.974397, 0.216507, 0.0)], [0.992321, 0.0354045, -0.118513, 0.0)], [0.107814, 0.222029, 0.969061, 0.0)], [0.0220743, -0.0421488, -0.0484425, 1.0)]])
0.0220743, -0.0421488, -0.0484425
float3(-0.223895, 0.1108, -1.53448)
92698.602762458
normal
simd_float4x4([[0.0417017, -0.976855, 0.2098, 0.0)], [0.992502, 0.0163543, -0.121131, 0.0)], [0.114896, 0.213278, 0.970212, 0.0)], [0.0284066, -0.0431448, -0.0491074, 1.0)]])
0.0284066, -0.0431448, -0.0491074
float3(-0.214929, 0.117875, -1.55406)
92698.702817541
normal
simd_float4x4([[0.0270861, -0.981766, 0.188152, 0.0)], [0.995124, 0.00862482, -0.0982529, 0.0)], [0.0948386, 0.189896, 0.977213, 0.0)], [0.0339409, -0.0431922, -0.0480063, 1.0)]])
0.0339409, -0.0431922, -0.0480063
float3(-0.191056, 0.0967471, -1.56201)
92698.802872708
normal
simd_float4x4([[0.0182099, -0.985346, 0.169591, 0.0)], [0.995933, 0.00290616, -0.0900535, 0.0)], [0.088241, 0.170541, 0.981391, 0.0)], [0.0378253, -0.0422079, -0.0473334, 1.0)]])
0.0378253, -0.0422079, -0.0473334
float3(-0.171379, 0.0896731, -1.56785)
92698.902927625
normal
simd_float4x4([[0.0114972, -0.985888, 0.16701, 0.0)], [0.995466, -0.00448535, -0.0950073, 0.0)], [0.0944157, 0.167345, 0.981367, 0.0)], [0.0402233, -0.0426831, -0.0490757, 1.0)]])
0.0402233, -0.0426831, -0.0490757
float3(-0.168136, 0.0959131, -1.57535)
92699.002982833
normal
simd_float4x4([[0.00815585, -0.986547, 0.163273, 0.0)], [0.994261, -0.00941725, -0.106567, 0.0)], [0.106671, 0.163205, 0.980808, 0.0)], [0.0453868, -0.0448439, -0.0497262, 1.0)]])
0.0453868, -0.0448439, -0.0497262
float3(-0.163939, 0.108333, -1.58034)
92699.103037833
normal
simd_float4x4([[0.0108119, -0.987342, 0.158237, 0.0)], [0.99368, -0.00707266, -0.112026, 0.0)], [0.111727, 0.158448, 0.981025, 0.0)], [0.0457777, -0.0462111, -0.0504583, 1.0)]])
0.0457777, -0.0462111, -0.0504583
float3(-0.159119, 0.1134, -1.57796)
92699.203093
normal
simd_float4x4([[0.0127377, -0.989032, 0.14715, 0.0)], [0.99458, -0.00265465, -0.103936, 0.0)], [0.103187, 0.147677, 0.983638, 0.0)], [0.047361, -0.0475546, -0.0486265, 1.0)]])
0.047361, -0.0475546, -0.0486265
float3(-0.148219, 0.104521, -1.57348)
92699.303147958
normal
simd_float4x4([[0.00990308, -0.989779, 0.142264, 0.0)], [0.995628, -0.00345496, -0.0933439, 0.0)], [0.0928813, 0.142566, 0.985417, 0.0)], [0.0451743, -0.0477197, -0.0481824, 1.0)]])
0.0451743, -0.0477197, -0.0481824
float3(-0.143053, 0.0939782, -1.57429)
92699.403203208
normal
simd_float4x4([[0.0136245, -0.990573, 0.136305, 0.0)], [0.99656, 0.00230756, -0.0828428, 0.0)], [0.0817473, 0.136964, 0.987197, 0.0)], [0.0443665, -0.0483057, -0.0465069, 1.0)]])
0.0443665, -0.0483057, -0.0465069
float3(-0.137396, 0.082619, -1.56847)
92699.503258083
normal
simd_float4x4([[0.0184061, -0.99127, 0.130559, 0.0)], [0.996862, 0.00813934, -0.0787384, 0.0)], [0.0769884, 0.131599, 0.988309, 0.0)], [0.0435616, -0.0487112, -0.0454941, 1.0)]])
0.0435616, -0.0487112, -0.0454941
float3(-0.131981, 0.0777421, -1.56259)
92699.603313375
normal
simd_float4x4([[0.0207085, -0.992126, 0.123519, 0.0)], [0.996423, 0.0103571, -0.0838653, 0.0)], [0.0819257, 0.124814, 0.988792, 0.0)], [0.0426848, -0.0495158, -0.045268, 1.0)]])
0.0426848, -0.0495158, -0.045268
float3(-0.12514, 0.0826655, -1.56036)
92699.703368416
normal
simd_float4x4([[0.0172967, -0.992804, 0.118496, 0.0)], [0.995084, 0.00553433, -0.0988824, 0.0)], [0.0975151, 0.119624, 0.988018, 0.0)], [0.0423492, -0.0500769, -0.0470991, 1.0)]])
0.0423492, -0.0500769, -0.0470991
float3(-0.119911, 0.098379, -1.56522)
92699.803423458
normal
simd_float4x4([[0.0160633, -0.993326, 0.114217, 0.0)], [0.995697, 0.00546498, -0.0925053, 0.0)], [0.0912637, 0.115211, 0.98914, 0.0)], [0.0417342, -0.0501119, -0.0475001, 1.0)]])
0.0417342, -0.0501119, -0.0475001
float3(-0.115468, 0.0920053, -1.56529)
92699.903478666
normal
simd_float4x4([[0.0181628, -0.993328, 0.113887, 0.0)], [0.996534, 0.00873704, -0.0827234, 0.0)], [0.0811764, 0.114995, 0.990044, 0.0)], [0.0408231, -0.0509629, -0.0464573, 1.0)]])
0.0408231, -0.0509629, -0.0464573
float3(-0.115249, 0.0818098, -1.562)
92700.003533666
normal
simd_float4x4([[0.0196209, -0.993405, 0.112963, 0.0)], [0.996935, 0.010881, -0.0774723, 0.0)], [0.0757322, 0.114137, 0.990574, 0.0)], [0.0403235, -0.0513978, -0.0471457, 1.0)]])
0.0403235, -0.0513978, -0.0471457
float3(-0.114387, 0.0763044, -1.55984)
92700.103588916
normal
simd_float4x4([[0.0219939, -0.9939, 0.108069, 0.0)], [0.997708, 0.0149006, -0.0660115, 0.0)], [0.0639985, 0.109273, 0.991949, 0.0)], [0.0361712, -0.0541779, -0.0474565, 1.0)]])
0.0361712, -0.0541779, -0.0474565
float3(-0.109492, 0.0644287, -1.55581)
92700.203644041
normal
simd_float4x4([[0.0207141, -0.994086, 0.106605, 0.0)], [0.997445, 0.0132556, -0.0702031, 0.0)], [0.0683748, 0.107787, 0.99182, 0.0)], [0.0366408, -0.0548598, -0.0482079, 1.0)]])
0.0366408, -0.0548598, -0.0482079
float3(-0.107997, 0.0688298, -1.55746)
92700.303699125
normal
simd_float4x4([[0.0182964, -0.994338, 0.104674, 0.0)], [0.997407, 0.0108635, -0.0711446, 0.0)], [0.0696047, 0.105704, 0.991958, 0.0)], [0.0380168, -0.0552915, -0.0478294, 1.0)]])
0.0380168, -0.0552915, -0.0478294
float3(-0.105902, 0.0700541, -1.55987)
92700.403754083
normal
simd_float4x4([[0.0168891, -0.994459, 0.103764, 0.0)], [0.997569, 0.00974186, -0.0690043, 0.0)], [0.0676111, 0.104677, 0.992205, 0.0)], [0.0381076, -0.0558121, -0.0484912, 1.0)]])
0.0381076, -0.0558121, -0.0484912
float3(-0.104869, 0.068037, -1.561)
92700.503809458
normal
simd_float4x4([[0.0153827, -0.994692, 0.101741, 0.0)], [0.997775, 0.00866967, -0.0660977, 0.0)], [0.0648647, 0.102532, 0.992612, 0.0)], [0.0385405, -0.0556442, -0.0480535, 1.0)]])
0.0385405, -0.0556442, -0.0480535
float3(-0.102712, 0.0652547, -1.56208)
92700.603864416
normal
simd_float4x4([[0.0148789, -0.994708, 0.101663, 0.0)], [0.997916, 0.00838839, -0.0639756, 0.0)], [0.0627843, 0.102403, 0.99276, 0.0)], [0.0385126, -0.055431, -0.0485938, 1.0)]])
0.0385126, -0.055431, -0.0485938
float3(-0.102582, 0.0631581, -1.56236)
92700.703919541
normal
simd_float4x4([[0.0171511, -0.994623, 0.102136, 0.0)], [0.997915, 0.010672, -0.0636483, 0.0)], [0.062216, 0.103015, 0.992732, 0.0)], [0.0379231, -0.0554081, -0.0488665, 1.0)]])
0.0379231, -0.0554081, -0.0488665
float3(-0.103198, 0.0625897, -1.56007)
92700.803974833
normal
simd_float4x4([[0.0242763, -0.994366, 0.103184, 0.0)], [0.99767, 0.0175142, -0.0659425, 0.0)], [0.0637638, 0.104545, 0.992474, 0.0)], [0.0365555, -0.0560163, -0.049301, 1.0)]])
0.0365555, -0.0560163, -0.049301
float3(-0.104736, 0.0641592, -1.55318)
92700.904029916
normal
simd_float4x4([[0.0382503, -0.993884, 0.103595, 0.0)], [0.997007, 0.0309876, -0.0708306, 0.0)], [0.0671872, 0.105994, 0.992094, 0.0)], [0.0344942, -0.0565624, -0.0503895, 1.0)]])
0.0344942, -0.0565624, -0.0503895
float3(-0.106194, 0.0676193, -1.53963)
92701.004085
normal
simd_float4x4([[0.0525128, -0.992598, 0.109503, 0.0)], [0.996339, 0.0446688, -0.0728957, 0.0)], [0.0674647, 0.11293, 0.99131, 0.0)], [0.0326486, -0.0575368, -0.0528404, 1.0)]])
0.0326486, -0.0575368, -0.0528404
float3(-0.113172, 0.0679514, -1.52582)
92701.104140208
normal
simd_float4x4([[0.0679297, -0.991279, 0.112921, 0.0)], [0.995343, 0.0595754, -0.075783, 0.0)], [0.0683948, 0.117543, 0.99071, 0.0)], [0.0315792, -0.0573543, -0.0539248, 1.0)]])
0.0315792, -0.0573543, -0.0539248
float3(-0.117815, 0.0689268, -1.51077)
92701.204195333
normal
simd_float4x4([[0.088643, -0.989413, 0.114906, 0.0)], [0.99379, 0.08006, -0.0772803, 0.0)], [0.0672628, 0.121043, 0.990366, 0.0)], [0.0288836, -0.0570339, -0.0546127, 1.0)]])
0.0288836, -0.0570339, -0.0546127
float3(-0.121341, 0.067813, -1.49006)
92701.304250291
normal
simd_float4x4([[0.112284, -0.986468, 0.119472, 0.0)], [0.991307, 0.102905, -0.0819824, 0.0)], [0.0685786, 0.127639, 0.989447, 0.0)], [0.0266526, -0.0571076, -0.0564548, 1.0)]])
0.0266526, -0.0571076, -0.0564548
float3(-0.127988, 0.0691994, -1.46686)
92701.404305583
normal
simd_float4x4([[0.141449, -0.982245, 0.123238, 0.0)], [0.987522, 0.131299, -0.0869532, 0.0)], [0.0692283, 0.133999, 0.98856, 0.0)], [0.0250784, -0.0566323, -0.0573308, 1.0)]])
0.0250784, -0.0566323, -0.0573308
float3(-0.134404, 0.0699153, -1.43791)
92701.504360625
normal
simd_float4x4([[0.173076, -0.977181, 0.123129, 0.0)], [0.982478, 0.162517, -0.0912435, 0.0)], [0.0691508, 0.136764, 0.988187, 0.0)], [0.0230785, -0.0550119, -0.0576972, 1.0)]])
0.0230785, -0.0550119, -0.0576972
float3(-0.137194, 0.0698635, -1.40599)
92701.604415958
normal
simd_float4x4([[0.199938, -0.972482, 0.119596, 0.0)], [0.977309, 0.189224, -0.0951961, 0.0)], [0.0699461, 0.135916, 0.988248, 0.0)], [0.0215226, -0.0539734, -0.0569184, 1.0)]])
0.0215226, -0.0539734, -0.0569184
float3(-0.136338, 0.07066, -1.37862)
92701.704470916
normal
simd_float4x4([[0.226426, -0.966872, 0.117858, 0.0)], [0.971699, 0.215861, -0.0959438, 0.0)], [0.0673245, 0.136246, 0.988385, 0.0)], [0.0212156, -0.0521879, -0.0558026, 1.0)]])
0.0212156, -0.0521879, -0.0558026
float3(-0.136671, 0.0680107, -1.35114)
92701.804526208
normal
simd_float4x4([[0.250267, -0.961804, 0.110898, 0.0)], [0.96591, 0.240205, -0.0965376, 0.0)], [0.0662121, 0.131278, 0.989132, 0.0)], [0.0222401, -0.0512295, -0.0533551, 1.0)]])
0.0222401, -0.0512295, -0.0533551
float3(-0.131658, 0.0668399, -1.32606)
92701.904581416
normal
simd_float4x4([[0.267311, -0.957977, 0.104041, 0.0)], [0.961442, 0.257912, -0.0954476, 0.0)], [0.0646032, 0.125544, 0.989982, 0.0)], [0.0240423, -0.0499867, -0.0500522, 1.0)]])
0.0240423, -0.0499867, -0.0500522
float3(-0.125876, 0.0651645, -1.30781)
92702.0046365
normal
simd_float4x4([[0.288825, -0.95246, 0.0969573, 0.0)], [0.955419, 0.280269, -0.0928599, 0.0)], [0.0612712, 0.119455, 0.990947, 0.0)], [0.0242891, -0.0476666, -0.0449117, 1.0)]])
0.0242891, -0.0476666, -0.0449117
float3(-0.119741, 0.0617523, -1.28462)
92702.104691625
normal
simd_float4x4([[0.315651, -0.944423, 0.0918136, 0.0)], [0.946089, 0.305837, -0.106676, 0.0)], [0.0726675, 0.120536, 0.990046, 0.0)], [0.042524, -0.0446215, -0.0462656, 1.0)]])
0.042524, -0.0446215, -0.0462656
float3(-0.12083, 0.0732667, -1.25762)
92702.204746875
normal
simd_float4x4([[0.345746, -0.933943, 0.090606, 0.0)], [0.935702, 0.335948, -0.107705, 0.0)], [0.0701519, 0.122019, 0.990045, 0.0)], [0.0410403, -0.0451458, -0.0442159, 1.0)]])
0.0410403, -0.0451458, -0.0442159
float3(-0.122324, 0.070739, -1.2255)
92702.304802041
normal
simd_float4x4([[0.383741, -0.919032, 0.0901233, 0.0)], [0.920996, 0.373801, -0.109722, 0.0)], [0.0671496, 0.125108, 0.989868, 0.0)], [0.037946, -0.0444765, -0.0431877, 1.0)]])
0.037946, -0.0444765, -0.0431877
float3(-0.125437, 0.0677331, -1.1845)
92702.404856958
normal
simd_float4x4([[0.415936, -0.905176, 0.0874849, 0.0)], [0.90654, 0.405093, -0.118677, 0.0)], [0.0719844, 0.128671, 0.989071, 0.0)], [0.0355461, -0.0433727, -0.0405174, 1.0)]])
0.0355461, -0.0433727, -0.0405174
float3(-0.129028, 0.0726518, -1.15)
92702.504912291
normal
simd_float4x4([[0.442752, -0.892836, 0.0825504, 0.0)], [0.892565, 0.430094, -0.135448, 0.0)], [0.0854287, 0.133652, 0.987339, 0.0)], [0.0332875, -0.0419335, -0.0382969, 1.0)]])
0.0332875, -0.0419335, -0.0382969
float3(-0.134053, 0.0863092, -1.12188)
92702.604967416
normal
simd_float4x4([[0.457242, -0.885569, 0.0818328, 0.0)], [0.883206, 0.44137, -0.158558, 0.0)], [0.104295, 0.144774, 0.983953, 0.0)], [0.0320905, -0.0413585, -0.037878, 1.0)]])
0.0320905, -0.0413585, -0.037878
float3(-0.145285, 0.105602, -1.10843)
92702.705022583
normal
simd_float4x4([[0.466354, -0.880796, 0.0819327, 0.0)], [0.875441, 0.44625, -0.185642, 0.0)], [0.126951, 0.158302, 0.979196, 0.0)], [0.0312451, -0.0414681, -0.0389044, 1.0)]])
0.0312451, -0.0414681, -0.0389044
float3(-0.158971, 0.128929, -1.10185)
92702.805077625
normal
simd_float4x4([[0.467903, -0.880588, 0.0750444, 0.0)], [0.871648, 0.445793, -0.203712, 0.0)], [0.145932, 0.16073, 0.97615, 0.0)], [0.0300072, -0.0401368, -0.0373686, 1.0)]])
0.0300072, -0.0401368, -0.0373686
float3(-0.16143, 0.148398, -1.10217)
92702.905132958
normal
simd_float4x4([[0.468969, -0.880937, 0.0633946, 0.0)], [0.870254, 0.448643, -0.203415, 0.0)], [0.150754, 0.150565, 0.977038, 0.0)], [0.0296467, -0.0386403, -0.0344405, 1.0)]])
0.0296467, -0.0386403, -0.0344405
float3(-0.15114, 0.15309, -1.09975)
92703.00518825
normal
simd_float4x4([[0.485399, -0.872248, 0.0597634, 0.0)], [0.862785, 0.466836, -0.194079, 0.0)], [0.141385, 0.145769, 0.979164, 0.0)], [0.0260156, -0.0374882, -0.032192, 1.0)]])
0.0260156, -0.0374882, -0.032192
float3(-0.14629, 0.143402, -1.07938)
92703.105243375
normal
simd_float4x4([[0.495549, -0.86635, 0.0622015, 0.0)], [0.856625, 0.475632, -0.199918, 0.0)], [0.143614, 0.152352, 0.977836, 0.0)], [0.0238997, -0.037022, -0.0308494, 1.0)]])
0.0238997, -0.037022, -0.0308494
float3(-0.152948, 0.145826, -1.06872)
92703.205298583
normal
simd_float4x4([[0.504838, -0.860442, 0.0691307, 0.0)], [0.849418, 0.480912, -0.217285, 0.0)], [0.153715, 0.168414, 0.973657, 0.0)], [0.0211021, -0.035487, -0.0311068, 1.0)]])
0.0211021, -0.035487, -0.0311068
float3(-0.169221, 0.156582, -1.06114)
92703.305353583
normal
simd_float4x4([[0.506128, -0.859869, 0.066778, 0.0)], [0.846228, 0.480162, -0.230958, 0.0)], [0.166529, 0.173404, 0.970669, 0.0)], [0.0211301, -0.035013, -0.0297337, 1.0)]])
0.0211301, -0.035013, -0.0297337
float3(-0.174285, 0.169907, -1.06152)
92703.405408916
normal
simd_float4x4([[0.541139, -0.83712, 0.0799903, 0.0)], [0.833359, 0.521095, -0.184317, 0.0)], [0.112613, 0.166402, 0.979606, 0.0)], [0.0167448, -0.0362776, -0.0272405, 1.0)]])
0.0167448, -0.0362776, -0.0272405
float3(-0.167179, 0.114455, -1.01401)
92703.505464
normal
simd_float4x4([[0.566938, -0.819169, 0.0868558, 0.0)], [0.819521, 0.550193, -0.160226, 0.0)], [0.0834644, 0.162018, 0.983252, 0.0)], [0.0144703, -0.038775, -0.0255551, 1.0)]])
0.0144703, -0.038775, -0.0255551
float3(-0.162736, 0.0846831, -0.979353)
92703.605519166
normal
simd_float4x4([[0.572837, -0.815192, 0.0855595, 0.0)], [0.816312, 0.557936, -0.149471, 0.0)], [0.0741108, 0.155466, 0.985057, 0.0)], [0.0137439, -0.039713, -0.0252319, 1.0)]])
0.0137439, -0.039713, -0.0252319
float3(-0.156099, 0.0750936, -0.970602)
92703.705574333
normal
simd_float4x4([[0.572875, -0.815192, 0.0852941, 0.0)], [0.816234, 0.557915, -0.149979, 0.0)], [0.0746752, 0.155539, 0.985003, 0.0)], [0.0135327, -0.0407049, -0.0245621, 1.0)]])
0.0135327, -0.0407049, -0.0245621
float3(-0.156174, 0.0756674, -0.97062)
92703.805629541
normal
simd_float4x4([[0.588506, -0.803617, 0.0886561, 0.0)], [0.805143, 0.57256, -0.154661, 0.0)], [0.0735273, 0.1624, 0.983982, 0.0)], [0.0109039, -0.0408487, -0.0265014, 1.0)]])
0.0109039, -0.0408487, -0.0265014
float3(-0.163122, 0.0745856, -0.951744)
92703.905684708
normal
simd_float4x4([[0.604274, -0.79155, 0.0911116, 0.0)], [0.793104, 0.586578, -0.164048, 0.0)], [0.0764083, 0.171391, 0.982235, 0.0)], [0.00989966, -0.0404605, -0.0278321, 1.0)]])
0.00989966, -0.0404605, -0.0278321
float3(-0.172242, 0.0776339, -0.933048)
92704.005740041
normal
simd_float4x4([[0.629687, -0.770735, 0.0972756, 0.0)], [0.773526, 0.610488, -0.170181, 0.0)], [0.0717785, 0.182406, 0.9806, 0.0)], [0.00666749, -0.0418025, -0.0294543, 1.0)]])
0.00666749, -0.0418025, -0.0294543
float3(-0.183433, 0.0730682, -0.900899)
92704.105795208
normal
simd_float4x4([[0.65634, -0.747456, 0.102603, 0.0)], [0.751725, 0.636302, -0.17329, 0.0)], [0.0642401, 0.190866, 0.979512, 0.0)], [0.00414133, -0.0429202, -0.0311586, 1.0)]])
0.00414133, -0.0429202, -0.0311586
float3(-0.192045, 0.06549, -0.865554)
92704.205850291
normal
simd_float4x4([[0.681323, -0.724085, 0.107234, 0.0)], [0.729907, 0.661037, -0.173971, 0.0)], [0.0550843, 0.196801, 0.978895, 0.0)], [0.00167836, -0.04291, -0.0323985, 1.0)]])
0.00167836, -0.04291, -0.0323985
float3(-0.198094, 0.0562126, -0.830885)
92704.305905583
normal
simd_float4x4([[0.702653, -0.702887, 0.110581, 0.0)], [0.709867, 0.681864, -0.176492, 0.0)], [0.0486524, 0.20251, 0.978071, 0.0)], [-0.000990408, -0.0434835, -0.0340942, 1.0)]])
-0.000990408, -0.0434835, -0.0340942
float3(-0.203921, 0.0497022, -0.800579)
92704.405960833
normal
simd_float4x4([[0.721882, -0.682417, 0.114866, 0.0)], [0.690615, 0.699869, -0.1823, 0.0)], [0.0440133, 0.210928, 0.97651, 0.0)], [-0.0031248, -0.0444013, -0.0358479, 1.0)]])
-0.0031248, -0.0444013, -0.0358479
float3(-0.212524, 0.0450416, -0.772773)
92704.506015958
normal
simd_float4x4([[0.73954, -0.663247, 0.114819, 0.0)], [0.671887, 0.717086, -0.18535, 0.0)], [0.040598, 0.21422, 0.975941, 0.0)], [-0.00619439, -0.045342, -0.0366726, 1.0)]])
-0.00619439, -0.045342, -0.0366726
float3(-0.215893, 0.0415748, -0.746414)
92704.606071208
normal
simd_float4x4([[0.758188, -0.641752, 0.115347, 0.0)], [0.650797, 0.733911, -0.194522, 0.0)], [0.0401799, 0.222552, 0.974092, 0.0)], [-0.00746819, -0.045222, -0.0365459, 1.0)]])
-0.00746819, -0.045222, -0.0365459
float3(-0.224431, 0.0412252, -0.718506)
92704.706126416
normal
simd_float4x4([[0.7784, -0.617676, 0.11212, 0.0)], [0.626545, 0.753245, -0.200159, 0.0)], [0.0391798, 0.226052, 0.973327, 0.0)], [-0.00964781, -0.0457213, -0.0374053, 1.0)]])
-0.00964781, -0.0457213, -0.0374053
float3(-0.228022, 0.0402318, -0.68683)
92704.806181458
normal
simd_float4x4([[0.799499, -0.591524, 0.104405, 0.0)], [0.599107, 0.772761, -0.20955, 0.0)], [0.0432734, 0.230085, 0.972208, 0.0)], [-0.0113115, -0.0462172, -0.0369506, 1.0)]])
-0.0113115, -0.0462172, -0.0369506
float3(-0.232165, 0.044481, -0.653327)
92704.906236833
normal
simd_float4x4([[0.817688, -0.566345, 0.103147, 0.0)], [0.573977, 0.788399, -0.221309, 0.0)], [0.0440164, 0.240166, 0.969733, 0.0)], [-0.0140356, -0.0461108, -0.0377161, 1.0)]])
-0.0140356, -0.0461108, -0.0377161
float3(-0.242537, 0.0453591, -0.622935)
92705.006291958
normal
simd_float4x4([[0.834336, -0.542749, 0.0964717, 0.0)], [0.549004, 0.802302, -0.234321, 0.0)], [0.0497782, 0.248466, 0.967361, 0.0)], [-0.0152159, -0.0452846, -0.0382086, 1.0)]])
-0.0152159, -0.0452846, -0.0382086
float3(-0.251096, 0.0514124, -0.594773)
92705.10634725
normal
simd_float4x4([[0.85078, -0.518085, 0.0880923, 0.0)], [0.523024, 0.818436, -0.237923, 0.0)], [0.0511662, 0.248494, 0.967281, 0.0)], [-0.0168364, -0.0450137, -0.0376798, 1.0)]])
-0.0168364, -0.0450137, -0.0376798
float3(-0.251126, 0.0528477, -0.564344)
92705.2064025
normal
simd_float4x4([[0.868691, -0.489109, 0.0784095, 0.0)], [0.492838, 0.83745, -0.236193, 0.0)], [0.0498602, 0.243822, 0.968537, 0.0)], [-0.0214692, -0.0447975, -0.037401, 1.0)]])
-0.0214692, -0.0447975, -0.037401
float3(-0.246305, 0.0514345, -0.528605)
92705.306457583
normal
simd_float4x4([[0.884821, -0.460401, 0.0715717, 0.0)], [0.463679, 0.855007, -0.232304, 0.0)], [0.0457586, 0.238733, 0.970006, 0.0)], [-0.023848, -0.0450593, -0.0377129, 1.0)]])
-0.023848, -0.0450593, -0.0377129
float3(-0.241061, 0.0471386, -0.493953)
92705.406513
normal
simd_float4x4([[0.898483, -0.433405, 0.0699161, 0.0)], [0.437061, 0.868102, -0.23532, 0.0)], [0.0412946, 0.241989, 0.9694, 0.0)], [-0.0288149, -0.0442242, -0.0388332, 1.0)]])
-0.0288149, -0.0442242, -0.0388332
float3(-0.244415, 0.0425724, -0.463052)
92705.506568125
normal
simd_float4x4([[0.909985, -0.409535, 0.064863, 0.0)], [0.412543, 0.878521, -0.240851, 0.0)], [0.0416534, 0.24593, 0.968392, 0.0)], [-0.0288026, -0.0439081, -0.0396689, 1.0)]])
-0.0288026, -0.0439081, -0.0396689
float3(-0.248479, 0.0429864, -0.436215)
92705.606623458
normal
simd_float4x4([[0.92068, -0.385734, 0.0596526, 0.0)], [0.388108, 0.888461, -0.244967, 0.0)], [0.0414933, 0.248688, 0.967694, 0.0)], [-0.0297219, -0.0445569, -0.0410062, 1.0)]])
-0.0297219, -0.0445569, -0.0410062
float3(-0.251326, 0.0428523, -0.409603)
92705.7066785
normal
simd_float4x4([[0.930843, -0.361459, 0.0536568, 0.0)], [0.363052, 0.898098, -0.248219, 0.0)], [0.0415317, 0.250533, 0.967217, 0.0)], [-0.0292226, -0.0445779, -0.0417614, 1.0)]])
-0.0292226, -0.0445779, -0.0417614
float3(-0.253231, 0.042913, -0.382635)
92705.806733875
normal
simd_float4x4([[0.940486, -0.336744, 0.0457122, 0.0)], [0.337234, 0.908208, -0.247855, 0.0)], [0.0419474, 0.248519, 0.967718, 0.0)], [-0.0303259, -0.0447268, -0.0424795, 1.0)]])
-0.0303259, -0.0447268, -0.0424795
float3(-0.251151, 0.0433196, -0.355065)
92705.906788958
normal
simd_float4x4([[0.948946, -0.313335, 0.0363805, 0.0)], [0.312327, 0.917148, -0.247571, 0.0)], [0.0442064, 0.246294, 0.968186, 0.0)], [-0.0301296, -0.0443446, -0.0415596, 1.0)]])
-0.0301296, -0.0443446, -0.0415596
float3(-0.248855, 0.0456273, -0.329208)
92706.006844333
normal
simd_float4x4([[0.95682, -0.288932, 0.0318481, 0.0)], [0.287672, 0.925482, -0.246429, 0.0)], [0.0417264, 0.24495, 0.968637, 0.0)], [-0.0310117, -0.0438191, -0.0422486, 1.0)]])
-0.0310117, -0.0438191, -0.0422486
float3(-0.247468, 0.0430509, -0.302608)
92706.106899416
normal
simd_float4x4([[0.96301, -0.267735, 0.0304842, 0.0)], [0.266733, 0.931059, -0.248963, 0.0)], [0.0382735, 0.247886, 0.968033, 0.0)], [-0.0309658, -0.0436101, -0.0410172, 1.0)]])
-0.0309658, -0.0436101, -0.0410172
float3(-0.250497, 0.0395168, -0.280005)
92706.206954666
normal
simd_float4x4([[0.968119, -0.24937, 0.0236791, 0.0)], [0.247243, 0.93611, -0.250137, 0.0)], [0.0402103, 0.248017, 0.967921, 0.0)], [-0.0307248, -0.0438705, -0.0397581, 1.0)]])
-0.0307248, -0.0438705, -0.0397581
float3(-0.250632, 0.041519, -0.260343)
92706.30701
normal
simd_float4x4([[0.973171, -0.22954, 0.0158214, 0.0)], [0.226196, 0.941872, -0.248419, 0.0)], [0.0421203, 0.245333, 0.968523, 0.0)], [-0.0315097, -0.0447869, -0.0374001, 1.0)]])
-0.0315097, -0.0447869, -0.0374001
float3(-0.247863, 0.0434618, -0.239046)
92706.407065125
normal
simd_float4x4([[0.977502, -0.210775, 0.00804989, 0.0)], [0.206283, 0.947311, -0.24505, 0.0)], [0.0440247, 0.241198, 0.969477, 0.0)], [-0.0323441, -0.0448551, -0.035238, 1.0)]])
-0.0323441, -0.0448551, -0.035238
float3(-0.2436, 0.0453796, -0.218932)
92706.507120416
normal
simd_float4x4([[0.980632, -0.195857, 0.00125328, 0.0)], [0.190388, 0.951704, -0.240858, 0.0)], [0.0459811, 0.236432, 0.970559, 0.0)], [-0.0337221, -0.044921, -0.0343452, 1.0)]])
-0.0337221, -0.044921, -0.0343452
float3(-0.238692, 0.0473405, -0.202963)
92706.607175625
normal
simd_float4x4([[0.983509, -0.180791, -0.00496646, 0.0)], [0.174717, 0.956849, -0.232195, 0.0)], [0.0467308, 0.227498, 0.972656, 0.0)], [-0.034772, -0.0465393, -0.034044, 1.0)]])
-0.034772, -0.0465393, -0.034044
float3(-0.229508, 0.0480076, -0.186742)
92706.707231
normal
simd_float4x4([[0.986193, -0.165423, -0.00761331, 0.0)], [0.159537, 0.961414, -0.224124, 0.0)], [0.0443949, 0.219815, 0.974531, 0.0)], [-0.0357067, -0.0474699, -0.0331, 1.0)]])
-0.0357067, -0.0474699, -0.0331
float3(-0.221625, 0.0455236, -0.170394)
92706.807286208
normal
simd_float4x4([[0.988773, -0.149218, -0.00783438, 0.0)], [0.143787, 0.964431, -0.221808, 0.0)], [0.0406535, 0.218192, 0.975059, 0.0)], [-0.0367619, -0.0474578, -0.0330815, 1.0)]])
-0.0367619, -0.0474578, -0.0330815
float3(-0.219961, 0.0416693, -0.153504)
92706.9073415
normal
simd_float4x4([[0.99147, -0.130196, -0.00608806, 0.0)], [0.125741, 0.967753, -0.218273, 0.0)], [0.0343099, 0.215646, 0.975869, 0.0)], [-0.0384226, -0.048476, -0.0322447, 1.0)]])
-0.0384226, -0.048476, -0.0322447
float3(-0.217353, 0.0351439, -0.133731)
92707.007396666
normal
simd_float4x4([[0.993754, -0.111463, -0.00540626, 0.0)], [0.107615, 0.970013, -0.21793, 0.0)], [0.0295353, 0.215987, 0.975949, 0.0)], [-0.0398653, -0.0502033, -0.0321109, 1.0)]])
-0.0398653, -0.0502033, -0.0321109
float3(-0.217703, 0.0302539, -0.114407)
92707.107451916
normal
simd_float4x4([[0.995466, -0.0947177, -0.0087415, 0.0)], [0.0906489, 0.972502, -0.214527, 0.0)], [0.0288207, 0.212762, 0.976679, 0.0)], [-0.0408766, -0.0511672, -0.0313515, 1.0)]])
-0.0408766, -0.0511672, -0.0313515
float3(-0.214401, 0.0295003, -0.0970896)
92707.207507083
normal
simd_float4x4([[0.996824, -0.0783463, -0.0143031, 0.0)], [0.0734607, 0.973883, -0.214837, 0.0)], [0.0307612, 0.213104, 0.976545, 0.0)], [-0.0412814, -0.0516646, -0.0300777, 1.0)]])
-0.0412814, -0.0516646, -0.0300777
float3(-0.214751, 0.0314896, -0.0802745)
92707.307562375
normal
simd_float4x4([[0.997825, -0.0626474, -0.0205028, 0.0)], [0.0570291, 0.976444, -0.208098, 0.0)], [0.0330566, 0.206476, 0.977893, 0.0)], [-0.0412158, -0.0514042, -0.0299411, 1.0)]])
-0.0412158, -0.0514042, -0.0299411
float3(-0.207972, 0.0337911, -0.0640709)
92707.407617708
normal
simd_float4x4([[0.998545, -0.0481548, -0.0242654, 0.0)], [0.0424127, 0.979274, -0.198052, 0.0)], [0.0332996, 0.196734, 0.979891, 0.0)], [-0.0419269, -0.0522732, -0.0293372, 1.0)]])
-0.0419269, -0.0522732, -0.0293372
float3(-0.198026, 0.0339698, -0.0491345)
92707.507672875
normal
simd_float4x4([[0.99882, -0.0380525, -0.0301789, 0.0)], [0.0315211, 0.980643, -0.19325, 0.0)], [0.0369484, 0.192071, 0.980685, 0.0)], [-0.0416405, -0.0520447, -0.0285817, 1.0)]])
-0.0416405, -0.0520447, -0.0285817
float3(-0.193272, 0.0376583, -0.0387842)
92707.607728208
normal
simd_float4x4([[0.999073, -0.0260349, -0.0342882, 0.0)], [0.0190432, 0.981523, -0.190393, 0.0)], [0.0386115, 0.189564, 0.981109, 0.0)], [-0.0417196, -0.053433, -0.0281008, 1.0)]])
-0.0417196, -0.053433, -0.0281008
float3(-0.190718, 0.0393347, -0.0265187)
92707.707783375
normal
simd_float4x4([[0.999103, -0.016489, -0.0389932, 0.0)], [0.0087914, 0.981764, -0.189899, 0.0)], [0.0414134, 0.189386, 0.981029, 0.0)], [-0.0420592, -0.05431, -0.0277652, 1.0)]])
-0.0420592, -0.05431, -0.0277652
float3(-0.190537, 0.0421892, -0.0167937)
92707.807838708
normal
simd_float4x4([[0.999145, -0.0080437, -0.0405624, 0.0)], [0.000103854, 0.981384, -0.192054, 0.0)], [0.0413522, 0.191886, 0.980546, 0.0)], [-0.0421135, -0.0553645, -0.0280845, 1.0)]])
-0.0421135, -0.0553645, -0.0280845
float3(-0.193084, 0.0421476, -0.0081961)
92707.907893916
normal
simd_float4x4([[0.999073, -0.00319309, -0.042927, 0.0)], [-0.00527938, 0.980627, -0.195814, 0.0)], [0.0427206, 0.195859, 0.979701, 0.0)], [-0.0420128, -0.0554716, -0.0287085, 1.0)]])
-0.0420128, -0.0554716, -0.0287085
float3(-0.197134, 0.0435782, -0.00325616)
92708.007949208
normal
simd_float4x4([[0.998989, -0.00305616, -0.0448493, 0.0)], [-0.00577382, 0.980699, -0.195436, 0.0)], [0.044581, 0.195497, 0.97969, 0.0)], [-0.0415256, -0.0550397, -0.0294039, 1.0)]])
-0.0415256, -0.0550397, -0.0294039
float3(-0.196764, 0.0454738, -0.0031163)
92708.1080045
normal
simd_float4x4([[0.998842, -0.00217666, -0.0480565, 0.0)], [-0.00723943, 0.980798, -0.194894, 0.0)], [0.0475579, 0.195016, 0.979646, 0.0)], [-0.0406427, -0.055118, -0.0292274, 1.0)]])
-0.0406427, -0.055118, -0.0292274
float3(-0.196274, 0.048508, -0.00221927)
92708.208059708
normal
simd_float4x4([[0.998653, -0.00279285, -0.0518065, 0.0)], [-0.00745762, 0.980453, -0.196613, 0.0)], [0.051343, 0.196735, 0.979111, 0.0)], [-0.0400796, -0.0550644, -0.0293377, 1.0)]])
-0.0400796, -0.0550644, -0.0293377
float3(-0.198026, 0.0523903, -0.00284853)
92708.308114958
normal
simd_float4x4([[0.998562, -0.00378455, -0.0534836, 0.0)], [-0.0066602, 0.981025, -0.193767, 0.0)], [0.0532021, 0.193845, 0.979588, 0.0)], [-0.0396304, -0.0552869, -0.0293292, 1.0)]])
-0.0396304, -0.0552869, -0.0293292
float3(-0.195079, 0.0542573, -0.00385773)
92708.40817025
normal
simd_float4x4([[0.998452, -0.00671259, -0.0552145, 0.0)], [-0.00420317, 0.980747, -0.195239, 0.0)], [0.055462, 0.195168, 0.9792, 0.0)], [-0.0395684, -0.0559431, -0.0299467, 1.0)]])
-0.0395684, -0.0559431, -0.0299467
float3(-0.196429, 0.0565797, -0.00684425)
92708.508225666
normal
simd_float4x4([[0.998373, -0.00763218, -0.0565126, 0.0)], [-0.00356891, 0.980698, -0.195496, 0.0)], [0.0569139, 0.195379, 0.979075, 0.0)], [-0.0394797, -0.0566804, -0.0298797, 1.0)]])
-0.0394797, -0.0566804, -0.0298797
float3(-0.196644, 0.0580649, -0.00778224)
92708.608280833
normal
simd_float4x4([[0.99827, -0.0099366, -0.0579512, 0.0)], [-0.00159536, 0.980676, -0.195633, 0.0)], [0.0587753, 0.195387, 0.978963, 0.0)], [-0.0392051, -0.0570892, -0.0305594, 1.0)]])
-0.0392051, -0.0570892, -0.0305594
float3(-0.196652, 0.0599663, -0.0101321)
92708.708336166
normal
simd_float4x4([[0.998128, -0.0126926, -0.0598356, 0.0)], [0.000853975, 0.98103, -0.193855, 0.0)], [0.061161, 0.193441, 0.979204, 0.0)], [-0.0388455, -0.0569195, -0.0307651, 1.0)]])
-0.0388455, -0.0569195, -0.0307651
float3(-0.194668, 0.0623789, -0.0129373)
92708.808391458
normal
simd_float4x4([[0.998052, -0.0125202, -0.0611122, 0.0)], [0.000452535, 0.981079, -0.193605, 0.0)], [0.0623799, 0.1932, 0.979174, 0.0)], [-0.0386358, -0.0565974, -0.0306032, 1.0)]])
-0.0386358, -0.0565974, -0.0306032
float3(-0.194423, 0.0636207, -0.0127609)
92708.908446666
normal
simd_float4x4([[0.997987, -0.0102958, -0.0625817, 0.0)], [-0.00191488, 0.981394, -0.191994, 0.0)], [0.063394, 0.191727, 0.979399, 0.0)], [-0.0387491, -0.0565247, -0.0304823, 1.0)]])
-0.0387491, -0.0565247, -0.0304823
float3(-0.192922, 0.0646373, -0.0104906)
92709.008501833
normal
simd_float4x4([[0.997943, -0.0109744, -0.0631643, 0.0)], [-0.00091578, 0.982699, -0.185206, 0.0)], [0.064104, 0.184883, 0.980667, 0.0)], [-0.0389969, -0.0554558, -0.0296536, 1.0)]])
-0.0389969, -0.0554558, -0.0296536
float3(-0.185953, 0.0652749, -0.0111671)
92709.10855725
normal
simd_float4x4([[0.997984, -0.0116446, -0.0623816, 0.0)], [0.000137393, 0.983414, -0.181373, 0.0)], [0.0634589, 0.180999, 0.981434, 0.0)], [-0.0390732, -0.0551061, -0.0288958, 1.0)]])
-0.0390732, -0.0551061, -0.0288958
float3(-0.182002, 0.0645695, -0.0118404)
92709.208612458
normal
simd_float4x4([[0.998021, -0.0139916, -0.0613121, 0.0)], [0.0026301, 0.98337, -0.181597, 0.0)], [0.0628332, 0.181076, 0.98146, 0.0)], [-0.0394877, -0.055183, -0.02822, 1.0)]])
-0.0394877, -0.055183, -0.02822
float3(-0.18208, 0.0639329, -0.0142273)
92709.30866775
normal
simd_float4x4([[0.998007, -0.0237658, -0.0584577, 0.0)], [0.0127751, 0.98328, -0.181649, 0.0)], [0.0617974, 0.18054, 0.981624, 0.0)], [-0.0392886, -0.055022, -0.0285165, 1.0)]])
-0.0392886, -0.055022, -0.0285165
float3(-0.181535, 0.0628712, -0.0241652)
92709.408723
normal
simd_float4x4([[0.997768, -0.0404448, -0.0531377, 0.0)], [0.0301788, 0.982933, -0.181473, 0.0)], [0.0595704, 0.179465, 0.981959, 0.0)], [-0.0390226, -0.0549818, -0.0284879, 1.0)]])
-0.0390226, -0.0549818, -0.0284879
float3(-0.180442, 0.0605906, -0.0411239)
92709.508778416
normal
simd_float4x4([[0.997091, -0.0559398, -0.0517788, 0.0)], [0.0455797, 0.982016, -0.183215, 0.0)], [0.0610966, 0.180322, 0.981708, 0.0)], [-0.0386962, -0.0551592, -0.028984, 1.0)]])
-0.0386962, -0.0551592, -0.028984
float3(-0.181314, 0.0621548, -0.0569028)
92709.608833666
normal
simd_float4x4([[0.996531, -0.0664611, -0.0500919, 0.0)], [0.056147, 0.981169, -0.184808, 0.0)], [0.0614311, 0.181354, 0.981497, 0.0)], [-0.0387935, -0.0551059, -0.0285444, 1.0)]])
-0.0387935, -0.0551059, -0.0285444
float3(-0.182363, 0.0625077, -0.0676333)
92709.708888875
normal
simd_float4x4([[0.995524, -0.0830835, -0.0450473, 0.0)], [0.0733292, 0.979727, -0.186432, 0.0)], [0.0596235, 0.182294, 0.981434, 0.0)], [-0.0385744, -0.0536501, -0.0285276, 1.0)]])
-0.0385744, -0.0536501, -0.0285276
float3(-0.183319, 0.0606768, -0.0846002)
92709.80894425
normal
simd_float4x4([[0.993483, -0.106527, -0.0405413, 0.0)], [0.0970956, 0.977261, -0.188504, 0.0)], [0.0597003, 0.183339, 0.981235, 0.0)], [-0.0379711, -0.0527824, -0.0282327, 1.0)]])
-0.0379711, -0.0527824, -0.0282327
float3(-0.184382, 0.0607671, -0.108577)
92709.9089995
normal
simd_float4x4([[0.991048, -0.128448, -0.0363912, 0.0)], [0.119258, 0.974294, -0.191125, 0.0)], [0.0600054, 0.185075, 0.980891, 0.0)], [-0.0374411, -0.0522532, -0.0285703, 1.0)]])
-0.0374411, -0.0522532, -0.0285703
float3(-0.186148, 0.0610982, -0.131081)
92710.009054958
normal
simd_float4x4([[0.988432, -0.148122, -0.0325988, 0.0)], [0.139323, 0.971697, -0.190769, 0.0)], [0.0599333, 0.18402, 0.981093, 0.0)], [-0.0373903, -0.0522303, -0.0281627, 1.0)]])
-0.0373903, -0.0522303, -0.0281627
float3(-0.185075, 0.0610125, -0.151272)
92710.109110166
normal
simd_float4x4([[0.985256, -0.169062, -0.0262593, 0.0)], [0.161049, 0.968252, -0.191181, 0.0)], [0.0577471, 0.184133, 0.981203, 0.0)], [-0.0369034, -0.0520106, -0.0284703, 1.0)]])
-0.0369034, -0.0520106, -0.0284703
float3(-0.18519, 0.0587856, -0.172863)
92710.209165458
normal
simd_float4x4([[0.979641, -0.200028, -0.0170773, 0.0)], [0.192949, 0.961625, -0.195057, 0.0)], [0.0554389, 0.187791, 0.980643, 0.0)], [-0.0362733, -0.0515157, -0.03002, 1.0)]])
-0.0362733, -0.0515157, -0.03002
float3(-0.188913, 0.0564731, -0.205086)
92710.309220583
normal
simd_float4x4([[0.97262, -0.232179, -0.0102003, 0.0)], [0.225537, 0.953564, -0.19962, 0.0)], [0.0560742, 0.191854, 0.97982, 0.0)], [-0.0350722, -0.050111, -0.0301011, 1.0)]])
-0.0350722, -0.050111, -0.0301011
float3(-0.193051, 0.0571668, -0.238838)
92710.409276041
normal
simd_float4x4([[0.965964, -0.258646, -0.00399623, 0.0)], [0.252566, 0.946373, -0.201465, 0.0)], [0.0558899, 0.193599, 0.979487, 0.0)], [-0.0344185, -0.0494752, -0.0314264, 1.0)]])
-0.0344185, -0.0494752, -0.0314264
float3(-0.194829, 0.0569986, -0.266787)
92710.509331166
normal
simd_float4x4([[0.959612, -0.281316, -0.00234409, 0.0)], [0.274963, 0.939636, -0.203664, 0.0)], [0.0594967, 0.194794, 0.979038, 0.0)], [-0.033913, -0.048572, -0.0322805, 1.0)]])
-0.033913, -0.048572, -0.0322805
float3(-0.196048, 0.0606959, -0.290896)
92710.609386625
normal
simd_float4x4([[0.952163, -0.305589, 0.000712599, 0.0)], [0.299242, 0.931909, -0.204939, 0.0)], [0.0619629, 0.195348, 0.978774, 0.0)], [-0.0334412, -0.04786, -0.0323212, 1.0)]])
-0.0334412, -0.04786, -0.0323212
float3(-0.196612, 0.0632223, -0.316868)
92710.709442
normal
simd_float4x4([[0.94193, -0.335776, 0.00474065, 0.0)], [0.329205, 0.920526, -0.210372, 0.0)], [0.066274, 0.199716, 0.97761, 0.0)], [-0.0326583, -0.0462956, -0.0320089, 1.0)]])
-0.0326583, -0.0462956, -0.0320089
float3(-0.201068, 0.0676883, -0.349768)
92710.809497166
normal
simd_float4x4([[0.930412, -0.366304, 0.0124648, 0.0)], [0.360206, 0.90758, -0.215755, 0.0)], [0.0677192, 0.205231, 0.976368, 0.0)], [-0.0318507, -0.045326, -0.0327673, 1.0)]])
-0.0318507, -0.045326, -0.0327673
float3(-0.2067, 0.0692474, -0.383611)
92710.909552666
normal
simd_float4x4([[0.916008, -0.400664, 0.0199196, 0.0)], [0.394753, 0.891432, -0.222526, 0.0)], [0.0714011, 0.211699, 0.974723, 0.0)], [-0.0298855, -0.0432229, -0.0334284, 1.0)]])
-0.0298855, -0.0432229, -0.0334284
float3(-0.213313, 0.0731221, -0.422405)
92711.009607833
normal
simd_float4x4([[0.904096, -0.426507, 0.0265017, 0.0)], [0.421159, 0.878823, -0.224266, 0.0)], [0.072361, 0.21392, 0.974167, 0.0)], [-0.0275017, -0.0432439, -0.034971, 1.0)]])
-0.0275017, -0.0432439, -0.034971
float3(-0.215586, 0.0741437, -0.451832)
92711.109663291
normal
simd_float4x4([[0.893429, -0.448013, 0.0326973, 0.0)], [0.44351, 0.868207, -0.222522, 0.0)], [0.0713048, 0.213309, 0.974379, 0.0)], [-0.0258446, -0.0433568, -0.0355661, 1.0)]])
-0.0258446, -0.0433568, -0.0355661
float3(-0.214961, 0.0730496, -0.476383)
92711.209718333
normal
simd_float4x4([[0.880576, -0.4724, 0.0377473, 0.0)], [0.468445, 0.855606, -0.22022, 0.0)], [0.071735, 0.211603, 0.974719, 0.0)], [-0.0234689, -0.0426607, -0.0355113, 1.0)]])
-0.0234689, -0.0426607, -0.0355113
float3(-0.213215, 0.0734631, -0.504471)
92711.309773833
normal
simd_float4x4([[0.869483, -0.492153, 0.0422482, 0.0)], [0.488636, 0.844425, -0.219504, 0.0)], [0.072354, 0.211499, 0.974696, 0.0)], [-0.0220736, -0.0426754, -0.0351351, 1.0)]])
-0.0220736, -0.0426754, -0.0351351
float3(-0.213108, 0.0740964, -0.527696)
92711.409829
normal
simd_float4x4([[0.859616, -0.508796, 0.0467692, 0.0)], [0.505652, 0.834009, -0.220783, 0.0)], [0.0733279, 0.213438, 0.974201, 0.0)], [-0.0204808, -0.042811, -0.0359716, 1.0)]])
-0.0204808, -0.042811, -0.0359716
float3(-0.215093, 0.0751282, -0.547785)
92711.509884291
normal
simd_float4x4([[0.848755, -0.526156, 0.0526697, 0.0)], [0.523697, 0.822623, -0.221433, 0.0)], [0.073181, 0.215525, 0.973752, 0.0)], [-0.0189354, -0.0431505, -0.0375533, 1.0)]])
-0.0189354, -0.0431505, -0.0375533
float3(-0.21723, 0.0750126, -0.569035)
92711.609939666
normal
simd_float4x4([[0.836305, -0.545076, 0.0590413, 0.0)], [0.5433, 0.809455, -0.222727, 0.0)], [0.0736118, 0.218345, 0.973091, 0.0)], [-0.018519, -0.0439456, -0.0380009, 1.0)]])
-0.018519, -0.0439456, -0.0380009
float3(-0.220118, 0.0755036, -0.59264)
92711.709995041
normal
simd_float4x4([[0.82271, -0.564378, 0.0680112, 0.0)], [0.563924, 0.795196, -0.222831, 0.0)], [0.0716789, 0.221679, 0.972482, 0.0)], [-0.0178926, -0.0440211, -0.0397054, 1.0)]])
-0.0178926, -0.0440211, -0.0397054
float3(-0.223536, 0.0735741, -0.617229)
92711.810050416
normal
simd_float4x4([[0.808295, -0.584085, 0.0741904, 0.0)], [0.584421, 0.780617, -0.22156, 0.0)], [0.0714956, 0.222444, 0.97232, 0.0)], [-0.0159385, -0.0439812, -0.0408927, 1.0)]])
-0.0159385, -0.0439812, -0.0408927
float3(-0.224321, 0.0733988, -0.642371)
92711.910105583
normal
simd_float4x4([[0.796573, -0.599597, 0.0771693, 0.0)], [0.600241, 0.769236, -0.219058, 0.0)], [0.0719854, 0.220816, 0.972655, 0.0)], [-0.0161867, -0.0433721, -0.041352, 1.0)]])
-0.0161867, -0.0433721, -0.041352
float3(-0.222651, 0.0738745, -0.662097)
92712.010161083
normal
simd_float4x4([[0.785338, -0.613594, 0.0821396, 0.0)], [0.614911, 0.757816, -0.218172, 0.0)], [0.0716225, 0.221847, 0.972447, 0.0)], [-0.0167371, -0.0442891, -0.0412082, 1.0)]])
-0.0167371, -0.0442891, -0.0412082
float3(-0.223709, 0.0735191, -0.68062)
92712.110216375
normal
simd_float4x4([[0.772143, -0.629223, 0.0887386, 0.0)], [0.631386, 0.74392, -0.21894, 0.0)], [0.0717479, 0.225082, 0.971695, 0.0)], [-0.0146692, -0.0451931, -0.0423673, 1.0)]])
-0.0146692, -0.0451931, -0.0423673
float3(-0.227027, 0.0737042, -0.702063)
92712.210271791
normal
simd_float4x4([[0.759665, -0.643738, 0.0922491, 0.0)], [0.64622, 0.731355, -0.21799, 0.0)], [0.0728618, 0.225213, 0.971581, 0.0)], [-0.0136831, -0.0452709, -0.0426723, 1.0)]])
-0.0136831, -0.0452709, -0.0426723
float3(-0.227161, 0.0748529, -0.721767)
92712.310326916
normal
simd_float4x4([[0.746171, -0.658645, 0.0970306, 0.0)], [0.661646, 0.717481, -0.217821, 0.0)], [0.073849, 0.226731, 0.971153, 0.0)], [-0.0132969, -0.0453027, -0.0433513, 1.0)]])
-0.0132969, -0.0453027, -0.0433513
float3(-0.22872, 0.0758965, -0.742669)
92712.410382333
normal
simd_float4x4([[0.736771, -0.668904, 0.0986649, 0.0)], [0.672391, 0.709493, -0.210972, 0.0)], [0.0711178, 0.221779, 0.9725, 0.0)], [-0.0132212, -0.0453723, -0.0428993, 1.0)]])
-0.0132212, -0.0453723, -0.0428993
float3(-0.223639, 0.0729989, -0.75596)
92712.510437583
normal
simd_float4x4([[0.726349, -0.680538, 0.096359, 0.0)], [0.683523, 0.700467, -0.205287, 0.0)], [0.0722091, 0.214973, 0.973947, 0.0)], [-0.0128467, -0.0450435, -0.0427066, 1.0)]])
-0.0128467, -0.0450435, -0.0427066
float3(-0.216665, 0.0740053, -0.770968)
92712.610492916
normal
simd_float4x4([[0.713108, -0.694311, 0.0969992, 0.0)], [0.697081, 0.687537, -0.203398, 0.0)], [0.074531, 0.212661, 0.974279, 0.0)], [-0.0117111, -0.044422, -0.0425599, 1.0)]])
-0.0117111, -0.044422, -0.0425599
float3(-0.214298, 0.0763499, -0.7903)
92712.71054825
normal
simd_float4x4([[0.699174, -0.707928, 0.0999665, 0.0)], [0.710914, 0.673561, -0.202278, 0.0)], [0.0758651, 0.212496, 0.974212, 0.0)], [-0.0115916, -0.0445618, -0.0427219, 1.0)]])
-0.0115916, -0.0445618, -0.0427219
float3(-0.214128, 0.0777164, -0.81027)
92712.810603708
normal
simd_float4x4([[0.685398, -0.720829, 0.103128, 0.0)], [0.723846, 0.659052, -0.2042, 0.0)], [0.0792269, 0.214607, 0.973482, 0.0)], [-0.0110651, -0.0449914, -0.042804, 1.0)]])
-0.0110651, -0.0449914, -0.042804
float3(-0.216289, 0.0812061, -0.830139)
92712.910659166
normal
simd_float4x4([[0.667524, -0.736263, 0.111031, 0.0)], [0.740174, 0.639935, -0.206461, 0.0)], [0.0809571, 0.220001, 0.972134, 0.0)], [-0.00950075, -0.0445779, -0.0436129, 1.0)]])
-0.00950075, -0.0445779, -0.0436129
float3(-0.221815, 0.0830859, -0.85528)
92713.010714333
normal
simd_float4x4([[0.645332, -0.755141, 0.115363, 0.0)], [0.759365, 0.617705, -0.204464, 0.0)], [0.0831391, 0.21955, 0.972052, 0.0)], [-0.00733046, -0.0441885, -0.0436781, 1.0)]])
-0.00733046, -0.0441885, -0.0436781
float3(-0.221353, 0.0853218, -0.885176)
92713.110769791
normal
simd_float4x4([[0.61698, -0.777863, 0.119431, 0.0)], [0.781822, 0.588493, -0.205985, 0.0)], [0.089944, 0.220463, 0.971239, 0.0)], [-0.0042913, -0.043897, -0.0441688, 1.0)]])
-0.0042913, -0.043897, -0.0441688
float3(-0.222289, 0.0923441, -0.923116)
92713.210825
normal
simd_float4x4([[0.593833, -0.794521, 0.126881, 0.0)], [0.799535, 0.565073, -0.203557, 0.0)], [0.090033, 0.222325, 0.970807, 0.0)], [-0.00253856, -0.0445623, -0.0452472, 1.0)]])
-0.00253856, -0.0445623, -0.0452472
float3(-0.224199, 0.0924759, -0.952585)
92713.310880416
normal
simd_float4x4([[0.566281, -0.813608, 0.131788, 0.0)], [0.819019, 0.537553, -0.200608, 0.0)], [0.0923732, 0.221538, 0.970767, 0.0)], [0.000385327, -0.0439602, -0.0447174, 1.0)]])
0.000385327, -0.0439602, -0.0447174
float3(-0.223391, 0.0948692, -0.986934)
92713.410935708
normal
simd_float4x4([[0.536022, -0.833453, 0.134296, 0.0)], [0.837335, 0.504637, -0.210266, 0.0)], [0.107476, 0.225158, 0.968376, 0.0)], [0.00348996, -0.0436915, -0.0444268, 1.0)]])
0.00348996, -0.0436915, -0.0444268
float3(-0.227106, 0.110533, -1.02636)
92713.510991083
normal
simd_float4x4([[0.508774, -0.850106, 0.135903, 0.0)], [0.85217, 0.474875, -0.219771, 0.0)], [0.122292, 0.227627, 0.966039, 0.0)], [0.00696714, -0.0434578, -0.0448035, 1.0)]])
0.00696714, -0.0434578, -0.0448035
float3(-0.22964, 0.125921, -1.06137)
92713.611046375
normal
simd_float4x4([[0.481552, -0.865588, 0.13735, 0.0)], [0.866303, 0.446373, -0.224209, 0.0)], [0.132763, 0.226955, 0.964813, 0.0)], [0.00989887, -0.0428798, -0.044841, 1.0)]])
0.00989887, -0.0428798, -0.044841
float3(-0.22895, 0.136746, -1.09468)
92713.711101791
normal
simd_float4x4([[0.448355, -0.883849, 0.133375, 0.0)], [0.882754, 0.414386, -0.221425, 0.0)], [0.140437, 0.217014, 0.966013, 0.0)], [0.0132431, -0.0433729, -0.0427067, 1.0)]])
0.0132431, -0.0433729, -0.0427067
float3(-0.218755, 0.144367, -1.13238)
92713.811157083
normal
simd_float4x4([[0.423126, -0.895914, 0.135284, 0.0)], [0.894592, 0.38939, -0.219273, 0.0)], [0.143771, 0.213804, 0.966239, 0.0)], [0.0152256, -0.0445538, -0.0434084, 1.0)]])
0.0152256, -0.0445538, -0.0434084
float3(-0.215468, 0.147711, -1.1608)
92713.911212458
normal
simd_float4x4([[0.398802, -0.903516, 0.156895, 0.0)], [0.911029, 0.370794, -0.180382, 0.0)], [0.104803, 0.214873, 0.971002, 0.0)], [0.0262291, -0.0378023, -0.0459268, 1.0)]])
0.0262291, -0.0378023, -0.0459268
float3(-0.216562, 0.107516, -1.18136)
92714.011267791
normal
simd_float4x4([[0.391124, -0.906276, 0.160271, 0.0)], [0.915122, 0.364449, -0.172422, 0.0)], [0.0978509, 0.214106, 0.971897, 0.0)], [0.0251026, -0.0376443, -0.0457883, 1.0)]])
0.0251026, -0.0376443, -0.0457883
float3(-0.215776, 0.100342, -1.18845)
92714.111323083
normal
simd_float4x4([[0.378131, -0.910871, 0.165322, 0.0)], [0.921611, 0.353518, -0.16018, 0.0)], [0.0874593, 0.212932, 0.973145, 0.0)], [0.0259149, -0.0379288, -0.0467439, 1.0)]])
0.0259149, -0.0379288, -0.0467439
float3(-0.214575, 0.089632, -1.20058)
92714.211378625
normal
simd_float4x4([[0.356233, -0.919, 0.16893, 0.0)], [0.930819, 0.333215, -0.150144, 0.0)], [0.0816928, 0.210729, 0.974125, 0.0)], [0.0283815, -0.0378976, -0.0470431, 1.0)]])
0.0283815, -0.0378976, -0.0470431
float3(-0.212321, 0.083667, -1.22295)
92714.31143375
normal
simd_float4x4([[0.33333, -0.926421, 0.175029, 0.0)], [0.939092, 0.309772, -0.148821, 0.0)], [0.0836515, 0.213975, 0.973251, 0.0)], [0.0305272, -0.0379283, -0.0480285, 1.0)]])
0.0305272, -0.0379283, -0.0480285
float3(-0.215642, 0.0857399, -1.24811)
92714.411489166
normal
simd_float4x4([[0.30135, -0.937293, 0.175127, 0.0)], [0.949339, 0.27776, -0.146982, 0.0)], [0.0891219, 0.210548, 0.973513, 0.0)], [0.0339327, -0.0382983, -0.0477017, 1.0)]])
0.0339327, -0.0382983, -0.0477017
float3(-0.212135, 0.0912923, -1.2827)
92714.511544583
normal
simd_float4x4([[0.273175, -0.945406, 0.177717, 0.0)], [0.957525, 0.249504, -0.144547, 0.0)], [0.092314, 0.209655, 0.973408, 0.0)], [0.0361589, -0.0393066, -0.0468111, 1.0)]])
0.0361589, -0.0393066, -0.0468111
float3(-0.211222, 0.0945532, -1.31277)
92714.611599958
normal
simd_float4x4([[0.241586, -0.95367, 0.179302, 0.0)], [0.965482, 0.217686, -0.14303, 0.0)], [0.097372, 0.207667, 0.973341, 0.0)], [0.0396142, -0.0404842, -0.0459371, 1.0)]])
0.0396142, -0.0404842, -0.0459371
float3(-0.20919, 0.0997072, -1.34638)
92714.711655208
normal
simd_float4x4([[0.216098, -0.960741, 0.174004, 0.0)], [0.97146, 0.193716, -0.136893, 0.0)], [0.097812, 0.19862, 0.975183, 0.0)], [0.0427185, -0.040918, -0.0440339, 1.0)]])
0.0427185, -0.040918, -0.0440339
float3(-0.19995, 0.0999667, -1.37183)
92714.811710791
normal
simd_float4x4([[0.188067, -0.968381, 0.163919, 0.0)], [0.976953, 0.16729, -0.132577, 0.0)], [0.100963, 0.185074, 0.977524, 0.0)], [0.046768, -0.0414029, -0.0413789, 1.0)]])
0.046768, -0.0414029, -0.0413789
float3(-0.186147, 0.10292, -1.39973)
92714.911765958
normal
simd_float4x4([[0.162273, -0.973922, 0.158567, 0.0)], [0.980643, 0.141328, -0.135523, 0.0)], [0.109579, 0.177489, 0.978003, 0.0)], [0.0498217, -0.0421791, -0.0398929, 1.0)]])
0.0498217, -0.0421791, -0.0398929
float3(-0.178434, 0.111578, -1.42669)
92715.011821416
normal
simd_float4x4([[0.138411, -0.978798, 0.150985, 0.0)], [0.983267, 0.117579, -0.139145, 0.0)], [0.118442, 0.167718, 0.978694, 0.0)], [0.0525854, -0.0423878, -0.0388299, 1.0)]])
0.0525854, -0.0423878, -0.0388299
float3(-0.168514, 0.120435, -1.45124)
92715.111876875
normal
simd_float4x4([[0.116666, -0.982965, 0.142015, 0.0)], [0.984507, 0.0956138, -0.146981, 0.0)], [0.130899, 0.156963, 0.978891, 0.0)], [0.0531983, -0.0429973, -0.0378833, 1.0)]])
0.0531983, -0.0429973, -0.0378833
float3(-0.157615, 0.132933, -1.47383)
92715.211932208
normal
simd_float4x4([[0.0893572, -0.987383, 0.130726, 0.0)], [0.985399, 0.0685435, -0.155851, 0.0)], [0.144925, 0.142744, 0.979092, 0.0)], [0.054066, -0.0431086, -0.036057, 1.0)]])
0.054066, -0.0431086, -0.036057
float3(-0.143233, 0.146952, -1.50149)
92715.311987666
normal
simd_float4x4([[0.0643308, -0.990468, 0.121798, 0.0)], [0.985429, 0.0437928, -0.164354, 0.0)], [0.157453, 0.130597, 0.978853, 0.0)], [0.0548369, -0.0434671, -0.0352663, 1.0)]])
0.0548369, -0.0434671, -0.0352663
float3(-0.130971, 0.159489, -1.52661)
92715.412042916
normal
simd_float4x4([[0.0410775, -0.992393, 0.116056, 0.0)], [0.985582, 0.0211637, -0.167872, 0.0)], [0.164139, 0.121279, 0.978954, 0.0)], [0.0527158, -0.044196, -0.0360549, 1.0)]])
0.0527158, -0.044196, -0.0360549
float3(-0.121578, 0.166122, -1.54947)
92715.51209825
normal
simd_float4x4([[0.0280539, -0.993208, 0.112919, 0.0)], [0.986468, 0.00925336, -0.16369, 0.0)], [0.161534, 0.115983, 0.980028, 0.0)], [0.0518756, -0.0448561, -0.0363251, 1.0)]])
0.0518756, -0.0448561, -0.0363251
float3(-0.116245, 0.163357, -1.56148)
92715.612153708
normal
simd_float4x4([[0.0198068, -0.994042, 0.107179, 0.0)], [0.987851, 0.00293054, -0.155377, 0.0)], [0.154137, 0.108954, 0.982024, 0.0)], [0.0502488, -0.0447542, -0.036605, 1.0)]])
0.0502488, -0.0447542, -0.036605
float3(-0.109171, 0.155689, -1.56785)
92715.712209125
normal
simd_float4x4([[0.0109292, -0.994672, 0.102505, 0.0)], [0.989895, -0.00373117, -0.14175, 0.0)], [0.141377, 0.103019, 0.984581, 0.0)], [0.049811, -0.0447352, -0.0363971, 1.0)]])
0.049811, -0.0447352, -0.0363971
float3(-0.103202, 0.142616, -1.57455)
92715.812264375
normal
simd_float4x4([[0.00267657, -0.995155, 0.0982848, 0.0)], [0.991099, -0.010442, -0.132718, 0.0)], [0.133101, 0.0977652, 0.986269, 0.0)], [0.0503465, -0.0458932, -0.0366245, 1.0)]])
0.0503465, -0.0458932, -0.0366245
float3(-0.0979216, 0.134144, -1.58129)
92715.91231975
normal
simd_float4x4([[-0.000861216, -0.9952, 0.0978602, 0.0)], [0.993698, -0.0118205, -0.111465, 0.0)], [0.112086, 0.0971475, 0.988938, 0.0)], [0.0310099, -0.0489163, -0.044465, 1.0)]])
0.0310099, -0.0489163, -0.044465
float3(-0.0973009, 0.112859, -1.58267)
92716.012375208
normal
simd_float4x4([[-0.000675453, -0.99459, 0.103879, 0.0)], [0.995712, -0.0102785, -0.0919363, 0.0)], [0.0925067, 0.103372, 0.990332, 0.0)], [0.0316498, -0.0505913, -0.0454327, 1.0)]])
0.0316498, -0.0505913, -0.0454327
float3(-0.103557, 0.0931395, -1.58113)
92716.112430583
normal
simd_float4x4([[0.000378326, -0.99411, 0.108375, 0.0)], [0.997331, -0.00753785, -0.0726251, 0.0)], [0.0730143, 0.108113, 0.991454, 0.0)], [0.0325373, -0.0520274, -0.044786, 1.0)]])
0.0325373, -0.0520274, -0.044786
float3(-0.108325, 0.073511, -1.57838)
92716.212486125
normal
simd_float4x4([[-0.0007789, -0.991873, 0.127233, 0.0)], [0.996526, -0.0113654, -0.0825015, 0.0)], [0.083277, 0.126726, 0.988436, 0.0)], [0.0341964, -0.0526704, -0.0481584, 1.0)]])
0.0341964, -0.0526704, -0.0481584
float3(-0.127068, 0.0840528, -1.58225)
92716.312541416
normal
simd_float4x4([[-0.00124696, -0.991567, 0.129591, 0.0)], [0.998048, -0.00932544, -0.0617504, 0.0)], [0.0624381, 0.129261, 0.989643, 0.0)], [0.0350527, -0.0540543, -0.0464635, 1.0)]])
0.0350527, -0.0540543, -0.0464635
float3(-0.129623, 0.063008, -1.5802)
92716.412596833
normal
simd_float4x4([[0.00181138, -0.991799, 0.127796, 0.0)], [0.999422, -0.00254329, -0.0339038, 0.0)], [0.0339507, 0.127784, 0.991221, 0.0)], [0.0343859, -0.0534925, -0.04488, 1.0)]])
0.0343859, -0.0534925, -0.04488
float3(-0.128134, 0.034238, -1.57336)
92716.512652083
normal
simd_float4x4([[-0.00040631, -0.993254, 0.115958, 0.0)], [0.999735, -0.00307346, -0.0228231, 0.0)], [0.0230255, 0.115918, 0.992992, 0.0)], [0.0338174, -0.0533269, -0.0432933, 1.0)]])
0.0338174, -0.0533269, -0.0432933
float3(-0.116179, 0.0231839, -1.57389)
92716.612707583
normal
simd_float4x4([[-0.00299431, -0.993814, 0.111021, 0.0)], [0.999533, -0.00635123, -0.0298955, 0.0)], [0.0304157, 0.11088, 0.993368, 0.0)], [0.0345161, -0.054055, -0.0442262, 1.0)]])
0.0345161, -0.054055, -0.0442262
float3(-0.111108, 0.0306092, -1.57719)
92716.712763
normal
simd_float4x4([[-0.000330197, -0.993162, 0.116745, 0.0)], [0.998849, -0.00592711, -0.0475976, 0.0)], [0.047964, 0.116595, 0.992021, 0.0)], [0.0346395, -0.0547648, -0.0470581, 1.0)]])
0.0346395, -0.0547648, -0.0470581
float3(-0.11686, 0.0483122, -1.57676)
