USER POSITION
1139.57620179	8.60760265467	5.82269515346
1139.69293396	8.60277344013	5.82457835098
1139.80966625	8.60209340984	5.82183498173
1139.90972242	8.60147558489	5.82182618805
1140.00977858	8.59992630304	5.82250019305
1140.10983483	8.60055637282	5.8229624755
1140.22656708	8.60180510422	5.824366959
1140.35997542	8.59845211097	5.82647823474
1140.47670792	8.59774027576	5.82841184449
1140.57676396	8.59751149692	5.82982357153
1140.67682033	8.59669616407	5.83103352787
1140.77687642	8.59781908914	5.83234411374
1140.89360875	8.59662501987	5.83374486767
1140.99366496	8.59445430112	5.83531078757
1141.09372129	8.59019568246	5.83787932102
1141.21045354	8.58583230846	5.84247447513
1141.32718575	8.58299421864	5.8454996811
1141.42724217	8.56735029372	5.8493487119
1141.54397438	8.54775469939	5.850188988
1141.66070675	8.51765928002	5.84491691118
1141.76076296	8.48301833737	5.83746368921
1141.86081921	8.44251631563	5.82609685309
1141.97755167	8.39603338812	5.80741349442
1142.07760783	8.35556465578	5.78687040984
1142.19434021	8.31444875423	5.76668886779
1142.29439646	8.28077252067	5.74993267961
1142.39445275	8.25496207631	5.73988234598
1142.49450904	8.23200814884	5.73347014529
1142.59456529	8.21213125175	5.72630829931
1142.71129754	8.19708364011	5.72415515554
1142.82802992	8.18326432149	5.72991768467
1142.94476246	9.30642144054	5.59741501193
1143.06149471	9.29226699499	5.60635303829
1143.17822692	9.27931054384	5.61378270845
1143.27828346	9.26974594437	5.61865897731
1143.37833958	9.26314128078	5.62121047939
1143.49507217	9.26049061732	5.62555075395
1143.59512829	9.26065455699	5.62739819211
1143.71186079	9.26279001806	5.63122882274
1143.81191696	9.26664499195	5.63296108146
1143.9119735	9.27018477882	5.63425666395
1144.01202971	9.25152551408	5.61305030351
1144.14543813	9.25059623385	5.61359183307
1144.24549462	9.25103303213	5.61487078079
1144.36222688	9.25113465853	5.6158738865
1144.47895929	9.25173531901	5.61703289599
1144.57901558	9.25190638643	5.61842700931
1144.67907212	9.24734829783	5.60219769788
1144.79580442	9.25387892329	5.6077568574
1144.89586071	9.25566131404	5.60912720195
1145.01259321	9.25664433894	5.60880418794
1145.12932554	9.2584676211	5.61017751463
1145.22938213	9.25804205161	5.61105009162
1145.34611446	9.25789988644	5.61185701049
1145.44617067	9.25721023442	5.61441117495
1145.54622721	9.25467612289	5.61747790656
1145.66295954	9.25198974251	5.62324388309
1145.77969213	9.23734592109	5.62930848987
1145.87974837	9.22347794536	5.63609827764
1145.99648083	9.20703176429	5.6398480981
1146.11321329	9.19242851201	5.64043945144
1146.21326958	9.17858757851	5.64024636927
1146.33000212	9.1501078982	5.63547397306
1146.43005842	9.11786642665	5.62522492133
1146.53011492	9.07923301335	5.60982902817
1146.64684742	9.02879372397	5.58506694637
1146.76357975	8.97769482529	5.55684235109
1146.86363617	8.94437711895	5.54217086703
1146.98036867	8.96234740046	5.51510431633
1147.08042512	8.93811930577	5.52054506709
1147.18048146	8.92348392782	5.52531604951
1147.29721387	8.91301960033	5.5289965976
1147.41394646	8.91167757474	5.54362800118
1147.53067875	8.89910822054	5.54501304664
1147.64741129	8.89432566269	5.5453874
1147.76414383	8.8935543955	5.54626897354
1147.88087625	8.89678786487	5.52841882446
1147.98093271	8.89522316795	5.52659494316
1148.08098921	8.90172147965	5.53257222052
1148.19772158	8.90615312854	5.53903551653
1148.31445421	8.9091903847	5.53361689196
1148.43118663	8.90203267368	5.53473267574
1148.54791908	8.90452166352	5.53792163321
1148.64797571	8.9076282703	5.54563093351
1148.74803196	8.90032368998	5.53923910132
1148.86476462	8.90114101692	5.53433623836
1148.98149704	8.90009060301	5.53607506861
1149.09822954	8.90147299609	5.54624905168
1149.21496213	8.89777421047	5.54277558631
1149.3150185	8.89464880175	5.54128695127
1149.43175104	8.89225555301	5.5493735477
1149.54848358	8.88582153266	5.55766898808
1149.64854	8.88502372581	5.55654438781
1149.74859654	8.87667705298	5.56366826574
1149.84865292	8.86565704499	5.56839519496
1149.96538546	8.84914924896	5.57181376357
1150.09879413	8.82045192582	5.57316211243
1150.19885042	8.78870224415	5.57139815165
1150.31558329	8.74599442772	5.56340536211
1150.41563963	8.70527192861	5.55034129816
1150.51569617	8.66070372527	5.52876280771
1150.63242867	8.74331559708	5.55867720203
1150.73248504	8.69419195669	5.54452801028
1150.84921754	8.65100194837	5.53415476378
1150.96595017	8.62321769514	5.53430252533
1151.06600671	8.6105142807	5.53895929315
1151.166063	8.60572192883	5.54323538523
1151.26611954	8.60231464803	5.54638654083
1151.38285217	8.64999543469	5.55846825535
1151.49958471	8.64892882656	5.55672058757
1151.61631729	8.64813939458	5.55894215088
1151.71637371	8.64341050307	5.55737945768
1151.81643025	8.64043346259	5.55695494151
1151.93316279	8.6364937639	5.5549997898
1152.06657137	8.63339580387	5.5550055055
1152.16662812	8.63334509817	5.55660264354
1152.30003671	8.63543324205	5.55953024258
1152.400093	8.67386403682	5.5539528844
1152.50014962	8.6510839582	5.56059028763
1152.63355829	8.6475859509	5.56772075912
1152.75029075	8.64558785416	5.5724787433
1152.8670235	8.6429473229	5.57924244278
1152.98375612	8.63914174584	5.58692584725
1153.10048858	8.62700237263	5.57328765236
1153.21722117	8.61722221222	5.57804207876
1153.33395392	8.61168528829	5.58782338777
1153.45068642	8.59770121755	5.5863389553
1153.56741896	8.58543130802	5.5933126601
1153.66747558	8.57157009663	5.58779632711
1153.78420813	8.53340158531	5.58469336524
1153.90094075	8.48972532416	5.57747035774
1154.00099729	8.44498373115	5.56687685296
1154.13440596	8.37626375252	5.54398715741
1154.23446267	8.32517489059	5.52784607358
1154.33451908	7.43767529923	4.57891385743
1154.45125158	7.38395549831	4.68938601766
1154.56798437	7.35493945963	4.70136392663
1154.68471679	7.33704108738	4.7055105
1154.7847735	7.33423608463	4.70519655803
1154.88483	7.33124380996	4.70332738674
1155.00156258	7.332267603	4.6999079896
1155.11829529	7.33428310622	4.69841251551
1155.25170404	7.33530151916	4.69983363446
1155.35176033	7.33302050415	4.70026668703
1155.46849325	7.33380328849	4.70267553274
1155.56854967	7.33432898558	4.7051373515
1155.68528242	7.33290734155	4.70870621298
1155.80201492	7.33609165679	4.70810414947
1155.90207142	7.33471215811	4.7088133493
1156.03548008	7.3355829263	4.70956473918
1156.15221292	7.33234611455	4.71166310751
1156.25226942	7.3313927593	4.7134142722
1156.35232592	7.3315200433	4.71567812373
1156.45238242	7.33027638596	4.71887015403
1156.58579113	7.32951380011	4.7201041572
1156.702524	7.32965174917	4.72161256499
1156.80258046	7.3297928236	4.72190381575
1156.902637	7.32792933433	4.7235673159
1157.0026935	7.32786284641	4.72507953426
1157.11942617	7.32865064761	4.72592814799
1157.23615896	7.32967542884	4.72660657223
1157.35289137	7.33252791125	4.72698444136
1157.46962421	7.33515473629	4.72730806337
1157.56968079	7.3348762124	4.72793432645
1157.68641325	7.33526990937	4.72849073161
1157.78647	7.33418061515	4.72924651868
1157.90320254	7.33062351728	4.73472959982
1158.01993542	7.32615430622	4.74354508032
1158.11999171	7.31908751772	4.75506412374
1158.22004838	7.31185170501	4.76858580912
1158.33678108	7.30216821327	4.78269294163
1158.45351375	7.29097829676	4.79614270938
1158.57024658	7.27188957079	4.80730521456
1158.68697917	7.24377582677	4.81927535461
1158.78703558	7.21693002443	4.82813734089
1158.88709229	7.18208257096	4.83063717507
1159.00382492	7.22509080806	4.81025702744
1159.12055762	7.15998815902	4.80660487557
1159.23729042	7.09881041242	4.80459335341
1159.33734683	7.05646235765	4.80839014166
1159.43740354	7.02446756054	4.81485195463
1159.55413613	7.00434264216	4.82874299063
1159.687545	6.98715315592	4.83760687166
1159.78760162	6.98721776228	4.84116613086
1159.90433429	6.99180710785	4.84645849594
1160.00439087	6.9967912828	4.8498787556
1160.1211235	7.00452085339	4.85295577809
1160.23785625	7.00855859483	4.85687750323
1160.33791283	7.0089893586	4.85922556766
1160.45464554	7.00805076296	4.8618691906
1160.55470217	7.00550868252	4.86368134706
1160.671435	7.00490221996	4.86495742196
1160.77149167	7.00351024577	4.86436697055
1160.88822425	7.0029682296	4.86433328873
1161.00495688	7.00008839138	4.86296979035
1161.12168971	6.99936618552	4.86089541462
1161.22174633	6.99730816108	4.86080962751
1161.321803	6.99747931442	4.86017391725
1161.43853562	6.9978649678	4.85962660795
1161.55526842	6.99859287676	4.85912846285
1161.67200096	6.99998353669	4.85884937515
1161.78873375	6.99903694657	4.85889720974
1161.88879033	6.99730677535	4.85826448821
1161.988847	6.99613440844	4.85786967076
1162.10557975	6.993858949	4.85800588144
1162.22231233	6.99212641143	4.85786192816
1162.32236913	6.99013074621	4.85776379893
1162.43910188	6.98824775318	4.8579950418
1162.53915842	6.98766196127	4.85893171028
1162.639215	6.98549111141	4.85954128957
1162.75594783	6.98504975523	4.86028965159
1162.8726805	6.98414067596	4.86178101033
1162.98941321	6.98172950388	4.86681168555
1163.08946992	6.97778061783	4.87206876915
1163.18952654	6.96992358098	4.88014876921
1163.30625938	6.95845019634	4.89182332037
1163.42299213	6.94843740314	4.90457939898
1163.53972479	6.93231305932	4.91460211245
1163.6397815	6.91416701027	4.92253102365
1163.73983804	6.88797205283	4.93056594304
1163.85657087	6.84768781743	4.93948479831
1163.97330362	6.79558117319	4.94629832861
1164.07336029	6.7479093232	4.94838449432
1164.17341687	6.69745746762	4.94896135889
1164.27347358	6.65496545719	4.95286842302
1164.37353012	6.6169413017	4.95969321458
1164.47358696	6.58934677047	4.97155986429
1164.5736435	6.56461756614	4.98387834444
1164.67370004	6.54735164521	4.99016816123
1164.79043292	6.54018480558	4.99719316896
1164.92384183	6.5357005019	5.00096912733
1165.02389842	6.53654900266	5.00024217309
1165.14063113	6.53706430808	4.99780596614
1165.25736396	6.53642302448	4.99661808721
1165.37409688	6.53910558083	4.99636522274
1165.49082954	6.53762861564	4.99338328799
1165.59088638	6.53365840192	4.98973396147
1165.69094279	6.53016513492	4.98709191934
1165.80767558	6.52609204466	4.98358322503
1165.92440842	6.52357113541	4.98210009808
1166.04114112	6.5217536613	4.97972244612
1166.15787383	6.51743007184	4.97906035086
1166.25793058	6.51416184956	4.97914625298
1166.35798729	6.51213213959	4.97883260124
1166.47472012	6.51050932224	4.97781060327
1166.57477679	6.50989388119	4.97804642802
1166.6915095	6.50910176079	4.97906626833
1166.84159454	6.50995517807	4.98083131647
1166.94165121	6.50997483747	4.98196855589
1167.058384	6.50999856222	4.98313241247
1167.15844075	6.51202634164	4.98519710969
1167.25849729	6.51442131693	4.98758987428
1167.358554	6.51734224788	4.98902317515
1167.47528679	6.52122498167	4.99041477111
1167.57534362	6.52385221993	4.99294582132
1167.69207629	6.52435820289	4.99581588773
1167.80880912	6.52756877477	4.99910128394
1167.90886579	6.5297615584	5.00327943771
1168.00892254	6.52728788749	5.00938663971
1168.12565537	6.52589221894	5.02012403392
1168.25906425	6.52134738775	5.03215485905
1168.37579704	6.50287245381	5.04204818129
1168.47585375	6.48560134393	5.04799408809
1168.59258662	6.45895358674	5.05447139508
1168.69264312	6.42704290226	5.05784339818
1168.79269983	6.3883517807	5.05811457605
1168.90943262	6.33279069466	5.05578808049
1169.0261655	6.27333847171	5.05416484705
1169.12622229	6.23557070576	5.0575814113
1169.24295496	6.19190944381	5.06277442872
1169.34301183	6.16284468213	5.07060616189
1169.4430685	6.14477701199	5.07646052236
1169.54312512	6.13535911533	5.07646848918
1169.643182	6.1368290258	5.07370238955
1169.75991471	6.13724830857	5.07216749477
1169.8766475	6.13716893546	5.07429949123
1169.99338054	6.137986643	5.07836926253
1170.09343713	6.13779826807	5.08199158097
1170.21016979	6.14236886674	5.08585258393
1170.32690283	6.14783937548	5.08956674736
1170.42695933	6.14953870247	5.09044274782
1170.52701625	6.14744833566	5.09213519297
1170.643749	6.14410384889	5.09307712356
1170.76048175	6.14163441021	5.09528863472
1170.8605385	6.13922607778	5.09679577238
1170.97727138	6.13661556393	5.09864937602
1171.07732817	6.13703502371	5.10056429703
1171.17738479	6.1315732789	5.10167463017
1171.29411775	6.12647597205	5.10393622956
1171.41085046	6.1212960405	5.10625459303
1171.51090712	6.11871336784	5.10797808568
1171.66099225	6.11451306338	5.10754512097
1171.76104904	6.11116210747	5.10737221787
1171.86110571	6.10855106591	5.10622877484
1171.96116246	6.10657798146	5.10398102446
1172.06121908	6.10537685748	5.10253207132
1172.16127583	6.10584556796	5.1017119058
1172.26133275	6.10708094783	5.10105078132
1172.37806546	6.10928235931	5.10084792305
1172.47812204	6.1132192978	5.10063640396
1172.57817883	6.11536115903	5.10123911988
1172.69491167	6.11836225298	5.10282830177
1172.7949685	6.12086002309	5.10484375717
1172.91170125	6.12443086543	5.10895795624
1173.02843404	6.12597125895	5.11208705704
1173.128491	6.12584551219	5.11794460292
1173.2285475	6.12397150778	5.12658821973
1173.32860433	6.12182372545	5.13673793303
1173.42866112	6.11774876921	5.14544720829
1173.54539392	6.10659383029	5.15429202072
1173.66212679	6.08425562449	5.16335901705
1173.7621835	6.05748345868	5.17222691633
1173.86224025	6.02294790222	5.1784531323
1173.96229708	5.98048844865	5.18267174907
1174.07902975	5.92115419236	5.18349601331
1174.17908663	5.86753339561	5.17947839195
1174.2958195	5.81533154602	5.17487492594
1174.39587629	5.78164866131	5.17336397344
1174.49593292	5.75640359333	5.17475330519
1174.59598987	5.73676498162	5.18004830567
1174.71272267	5.71892393944	5.1888107034
1174.82945533	5.71214821454	5.19348421943
1174.92951229	5.71181722883	5.19964361457
1175.02956896	5.71121367392	5.20640442972
1175.12962583	5.71089241577	5.21283659834
1175.24635863	5.71423584356	5.21910728336
1175.34641538	5.71777389413	5.22076097564
1175.46314829	5.72269744978	5.21895326998
1175.57988108	5.72657374848	5.21932864766
1175.67993783	5.72783919967	5.22059119798
1175.77999462	5.72832948645	5.2220547959
1175.89672758	5.72939834013	5.22221464524
1176.01346042	5.72774301359	5.2210191562
1176.11351729	5.72687444825	5.22090385547
1176.23025004	5.72636454971	5.22137809536
1176.33030679	5.72513646976	5.22262325384
1176.44703975	5.72443405264	5.22499787175
1176.56377267	5.72503823734	5.22740398082
1176.66382942	5.72430363788	5.23055181557
1176.76388617	5.72350372044	5.23248485258
1176.86394288	5.72288581428	5.23439196872
1176.98067575	5.72304829212	5.23506219327
1177.09740863	5.72435731815	5.23624107022
1177.1974655	5.72319777037	5.23626225838
1177.31419825	5.72172458108	5.2368742333
1177.43093104	5.71792465241	5.23741704276
1177.530988	5.71591960692	5.23805201722
1177.63104471	5.71484935043	5.23970324435
1177.73110142	5.71382120812	5.24144572058
1177.86451054	5.71282913304	5.24338744327
1177.96456733	5.70985918971	5.2453795368
1178.08130017	5.7082617995	5.24751515018
1178.18135687	5.7044033386	5.25034362671
1178.28141371	5.69484047161	5.25339716156
1178.39814662	5.68338305906	5.25699741121
1178.49820333	5.66966207327	5.26138483062
1178.61493629	5.65250025464	5.26521013859
