ARKit Data
1035159.2918305
normal
simd_float4x4([[0.0172726, -0.999807, -0.0094063, 0.0)], [0.236183, 0.0132214, -0.971619, 0.0)], [0.971555, 0.0145608, 0.236365, 0.0)], [0.00179239, 0.0444011, 0.000793446, 1.0)]])
0.00179239, 0.0444011, 0.000793446
float3(-0.0145613, 1.33215, -1.55757)
1035159.49194092
normal
simd_float4x4([[0.0198567, -0.999803, -0.000422022, 0.0)], [0.238885, 0.00515428, -0.971034, 0.0)], [0.970845, 0.0191807, 0.23894, 0.0)], [0.000235087, 0.0439717, -0.00051927, 1.0)]])
0.000235087, 0.0439717, -0.00051927
float3(-0.0191819, 1.32948, -1.56564)
1035160.19970483
notAvailable
simd_float4x4([[0.898286, 0.0, 0.439411, 0.0)], [0.0, 1.0, 0.0, 0.0)], [-0.439411, 0.0, 0.898286, 0.0)], [0.141964, -0.0582756, 0.154439, 1.0)]])
0.141964, -0.0582756, 0.154439
float3(-0.0, -0.454943, 0.0)
1035160.39978192
limited(__ObjC.ARCamera.TrackingState.Reason.initializing)
simd_float4x4([[0.00494581, -0.999968, 0.00631003, 0.0)], [0.999988, 0.0049472, 0.000204657, 0.0)], [-0.000235868, 0.00630894, 0.99998, 0.0)], [0.0, 0.0, 0.0, 1.0)]])
0.0, 0.0, 0.0
float3(-0.00630898, -0.000235873, -1.56585)
1035160.59989254
limited(__ObjC.ARCamera.TrackingState.Reason.initializing)
simd_float4x4([[0.00239747, -0.999925, 0.0120011, 0.0)], [0.999997, 0.00240044, 0.00023287, 0.0)], [-0.00026166, 0.0120005, 0.999928, 0.0)], [0.0, 0.0, 0.0, 1.0)]])
0.0, 0.0, 0.0
float3(-0.0120007, -0.000261679, -1.5684)
1035160.80000304
limited(__ObjC.ARCamera.TrackingState.Reason.initializing)
simd_float4x4([[0.0049339, -0.99992, 0.0116411, 0.0)], [0.999988, 0.00493088, -0.000288044, 0.0)], [0.00023062, 0.0116424, 0.999932, 0.0)], [0.0, 0.0, 0.0, 1.0)]])
0.0, 0.0, 0.0
float3(-0.0116427, 0.000230636, -1.56587)
1035161.00011367
limited(__ObjC.ARCamera.TrackingState.Reason.initializing)
simd_float4x4([[0.000874873, -0.999896, 0.0144061, 0.0)], [0.999959, 0.000744204, -0.0090732, 0.0)], [0.00906153, 0.0144135, 0.999855, 0.0)], [0.0, 0.0, 0.0, 1.0)]])
0.0, 0.0, 0.0
float3(-0.014414, 0.0090626, -1.57005)
1035161.20022425
normal
simd_float4x4([[0.00244887, -0.999826, 0.0184892, 0.0)], [0.999614, 0.00193618, -0.0276962, 0.0)], [0.0276556, 0.0185499, 0.999445, 0.0)], [4.95715e-05, 0.00100913, 0.002589, 1.0)]])
4.95715e-05, 0.00100913, 0.002589
float3(-0.018551, 0.0276639, -1.56886)
1035161.40033496
normal
simd_float4x4([[0.000555415, -0.999784, 0.0207952, 0.0)], [0.998931, -0.000406408, -0.0462195, 0.0)], [0.046218, 0.0207986, 0.998715, 0.0)], [0.00519333, 0.00384114, 0.00345247, 1.0)]])
0.00519333, 0.00384114, 0.00345247
float3(-0.0208001, 0.0462444, -1.5712)
1035161.60044571
normal
simd_float4x4([[0.00790906, -0.999633, 0.0259159, 0.0)], [0.998968, 0.00673936, -0.0449152, 0.0)], [0.044724, 0.0262444, 0.998654, 0.0)], [0.00829166, 0.00507885, 0.0031437, 1.0)]])
0.00829166, 0.00507885, 0.0031437
float3(-0.0262475, 0.0447544, -1.56405)
1035161.80055633
normal
simd_float4x4([[0.0129584, -0.99952, 0.028133, 0.0)], [0.999121, 0.0118216, -0.040207, 0.0)], [0.0398551, 0.0286293, 0.998795, 0.0)], [0.0105783, 0.00499308, 0.000685706, 1.0)]])
0.0105783, 0.00499308, 0.000685706
float3(-0.0286332, 0.039882, -1.55897)
1035162.00066708
normal
simd_float4x4([[0.017316, -0.999326, 0.0323572, 0.0)], [0.999097, 0.0160384, -0.0393347, 0.0)], [0.0387893, 0.0330091, 0.998702, 0.0)], [0.0111391, 0.00336791, 0.00417446, 1.0)]])
0.0111391, 0.00336791, 0.00417446
float3(-0.0330151, 0.0388202, -1.55475)
1035162.200778
normal
simd_float4x4([[0.0165659, -0.999384, 0.0309366, 0.0)], [0.999075, 0.0153173, -0.0401704, 0.0)], [0.0396718, 0.0315734, 0.998714, 0.0)], [0.0106724, 0.00442443, 0.00580313, 1.0)]])
0.0106724, 0.00442443, 0.00580313
float3(-0.0315787, 0.039702, -1.55547)
1035162.40088883
normal
simd_float4x4([[0.0166757, -0.999388, 0.0307549, 0.0)], [0.999092, 0.0154492, -0.0396943, 0.0)], [0.0391949, 0.0313889, 0.998738, 0.0)], [0.0115743, 0.00504985, 0.00595656, 1.0)]])
0.0115743, 0.00504985, 0.00595656
float3(-0.031394, 0.0392243, -1.55534)
1035162.61767554
normal
simd_float4x4([[0.0158458, -0.9994, 0.030798, 0.0)], [0.999032, 0.0145606, -0.0415144, 0.0)], [0.0410411, 0.031426, 0.998663, 0.0)], [0.0114556, 0.00426291, 0.00809159, 1.0)]])
0.0114556, 0.00426291, 0.00809159
float3(-0.0314312, 0.0410729, -1.55623)
1035162.81778667
normal
simd_float4x4([[0.0173722, -0.999355, 0.0314272, 0.0)], [0.999028, 0.0160758, -0.041044, 0.0)], [0.0405123, 0.0321097, 0.998663, 0.0)], [0.0139611, 0.00501076, 0.00595622, 1.0)]])
0.0139611, 0.00501076, 0.00595622
float3(-0.0321152, 0.0405443, -1.55471)
1035163.03457325
normal
simd_float4x4([[0.0148287, -0.999453, 0.0295524, 0.0)], [0.999107, 0.0136408, -0.0400011, 0.0)], [0.0395761, 0.0301192, 0.998762, 0.0)], [0.0139598, 0.00404244, 0.00830278, 1.0)]])
0.0139598, 0.00404244, 0.00830278
float3(-0.0301238, 0.0396044, -1.55715)
1035163.25136017
normal
simd_float4x4([[0.0120427, -0.999405, 0.0323326, 0.0)], [0.998888, 0.0105498, -0.0459538, 0.0)], [0.0455853, 0.0328501, 0.99842, 0.0)], [0.0164052, 0.00401675, 0.00718638, 1.0)]])
0.0164052, 0.00401675, 0.00718638
float3(-0.032856, 0.0456258, -1.56024)
1035163.46814704
normal
simd_float4x4([[0.00186652, -0.999282, 0.0378358, 0.0)], [0.998165, -0.000428382, -0.0605557, 0.0)], [0.0605284, 0.0378794, 0.997447, 0.0)], [0.0174527, 0.00282274, 0.00654266, 1.0)]])
0.0174527, 0.00282274, 0.00654266
float3(-0.0378884, 0.060609, -1.57123)
1035163.68493404
normal
simd_float4x4([[-0.000871384, -0.999218, 0.0395328, 0.0)], [0.998007, -0.00336349, -0.0630164, 0.0)], [0.0631001, 0.0393991, 0.997229, 0.0)], [0.0183974, 0.00313516, 0.00793933, 1.0)]])
0.0183974, 0.00313516, 0.00793933
float3(-0.0394093, 0.0631912, -1.57416)
1035163.88504508
normal
simd_float4x4([[-0.00395842, -0.999188, 0.0400907, 0.0)], [0.998014, -0.00646774, -0.0626561, 0.0)], [0.0628646, 0.0397631, 0.99723, 0.0)], [0.0207316, 0.00251972, 0.0089039, 1.0)]])
0.0207316, 0.00251972, 0.0089039
float3(-0.0397736, 0.0629559, -1.57727)
1035164.08515617
normal
simd_float4x4([[-0.00446493, -0.998886, 0.0469854, 0.0)], [0.996332, -0.00845871, -0.0851484, 0.0)], [0.0854509, 0.0464329, 0.99526, 0.0)], [0.0196266, 0.00296917, 0.00907575, 1.0)]])
0.0196266, 0.00296917, 0.00907575
float3(-0.0464496, 0.0856479, -1.57926)
1035164.28526717
normal
simd_float4x4([[-0.0114211, -0.998578, 0.0520709, 0.0)], [0.986637, -0.0197182, -0.161734, 0.0)], [0.162531, 0.0495279, 0.98546, 0.0)], [0.015173, 0.00180676, 0.0136702, 1.0)]])
0.015173, 0.00180676, 0.0136702
float3(-0.0495482, 0.163458, -1.59054)
1035164.48537817
normal
simd_float4x4([[-0.0122007, -0.997826, 0.0647634, 0.0)], [0.960453, -0.0297128, -0.276854, 0.0)], [0.278176, 0.0588244, 0.958727, 0.0)], [0.00266051, -0.00219066, 0.0250037, 1.0)]])
0.00266051, -0.00219066, 0.0250037
float3(-0.0588584, 0.282397, -1.60057)
1035164.68548946
normal
simd_float4x4([[-0.00295031, -0.997657, 0.0683472, 0.0)], [0.920256, -0.0294537, -0.390208, 0.0)], [0.391307, 0.0617457, 0.918187, 0.0)], [-0.00952866, -0.00416294, 0.0399374, 1.0)]])
-0.00952866, -0.00416294, 0.0399374
float3(-0.061785, 0.402864, -1.60031)
1035164.88560067
normal
simd_float4x4([[0.0203872, -0.99706, 0.0738658, 0.0)], [0.861278, -0.0200044, -0.50774, 0.0)], [0.507725, 0.0739704, 0.858338, 0.0)], [-0.0275631, -0.00882224, 0.0562097, 1.0)]])
-0.0275631, -0.00882224, 0.0562097
float3(-0.074038, 0.534162, -1.59086)
1035165.08571192
normal
simd_float4x4([[0.032915, -0.996941, 0.0708881, 0.0)], [0.793222, -0.0170924, -0.608692, 0.0)], [0.608042, 0.0762651, 0.790233, 0.0)], [-0.0454472, -0.00831919, 0.0808123, 1.0)]])
-0.0454472, -0.00831919, 0.0808123
float3(-0.0763392, 0.655831, -1.58794)
1035165.28582313
normal
simd_float4x4([[0.0307763, -0.998157, 0.0522989, 0.0)], [0.726459, -0.0136005, -0.687075, 0.0)], [0.68652, 0.0591387, 0.724702, 0.0)], [-0.0650819, -0.00353698, 0.12477, 1.0)]])
-0.0650819, -0.00353698, 0.12477
float3(-0.0591732, 0.758349, -1.58442)
1035165.48593425
normal
simd_float4x4([[0.0320181, -0.99739, 0.0647184, 0.0)], [0.633564, -0.029827, -0.773115, 0.0)], [0.773027, 0.0657569, 0.630955, 0.0)], [-0.0967209, -0.00518288, 0.184261, 1.0)]])
-0.0967209, -0.00518288, 0.184261
float3(-0.0658044, 0.886247, -1.60069)
1035165.68604546
normal
simd_float4x4([[0.0363985, -0.997312, 0.0635981, 0.0)], [0.496688, -0.0371692, -0.867133, 0.0)], [0.867165, 0.0631507, 0.494, 0.0)], [-0.132042, -0.00336514, 0.25545, 1.0)]])
-0.132042, -0.00336514, 0.25545
float3(-0.0631928, 1.05298, -1.60805)
1035165.88615692
normal
simd_float4x4([[0.0417303, -0.997571, 0.0557689, 0.0)], [0.319199, -0.0395812, -0.946861, 0.0)], [0.946768, 0.0573142, 0.316772, 0.0)], [-0.162197, -0.000714742, 0.325669, 1.0)]])
-0.162197, -0.000714742, 0.325669
float3(-0.0573456, 1.24792, -1.61045)
1035166.08626812
normal
simd_float4x4([[0.0611155, -0.997001, 0.0474779, 0.0)], [0.167606, -0.0366406, -0.985173, 0.0)], [0.983958, 0.068167, 0.164864, 0.0)], [-0.173392, 0.00307618, 0.374232, 1.0)]])
-0.173392, 0.00307618, 0.374232
float3(-0.0682199, 1.40479, -1.60753)
1035166.2863795
normal
simd_float4x4([[0.0621317, -0.997457, 0.0349104, 0.0)], [0.0705499, -0.0305013, -0.997042, 0.0)], [0.995571, 0.0644109, 0.0684754, 0.0)], [-0.166546, 0.00794479, 0.412358, 1.0)]])
-0.166546, 0.00794479, 0.412358
float3(-0.0644555, 1.50212, -1.60137)
1035166.48649088
normal
simd_float4x4([[0.057846, -0.998207, 0.0154106, 0.0)], [0.0160281, -0.0145058, -0.999766, 0.0)], [0.998197, 0.0580795, 0.0151603, 0.0)], [-0.162264, 0.0074161, 0.462528, 1.0)]])
-0.162264, 0.0074161, 0.462528
float3(-0.0581122, 1.55561, -1.58533)
1035166.68660221
normal
simd_float4x4([[0.0786102, -0.996903, -0.00237853, 0.0)], [-0.0777567, -0.00375279, -0.996965, 0.0)], [0.993868, 0.0785566, -0.0778109, 0.0)], [-0.188385, -0.00147171, 0.459582, 1.0)]])
-0.188385, -0.00147171, 0.459582
float3(-0.0786377, 1.64893, -1.57456)
1035166.88671363
normal
simd_float4x4([[0.0923175, -0.995718, -0.00490469, 0.0)], [-0.134385, -0.00757844, -0.9909, 0.0)], [0.98662, 0.0921366, -0.134509, 0.0)], [-0.193127, -0.0077789, 0.459078, 1.0)]])
-0.193127, -0.0077789, 0.459078
float3(-0.0922674, 1.70629, -1.57841)
1035167.08682525
normal
simd_float4x4([[0.110134, -0.993879, -0.00869147, 0.0)], [-0.165807, -0.00974991, -0.98611, 0.0)], [0.979989, 0.110045, -0.165866, 0.0)], [-0.211082, -0.0136836, 0.466675, 1.0)]])
-0.211082, -0.0136836, 0.466675
float3(-0.110268, 1.73846, -1.58061)
1035167.28693667
normal
simd_float4x4([[0.130985, -0.991328, -0.0106129, 0.0)], [-0.196923, -0.0155247, -0.980296, 0.0)], [0.97163, 0.130494, -0.197248, 0.0)], [-0.248086, -0.0219899, 0.479388, 1.0)]])
-0.248086, -0.0219899, 0.479388
float3(-0.130867, 1.77108, -1.58646)
1035167.48704813
normal
simd_float4x4([[0.147034, -0.989094, -0.00863701, 0.0)], [-0.215827, -0.02356, -0.976147, 0.0)], [0.965297, 0.145391, -0.216938, 0.0)], [-0.308737, -0.0256341, 0.485342, 1.0)]])
-0.308737, -0.0256341, 0.485342
float3(-0.145909, 1.79186, -1.59461)
1035167.70383554
normal
simd_float4x4([[0.151766, -0.988223, -0.0195577, 0.0)], [-0.221744, -0.0147585, -0.974993, 0.0)], [0.963222, 0.152308, -0.221373, 0.0)], [-0.417388, -0.0386261, 0.495368, 1.0)]])
-0.417388, -0.0386261, 0.495368
float3(-0.152903, 1.7967, -1.58573)
1035167.920623
normal
simd_float4x4([[0.112272, -0.993586, -0.0134866, 0.0)], [-0.223181, -0.0119884, -0.974703, 0.0)], [0.96829, 0.112442, -0.223096, 0.0)], [-0.563656, -0.0358551, 0.524522, 1.0)]])
-0.563656, -0.0358551, 0.524522
float3(-0.11268, 1.79725, -1.58286)
1035168.1374105
normal
simd_float4x4([[0.126879, -0.991254, -0.0362827, 0.0)], [-0.250456, 0.00337793, -0.968122, 0.0)], [0.959778, 0.131922, -0.247837, 0.0)], [-0.721117, -0.027189, 0.563945, 1.0)]])
-0.721117, -0.027189, 0.563945
float3(-0.132308, 1.8235, -1.56739)
1035168.33752208
normal
simd_float4x4([[0.118657, -0.992146, -0.0395919, 0.0)], [-0.26516, 0.00676368, -0.96418, 0.0)], [0.956875, 0.124905, -0.262275, 0.0)], [-0.875934, -0.0341488, 0.602637, 1.0)]])
-0.875934, -0.0341488, 0.602637
float3(-0.125232, 1.83832, -1.56398)
1035168.53763375
normal
simd_float4x4([[0.0973265, -0.994987, -0.0229692, 0.0)], [-0.242755, -0.00135108, -0.970087, 0.0)], [0.965193, 0.0999911, -0.241669, 0.0)], [-1.05381, -0.0461192, 0.652286, 1.0)]])
-1.05381, -0.0461192, 0.652286
float3(-0.100158, 1.81614, -1.57215)
1035168.73774546
normal
simd_float4x4([[0.0938142, -0.995547, 0.00918896, 0.0)], [-0.230133, -0.0306642, -0.972676, 0.0)], [0.968627, 0.0891362, -0.231985, 0.0)], [-1.22912, -0.0300977, 0.701537, 1.0)]])
-1.22912, -0.0300977, 0.701537
float3(-0.0892546, 1.80587, -1.60159)
1035168.93785717
normal
simd_float4x4([[0.111778, -0.993363, 0.0271162, 0.0)], [-0.230818, -0.0524944, -0.97158, 0.0)], [0.966555, 0.102343, -0.235153, 0.0)], [-1.40489, -0.0338261, 0.739354, 1.0)]])
-1.40489, -0.0338261, 0.739354
float3(-0.102522, 1.80945, -1.62359)
1035169.13796879
normal
simd_float4x4([[0.077611, -0.996896, 0.0132291, 0.0)], [-0.229613, -0.0307853, -0.972795, 0.0)], [0.970183, 0.072462, -0.231289, 0.0)], [-1.59669, -0.0375968, 0.770988, 1.0)]])
-1.59669, -0.0375968, 0.770988
float3(-0.0725256, 1.80483, -1.60167)
1035169.33808037
normal
simd_float4x4([[0.0770547, -0.996941, -0.0130966, 0.0)], [-0.252822, -0.00683129, -0.967489, 0.0)], [0.964439, 0.0778607, -0.252575, 0.0)], [-1.79107, -0.0165713, 0.804561, 1.0)]])
-1.79107, -0.0165713, 0.804561
float3(-0.0779396, 1.82693, -1.57765)
1035169.53819217
normal
simd_float4x4([[0.0823085, -0.995756, -0.0411823, 0.0)], [-0.255116, 0.018894, -0.966726, 0.0)], [0.963401, 0.090076, -0.252478, 0.0)], [-1.98465, -0.0206344, 0.845617, 1.0)]])
-1.98465, -0.0206344, 0.845617
float3(-0.0901983, 1.8271, -1.55182)
1035169.73830387
normal
simd_float4x4([[0.0742655, -0.996915, -0.0253992, 0.0)], [-0.241784, 0.00670957, -0.970307, 0.0)], [0.967484, 0.0782015, -0.240539, 0.0)], [-2.19194, -0.0391229, 0.889613, 1.0)]])
-2.19194, -0.0391229, 0.889613
float3(-0.0782814, 1.81448, -1.56407)
1035169.93841558
normal
simd_float4x4([[0.0886711, -0.996058, 0.00254132, 0.0)], [-0.233719, -0.0232862, -0.972025, 0.0)], [0.968252, 0.0855965, -0.234863, 0.0)], [-2.40106, -0.0311265, 0.928011, 1.0)]])
-2.40106, -0.0311265, 0.928011
float3(-0.0857014, 1.80876, -1.59417)
1035170.13852725
normal
simd_float4x4([[0.0978563, -0.995122, 0.0125162, 0.0)], [-0.220755, -0.0339679, -0.974738, 0.0)], [0.970408, 0.0926212, -0.223002, 0.0)], [-2.60266, -0.0370433, 0.954838, 1.0)]])
-2.60266, -0.0370433, 0.954838
float3(-0.0927542, 1.79668, -1.60492)
1035170.33863908
normal
simd_float4x4([[0.0759123, -0.997085, -0.00760781, 0.0)], [-0.232398, -0.0102727, -0.972567, 0.0)], [0.969654, 0.0755979, -0.2325, 0.0)], [-2.81344, -0.0458181, 0.977334, 1.0)]])
-2.81344, -0.0458181, 0.977334
float3(-0.0756701, 1.80613, -1.5811)
1035170.53875096
normal
simd_float4x4([[0.0951535, -0.995292, -0.0184508, 0.0)], [-0.255883, -0.00654286, -0.966686, 0.0)], [0.962013, 0.0967048, -0.255301, 0.0)], [-3.02084, -0.0258768, 1.00478, 1.0)]])
-3.02084, -0.0258768, 1.00478
float3(-0.0968562, 1.8302, -1.57737)
1035170.73886279
normal
simd_float4x4([[0.0768288, -0.996383, -0.0362971, 0.0)], [-0.251754, 0.0158387, -0.967662, 0.0)], [0.964737, 0.0834822, -0.249627, 0.0)], [-3.21425, -0.035755, 1.03881, 1.0)]])
-3.21425, -0.035755, 1.03881
float3(-0.0835795, 1.82399, -1.5549)
1035170.95565067
normal
simd_float4x4([[0.079383, -0.996543, -0.0244972, 0.0)], [-0.218361, 0.00659415, -0.975846, 0.0)], [0.972634, 0.0828148, -0.217083, 0.0)], [-3.442, -0.0420047, 1.08285, 1.0)]])
-3.442, -0.0420047, 1.08285
float3(-0.0829098, 1.79039, -1.56418)
1035171.20579067
normal
simd_float4x4([[0.095015, -0.99541, 0.0114604, 0.0)], [-0.218647, -0.0320992, -0.975276, 0.0)], [0.971167, 0.0901601, -0.220694, 0.0)], [-3.68657, -0.036569, 1.11194, 1.0)]])
-3.68657, -0.036569, 1.11194
float3(-0.0902827, 1.79425, -1.60303)
1035171.4059025
normal
simd_float4x4([[0.0701589, -0.997535, 0.00127834, 0.0)], [-0.217981, -0.0165816, -0.975812, 0.0)], [0.973428, 0.0681833, -0.218607, 0.0)], [-3.88509, -0.0521871, 1.12895, 1.0)]])
-3.88509, -0.0521871, 1.12895
float3(-0.0682362, 1.79171, -1.58742)
1035171.62269046
normal
simd_float4x4([[0.0797385, -0.996636, -0.0189146, 0.0)], [-0.241078, -0.000869427, -0.970505, 0.0)], [0.967224, 0.0819466, -0.240336, 0.0)], [-4.10538, -0.0360358, 1.15845, 1.0)]])
-4.10538, -0.0360358, 1.15845
float3(-0.0820386, 1.81434, -1.57167)
1035171.83947821
normal
simd_float4x4([[0.0691309, -0.996382, -0.0494415, 0.0)], [-0.250069, 0.0306702, -0.967742, 0.0)], [0.965757, 0.0792647, -0.247044, 0.0)], [-4.32427, -0.048075, 1.21052, 1.0)]])
-4.32427, -0.048075, 1.21052
float3(-0.0793479, 1.82123, -1.54002)
1035172.03959033
normal
simd_float4x4([[0.06556, -0.997484, -0.0269643, 0.0)], [-0.219793, 0.0119233, -0.975474, 0.0)], [0.973341, 0.0698786, -0.218459, 0.0)], [-4.54372, -0.0581173, 1.25988, 1.0)]])
-4.54372, -0.0581173, 1.25988
float3(-0.0699356, 1.79158, -1.55884)
1035172.25637813
normal
simd_float4x4([[0.0948143, -0.995463, -0.00800043, 0.0)], [-0.2077, -0.0119216, -0.97812, 0.0)], [0.973587, 0.0944015, -0.207888, 0.0)], [-4.78371, -0.0476974, 1.30852, 1.0)]])
-4.78371, -0.0476974, 1.30852
float3(-0.0945423, 1.78116, -1.58277)
1035172.45649025
normal
simd_float4x4([[0.0728523, -0.997343, 0.00066499, 0.0)], [-0.208503, -0.0158824, -0.977893, 0.0)], [0.975305, 0.0711031, -0.209106, 0.0)], [-4.99296, -0.0654708, 1.34385, 1.0)]])
-4.99296, -0.0654708, 1.34385
float3(-0.0711631, 1.782, -1.58672)
1035172.6566025
normal
simd_float4x4([[0.0635681, -0.997977, -0.000375038, 0.0)], [-0.247089, -0.0153747, -0.968871, 0.0)], [0.966905, 0.061682, -0.247566, 0.0)], [-5.20523, -0.0553102, 1.37398, 1.0)]])
-5.20523, -0.0553102, 1.37398
float3(-0.0617211, 1.82145, -1.5862)
1035172.85671454
normal
simd_float4x4([[0.0778065, -0.996083, -0.0420159, 0.0)], [-0.249703, 0.0213301, -0.968088, 0.0)], [0.965191, 0.085815, -0.247065, 0.0)], [-5.40845, -0.0520777, 1.42042, 1.0)]])
-5.40845, -0.0520777, 1.42042
float3(-0.0859207, 1.82139, -1.54939)
1035173.07350233
normal
simd_float4x4([[0.0686778, -0.997299, -0.026031, 0.0)], [-0.228518, 0.00967299, -0.973492, 0.0)], [0.971114, 0.0728058, -0.227236, 0.0)], [-5.63932, -0.0768368, 1.46789, 1.0)]])
-5.63932, -0.0768368, 1.46789
float3(-0.0728703, 1.80066, -1.5611)
1035173.27361458
normal
simd_float4x4([[0.0696454, -0.997569, -0.00244001, 0.0)], [-0.207441, -0.01209, -0.978173, 0.0)], [0.975765, 0.0686313, -0.207779, 0.0)], [-5.84635, -0.0684125, 1.51017, 1.0)]])
-5.84635, -0.0684125, 1.51017
float3(-0.0686853, 1.7806, -1.58292)
1035173.47372671
normal
simd_float4x4([[0.0930618, -0.995656, 0.00293023, 0.0)], [-0.198917, -0.0214758, -0.979781, 0.0)], [0.975588, 0.0905974, -0.200051, 0.0)], [-6.05117, -0.0712633, 1.53995, 1.0)]])
-6.05117, -0.0712633, 1.53995
float3(-0.0907218, 1.77305, -1.59236)
1035173.67383883
normal
simd_float4x4([[0.0782617, -0.99691, -0.00675843, 0.0)], [-0.223893, -0.0109697, -0.974552, 0.0)], [0.971467, 0.0777832, -0.224059, 0.0)], [-6.25814, -0.0815627, 1.56574, 1.0)]])
-6.25814, -0.0815627, 1.56574
float3(-0.0778619, 1.79747, -1.5818)
1035173.87395092
normal
simd_float4x4([[0.0830903, -0.996016, -0.0323891, 0.0)], [-0.243489, 0.0112254, -0.969839, 0.0)], [0.966338, 0.0884706, -0.241586, 0.0)], [-6.45238, -0.0652238, 1.60401, 1.0)]])
-6.45238, -0.0652238, 1.60401
float3(-0.0885864, 1.81578, -1.55953)
1035174.09073925
normal
simd_float4x4([[0.076005, -0.996205, -0.0424029, 0.0)], [-0.252894, 0.0218759, -0.967247, 0.0)], [0.964504, 0.0842391, -0.250272, 0.0)], [-6.66791, -0.0789863, 1.6568, 1.0)]])
-6.66791, -0.0789863, 1.6568
float3(-0.084339, 1.82468, -1.54884)
1035174.30752737
normal
simd_float4x4([[0.0694873, -0.997531, -0.0102052, 0.0)], [-0.222082, -0.00549522, -0.975012, 0.0)], [0.972549, 0.0700174, -0.221915, 0.0)], [-6.89083, -0.0833972, 1.71346, 1.0)]])
-6.89083, -0.0833972, 1.71346
float3(-0.0700747, 1.79513, -1.57631)
1035174.50763962
normal
simd_float4x4([[0.0997881, -0.994988, 0.00635778, 0.0)], [-0.208422, -0.0271498, -0.977662, 0.0)], [0.972935, 0.0962339, -0.210087, 0.0)], [-7.09011, -0.0811982, 1.75542, 1.0)]])
-7.09011, -0.0811982, 1.75542
float3(-0.0963831, 1.78346, -1.59808)
1035174.70775179
normal
simd_float4x4([[0.0864335, -0.99625, 0.00380139, 0.0)], [-0.216388, -0.0224979, -0.976048, 0.0)], [0.972474, 0.0835407, -0.217521, 0.0)], [-7.28957, -0.101945, 1.79166, 1.0)]])
-7.28957, -0.101945, 1.79166
float3(-0.0836382, 1.79085, -1.59338)
1035174.90786408
normal
simd_float4x4([[0.0907668, -0.995827, -0.00945733, 0.0)], [-0.2366, -0.0123389, -0.971529, 0.0)], [0.967358, 0.0904202, -0.236733, 0.0)], [-7.48732, -0.0926753, 1.82073, 1.0)]])
-7.48732, -0.0926753, 1.82073
float3(-0.0905439, 1.8108, -1.58319)
1035175.10797621
normal
simd_float4x4([[0.0897061, -0.995321, -0.0359121, 0.0)], [-0.24079, 0.0133142, -0.970486, 0.0)], [0.966423, 0.0957058, -0.238469, 0.0)], [-7.66701, -0.0896114, 1.86611, 1.0)]])
-7.66701, -0.0896114, 1.86611
float3(-0.0958525, 1.81272, -1.55742)
1035175.32476454
normal
simd_float4x4([[0.0690321, -0.997427, -0.0193513, 0.0)], [-0.204602, 0.00483001, -0.978833, 0.0)], [0.976408, 0.0715302, -0.203742, 0.0)], [-7.87911, -0.107099, 1.92046, 1.0)]])
-7.87911, -0.107099, 1.92046
float3(-0.0715914, 1.77651, -1.56595)
1035175.52487692
normal
simd_float4x4([[0.064631, -0.997875, 0.00828824, 0.0)], [-0.178354, -0.0197229, -0.983768, 0.0)], [0.981841, 0.0621037, -0.17925, 0.0)], [-8.06087, -0.0931764, 1.97066, 1.0)]])
-8.06087, -0.0931764, 1.97066
float3(-0.0621437, 1.75137, -1.59056)
1035175.72498921
normal
simd_float4x4([[0.0745988, -0.99672, 0.0313639, 0.0)], [-0.167431, -0.043524, -0.984922, 0.0)], [0.983057, 0.0682228, -0.170129, 0.0)], [-8.24682, -0.0953854, 2.01767, 1.0)]])
-8.24682, -0.0953854, 2.01767
float3(-0.0682758, 1.74216, -1.61444)
1035175.9417775
normal
simd_float4x4([[0.0419514, -0.998632, 0.031216, 0.0)], [-0.207482, -0.03927, -0.97745, 0.0)], [0.977339, 0.0345287, -0.208846, 0.0)], [-8.43955, -0.0998132, 2.06743, 1.0)]])
-8.43955, -0.0998132, 2.06743
float3(-0.0345355, 1.78132, -1.6101)
1035176.14184504
normal
simd_float4x4([[0.0545497, -0.998119, 0.0279807, 0.0)], [-0.228872, -0.0397749, -0.972643, 0.0)], [0.971927, 0.0466535, -0.230611, 0.0)], [-8.60774, -0.0876643, 2.12028, 1.0)]])
-8.60774, -0.0876643, 2.12028
float3(-0.0466704, 1.80376, -1.61063)
1035176.35848796
normal
simd_float4x4([[0.0476531, -0.998564, 0.0244892, 0.0)], [-0.208845, -0.0339356, -0.97736, 0.0)], [0.976787, 0.0414598, -0.210162, 0.0)], [-8.77535, -0.104282, 2.18115, 1.0)]])
-8.77535, -0.104282, 2.18115
float3(-0.0414717, 1.78272, -1.60477)
1035176.575131
normal
simd_float4x4([[0.0312862, -0.997789, 0.0586407, 0.0)], [-0.174206, -0.063215, -0.982678, 0.0)], [0.984212, 0.0205286, -0.175799, 0.0)], [-8.92143, -0.104655, 2.24402, 1.0)]])
-8.92143, -0.104655, 2.24402
float3(-0.0205301, 1.74755, -1.63407)
1035176.79177392
normal
simd_float4x4([[0.0457334, -0.997249, 0.0583296, 0.0)], [-0.280106, -0.06885, -0.957497, 0.0)], [0.958879, 0.0274511, -0.282485, 0.0)], [-9.04728, -0.0973177, 2.32451, 1.0)]])
-9.04728, -0.0973177, 2.32451
float3(-0.0274546, 1.85729, -1.63973)
1035177.00841692
normal
simd_float4x4([[0.0440896, -0.997649, 0.0524617, 0.0)], [-0.526386, -0.0678308, -0.847536, 0.0)], [0.849102, 0.00975242, -0.528139, 0.0)], [-9.17397, -0.103935, 2.43298, 1.0)]])
-9.17397, -0.103935, 2.43298
float3(-0.00975257, 2.12723, -1.63868)
1035177.25838962
normal
simd_float4x4([[0.027061, -0.999544, 0.0134178, 0.0)], [-0.804743, -0.0297458, -0.592878, 0.0)], [0.593007, 0.00524602, -0.80518, 0.0)], [-9.26956, -0.096101, 2.55111, 1.0)]])
-9.26956, -0.096101, 2.55111
float3(-0.00524604, 2.50679, -1.60055)
1035177.45841246
normal
simd_float4x4([[0.0222583, -0.99939, -0.0269125, 0.0)], [-0.925905, -0.010453, -0.377611, 0.0)], [0.377099, 0.0333234, -0.925573, 0.0)], [-9.28604, -0.0950125, 2.62502, 1.0)]])
-9.28604, -0.0950125, 2.62502
float3(-0.0333296, 2.7547, -1.58126)
1035177.65852496
normal
simd_float4x4([[0.0137404, -0.998956, -0.0435674, 0.0)], [-0.975184, -0.00375906, -0.221365, 0.0)], [0.22097, 0.0455279, -0.974217, 0.0)], [-9.26897, -0.10046, 2.6862, 1.0)]])
-9.26897, -0.10046, 2.6862
float3(-0.0455436, 2.91855, -1.57456)
1035177.8586375
normal
simd_float4x4([[0.00482458, -0.999231, -0.0389053, 0.0)], [-0.995159, -0.000978775, -0.0982697, 0.0)], [0.0981561, 0.039191, -0.994399, 0.0)], [-9.22713, -0.105464, 2.73634, 1.0)]])
-9.22713, -0.105464, 2.73634
float3(-0.0392011, 3.0432, -1.57178)
1035178.05875
normal
simd_float4x4([[0.0257827, -0.998192, -0.0542981, 0.0)], [-0.999511, -0.0267006, 0.0162465, 0.0)], [-0.0176669, 0.0538527, -0.998393, 0.0)], [-9.19413, -0.104277, 2.78498, 1.0)]])
-9.19413, -0.104277, 2.78498
float3(-0.0538788, -3.1239, -1.59754)
1035178.25886246
normal
simd_float4x4([[0.0131486, -0.99552, -0.0936337, 0.0)], [-0.994902, -0.0223887, 0.0983287, 0.0)], [-0.0999845, 0.0918635, -0.990739, 0.0)], [-9.16663, -0.100217, 2.847, 1.0)]])
-9.16663, -0.100217, 2.847
float3(-0.0919932, -3.04101, -1.59328)
1035178.45897496
normal
simd_float4x4([[-0.00465116, -0.99364, -0.112511, 0.0)], [-0.987787, -0.0129575, 0.155269, 0.0)], [-0.155739, 0.111859, -0.981444, 0.0)], [-9.15203, -0.103963, 2.93238, 1.0)]])
-9.15203, -0.103963, 2.93238
float3(-0.112094, -2.98422, -1.58384)
1035178.65908742
normal
simd_float4x4([[-0.0182882, -0.992711, -0.119127, 0.0)], [-0.980567, -0.00546914, 0.19611, 0.0)], [-0.195332, 0.120399, -0.973319, 0.0)], [-9.13947, -0.112897, 3.05716, 1.0)]])
-9.13947, -0.112897, 3.05716
float3(-0.120692, -2.94354, -1.57631)
1035178.85919996
normal
simd_float4x4([[-0.0124621, -0.994666, -0.102397, 0.0)], [-0.967984, -0.0136747, 0.250641, 0.0)], [-0.250704, 0.102242, -0.962649, 0.0)], [-9.12348, -0.102655, 3.19711, 1.0)]])
-9.12348, -0.102655, 3.19711
float3(-0.102421, -2.88682, -1.58454)
1035179.05931254
normal
simd_float4x4([[-0.0304464, -0.991575, -0.125905, 0.0)], [-0.960948, -0.00562444, 0.276672, 0.0)], [-0.275049, 0.129412, -0.95268, 0.0)], [-9.08535, -0.102348, 3.33405, 1.0)]])
-9.08535, -0.102348, 3.33405
float3(-0.129776, -2.86052, -1.57647)
1035179.25942529
normal
simd_float4x4([[-0.0384791, -0.993558, -0.106595, 0.0)], [-0.960822, 0.00748588, 0.277065, 0.0)], [-0.274482, 0.11308, -0.95492, 0.0)], [-9.03835, -0.11369, 3.47404, 1.0)]])
-9.03835, -0.11369, 3.47404
float3(-0.113323, -2.8617, -1.56326)
1035179.47621392
normal
simd_float4x4([[-0.00261171, -0.994882, -0.101014, 0.0)], [-0.97073, -0.0217374, 0.239189, 0.0)], [-0.240161, 0.0986818, -0.965704, 0.0)], [-8.99189, -0.105343, 3.6418, 1.0)]])
-8.99189, -0.105343, 3.6418
float3(-0.0988427, -2.89785, -1.59264)
1035179.67632667
normal
simd_float4x4([[0.0123882, -0.991793, -0.127256, 0.0)], [-0.971512, -0.0420601, 0.233228, 0.0)], [-0.236666, 0.120741, -0.964059, 0.0)], [-8.96502, -0.106347, 3.79949, 1.0)]])
-8.96502, -0.106347, 3.79949
float3(-0.121037, -2.90086, -1.61318)
1035179.87643917
normal
simd_float4x4([[0.0100373, -0.994731, -0.102029, 0.0)], [-0.970513, -0.0342658, 0.238598, 0.0)], [-0.240837, 0.0966257, -0.965744, 0.0)], [-8.94785, -0.118818, 3.96572, 1.0)]])
-8.94785, -0.118818, 3.96572
float3(-0.0967767, -2.8972, -1.60523)
1035180.09322767
normal
simd_float4x4([[-0.0232596, -0.994264, -0.104389, 0.0)], [-0.96222, -0.0060692, 0.272205, 0.0)], [-0.271278, 0.106777, -0.95656, 0.0)], [-8.92282, -0.102165, 4.1546, 1.0)]])
-8.92282, -0.102165, 4.1546
float3(-0.106981, -2.86525, -1.5769)
1035180.2933405
normal
simd_float4x4([[-0.0521077, -0.992656, -0.109172, 0.0)], [-0.961217, 0.0202074, 0.275051, 0.0)], [-0.270825, 0.11927, -0.955211, 0.0)], [-8.88623, -0.102625, 4.31551, 1.0)]])
-8.88623, -0.102625, 4.31551
float3(-0.119555, -2.86532, -1.55044)
1035180.49345321
normal
simd_float4x4([[-0.0434112, -0.995041, -0.0894955, 0.0)], [-0.966876, 0.0192909, 0.254516, 0.0)], [-0.251528, 0.09758, -0.962918, 0.0)], [-8.84521, -0.117304, 4.47962, 1.0)]])
-8.84521, -0.117304, 4.47962
float3(-0.0977355, -2.88609, -1.55141)
1035180.69356592
normal
simd_float4x4([[-0.0199775, -0.995154, -0.0962748, 0.0)], [-0.969849, -0.00410408, 0.243671, 0.0)], [-0.242885, 0.09824, -0.965068, 0.0)], [-8.80736, -0.110669, 4.64609, 1.0)]])
-8.80736, -0.110669, 4.64609
float3(-0.0983987, -2.89504, -1.57492)
1035180.89367867
normal
simd_float4x4([[0.00370806, -0.993891, -0.110307, 0.0)], [-0.972165, -0.0294245, 0.232441, 0.0)], [-0.234267, 0.106375, -0.966335, 0.0)], [-8.78315, -0.12167, 4.81744, 1.0)]])
-8.78315, -0.12167, 4.81744
float3(-0.106577, -2.90375, -1.60039)
1035181.09379121
normal
simd_float4x4([[-0.00508602, -0.995414, -0.0955296, 0.0)], [-0.964365, -0.0203882, 0.263787, 0.0)], [-0.264525, 0.093467, -0.959839, 0.0)], [-8.75958, -0.130203, 4.9962, 1.0)]])
-8.75958, -0.130203, 4.9962
float3(-0.0936037, -2.87268, -1.59128)
1035181.29390392
normal
simd_float4x4([[-0.0344683, -0.993403, -0.109372, 0.0)], [-0.95902, 0.00208117, 0.28333, 0.0)], [-0.281233, 0.114656, -0.952765, 0.0)], [-8.72402, -0.110043, 5.16409, 1.0)]])
-8.72402, -0.110043, 5.16409
float3(-0.114908, -2.85457, -1.5687)
1035181.49401667
normal
simd_float4x4([[-0.059277, -0.993012, -0.102043, 0.0)], [-0.959309, 0.0283969, 0.280925, 0.0)], [-0.276064, 0.114543, -0.954289, 0.0)], [-8.68264, -0.126928, 5.33611, 1.0)]])
-8.68264, -0.126928, 5.33611
float3(-0.114795, -2.85999, -1.54221)
1035181.69412942
normal
simd_float4x4([[-0.0326586, -0.994413, -0.100383, 0.0)], [-0.96952, 0.00711824, 0.244908, 0.0)], [-0.242825, 0.105322, -0.964335, 0.0)], [-8.64099, -0.128984, 5.52534, 1.0)]])
-8.64099, -0.128984, 5.52534
float3(-0.105518, -2.89492, -1.56364)
1035181.89424212
normal
simd_float4x4([[-0.000590272, -0.991185, -0.132488, 0.0)], [-0.973857, -0.0295261, 0.225234, 0.0)], [-0.22716, 0.129157, -0.965255, 0.0)], [-8.60915, -0.122033, 5.71883, 1.0)]])
-8.60915, -0.122033, 5.71883
float3(-0.129519, -2.91046, -1.60058)
1035182.09435492
normal
simd_float4x4([[0.0289295, -0.99255, -0.118352, 0.0)], [-0.967, -0.0577731, 0.24814, 0.0)], [-0.253129, 0.107268, -0.961467, 0.0)], [-8.57753, -0.148396, 5.91833, 1.0)]])
-8.57753, -0.148396, 5.91833
float3(-0.107475, -2.88416, -1.62894)
1035182.31114388
normal
simd_float4x4([[-0.0158018, -0.98785, -0.154605, 0.0)], [-0.959307, -0.028619, 0.280911, 0.0)], [-0.281922, 0.152752, -0.947199, 0.0)], [-8.53702, -0.139009, 6.15148, 1.0)]])
-8.53702, -0.139009, 6.15148
float3(-0.153353, -2.8523, -1.59976)
1035182.51125658
normal
simd_float4x4([[-0.0269861, -0.991601, -0.126487, 0.0)], [-0.952309, -0.0129707, 0.304861, 0.0)], [-0.303941, 0.128681, -0.94396, 0.0)], [-8.4992, -0.128989, 6.3318, 1.0)]])
-8.4992, -0.128989, 6.3318
float3(-0.129039, -2.83009, -1.58388)
1035182.71136929
normal
simd_float4x4([[-0.0223711, -0.992833, -0.1174, 0.0)], [-0.960778, -0.0111171, 0.277097, 0.0)], [-0.276416, 0.118994, -0.953643, 0.0)], [-8.46154, -0.151827, 6.52997, 1.0)]])
-8.46154, -0.151827, 6.52997
float3(-0.119277, -2.85947, -1.58199)
1035182.92815837
normal
simd_float4x4([[0.0176755, -0.994561, -0.102646, 0.0)], [-0.971888, -0.0411973, 0.231812, 0.0)], [-0.234779, 0.0956632, -0.96733, 0.0)], [-8.43775, -0.140432, 6.74217, 1.0)]])
-8.43775, -0.140432, 6.74217
float3(-0.0958097, -2.90349, -1.6122)
1035183.12827108
normal
simd_float4x4([[0.0338567, -0.993824, -0.105678, 0.0)], [-0.975424, -0.0558927, 0.213127, 0.0)], [-0.217717, 0.0958652, -0.971292, 0.0)], [-8.41612, -0.14698, 6.94338, 1.0)]])
-8.41612, -0.14698, 6.94338
float3(-0.0960126, -2.92109, -1.62698)
1035183.32838396
normal
simd_float4x4([[0.00964587, -0.9985, -0.0539048, 0.0)], [-0.963016, -0.0237925, 0.268393, 0.0)], [-0.269272, 0.0493223, -0.9618, 0.0)], [-8.38453, -0.143246, 7.14237, 1.0)]])
-8.38453, -0.143246, 7.14237
float3(-0.0493423, -2.86861, -1.59462)
1035183.54517292
normal
simd_float4x4([[-0.0277508, -0.996418, -0.0798814, 0.0)], [-0.954671, 0.00272585, 0.297651, 0.0)], [-0.296367, 0.0845205, -0.951327, 0.0)], [-8.33924, -0.12403, 7.36528, 1.0)]])
-8.33924, -0.12403, 7.36528
float3(-0.0846214, -2.83959, -1.56806)
1035183.74528583
normal
simd_float4x4([[-0.0409519, -0.997016, -0.0654317, 0.0)], [-0.954215, 0.0196054, 0.29848, 0.0)], [-0.296306, 0.0746592, -0.95217, 0.0)], [-8.29725, -0.143835, 7.56734, 1.0)]])
-8.29725, -0.143835, 7.56734
float3(-0.0747287, -2.8399, -1.55113)
1035183.94539871
normal
simd_float4x4([[-0.0143663, -0.998959, -0.043284, 0.0)], [-0.962429, 0.00207601, 0.271525, 0.0)], [-0.271152, 0.0455586, -0.961457, 0.0)], [-8.25628, -0.14637, 7.76537, 1.0)]])
-8.25628, -0.14637, 7.76537
float3(-0.0455744, -2.86671, -1.56872)
1035184.14551179
normal
simd_float4x4([[-0.00882334, -0.995761, -0.0915579, 0.0)], [-0.966351, -0.015048, 0.256785, 0.0)], [-0.257074, 0.0907428, -0.962122, 0.0)], [-8.22226, -0.14081, 7.96363, 1.0)]])
-8.22226, -0.14081, 7.96363
float3(-0.0908678, -2.8805, -1.58591)
1035184.34562454
normal
simd_float4x4([[-0.00696998, -0.996633, -0.0816922, 0.0)], [-0.965936, -0.0144236, 0.25838, 0.0)], [-0.258688, 0.0807103, -0.962583, 0.0)], [-8.19191, -0.16494, 8.16265, 1.0)]])
-8.19191, -0.16494, 8.16265
float3(-0.0807982, -2.87905, -1.58527)
1035184.54573762
normal
simd_float4x4([[-0.0281605, -0.996201, -0.0824092, 0.0)], [-0.95969, 0.00388043, 0.281033, 0.0)], [-0.279645, 0.0870013, -0.956153, 0.0)], [-8.1608, -0.156455, 8.36817, 1.0)]])
-8.1608, -0.156455, 8.36817
float3(-0.0871115, -2.85706, -1.5669)
1035184.76252658
normal
simd_float4x4([[-0.0770211, -0.99133, -0.106459, 0.0)], [-0.956746, 0.0434421, 0.287661, 0.0)], [-0.280542, 0.12401, -0.951797, 0.0)], [-8.10159, -0.15952, 8.57591, 1.0)]])
-8.10159, -0.15952, 8.57591
float3(-0.124331, -2.85496, -1.527)
1035184.9793155
normal
simd_float4x4([[-0.0481891, -0.993079, -0.107102, 0.0)], [-0.962515, 0.0175155, 0.270662, 0.0)], [-0.266913, 0.11613, -0.956698, 0.0)], [-8.03647, -0.17987, 8.79526, 1.0)]])
-8.03647, -0.17987, 8.79526
float3(-0.116393, -2.86952, -1.55316)
1035185.17942863
normal
simd_float4x4([[-0.0020988, -0.995644, -0.0932149, 0.0)], [-0.966276, -0.0219838, 0.256569, 0.0)], [-0.257501, 0.0906098, -0.96202, 0.0)], [-7.97983, -0.16323, 8.98829, 1.0)]])
-7.97983, -0.16323, 8.98829
float3(-0.0907343, -2.88006, -1.59287)
1035185.3795415
normal
simd_float4x4([[0.0192777, -0.994569, -0.102275, 0.0)], [-0.964346, -0.0455009, 0.260703, 0.0)], [-0.263941, 0.0936029, -0.959986, 0.0)], [-7.92991, -0.165544, 9.18599, 1.0)]])
-7.92991, -0.165544, 9.18599
float3(-0.0937401, -2.87328, -1.61651)
1035185.5963305
normal
simd_float4x4([[0.0101984, -0.996997, -0.076766, 0.0)], [-0.959664, -0.0313294, 0.279398, 0.0)], [-0.280964, 0.0708202, -0.957102, 0.0)], [-7.87708, -0.177205, 9.41523, 1.0)]])
-7.87708, -0.177205, 9.41523
float3(-0.0708795, -2.85606, -1.60221)
1035185.79644363
normal
simd_float4x4([[-0.00467842, -0.994159, -0.107825, 0.0)], [-0.960123, -0.0256761, 0.278396, 0.0)], [-0.279539, 0.104828, -0.954395, 0.0)], [-7.83073, -0.162077, 9.62646, 1.0)]])
-7.83073, -0.162077, 9.62646
float3(-0.10502, -2.85667, -1.59662)
1035186.01323258
normal
simd_float4x4([[-0.0339113, -0.995166, -0.0921676, 0.0)], [-0.964875, 0.00856131, 0.262568, 0.0)], [-0.26051, 0.0978342, -0.960501, 0.0)], [-7.7707, -0.176699, 9.84374, 1.0)]])
-7.7707, -0.176699, 9.84374
float3(-0.097991, -2.87674, -1.56219)
1035186.21334554
normal
simd_float4x4([[-0.0229543, -0.994639, -0.100825, 0.0)], [-0.973729, -0.000611076, 0.227711, 0.0)], [-0.226552, 0.103404, -0.968495, 0.0)], [-7.70576, -0.18269, 10.0627, 1.0)]])
-7.70576, -0.18269, 10.0627
float3(-0.103589, -2.9118, -1.57141)
1035186.41345867
normal
simd_float4x4([[-0.00137089, -0.992573, -0.121639, 0.0)], [-0.979678, -0.0230642, 0.199245, 0.0)], [-0.200571, 0.11944, -0.972371, 0.0)], [-7.65897, -0.179317, 10.2825, 1.0)]])
-7.65897, -0.179317, 10.2825
float3(-0.119726, -2.93818, -1.59403)
1035186.61357179
normal
simd_float4x4([[0.0182214, -0.995659, -0.0912703, 0.0)], [-0.974073, -0.0382658, 0.222973, 0.0)], [-0.225498, 0.0848411, -0.970542, 0.0)], [-7.61588, -0.204801, 10.505, 1.0)]])
-7.61588, -0.204801, 10.505
float3(-0.0849432, -2.9133, -1.60921)
1035186.83036087
normal
simd_float4x4([[-0.0233444, -0.994692, -0.100211, 0.0)], [-0.967317, -0.00284247, 0.253554, 0.0)], [-0.252493, 0.102855, -0.962116, 0.0)], [-7.56298, -0.194566, 10.7551, 1.0)]])
-7.56298, -0.194566, 10.7551
float3(-0.103037, -2.88495, -1.57365)
1035187.03047392
normal
simd_float4x4([[-0.0509963, -0.993487, -0.101898, 0.0)], [-0.962275, 0.0215758, 0.271223, 0.0)], [-0.267258, 0.111885, -0.957107, 0.0)], [-7.49402, -0.199113, 10.9646, 1.0)]])
-7.49402, -0.199113, 10.9646
float3(-0.11212, -2.86929, -1.54908)
1035187.230587
normal
simd_float4x4([[-0.0219306, -0.996346, -0.0825429, 0.0)], [-0.969599, 0.00106987, 0.244696, 0.0)], [-0.243713, 0.0853999, -0.96608, 0.0)], [-7.42812, -0.217288, 11.1787, 1.0)]])
-7.42812, -0.217288, 11.1787
float3(-0.085504, -2.89448, -1.56972)
1035187.43070013
normal
simd_float4x4([[-0.018981, -0.992154, -0.123571, 0.0)], [-0.976871, -0.0079251, 0.213681, 0.0)], [-0.212984, 0.124769, -0.969056, 0.0)], [-7.37493, -0.208224, 11.395, 1.0)]])
-7.37493, -0.208224, 11.395
float3(-0.125095, -2.92525, -1.57878)
1035187.63081321
normal
simd_float4x4([[0.000274008, -0.991883, -0.127151, 0.0)], [-0.980202, -0.025442, 0.196356, 0.0)], [-0.197998, 0.12458, -0.972253, 0.0)], [-7.33264, -0.231414, 11.6215, 1.0)]])
-7.33264, -0.231414, 11.6215
float3(-0.124904, -2.94069, -1.59644)
1035187.83092625
normal
simd_float4x4([[-0.0226785, -0.991061, -0.131471, 0.0)], [-0.975803, -0.00666257, 0.218548, 0.0)], [-0.217471, 0.133246, -0.966929, 0.0)], [-7.28718, -0.235663, 11.865, 1.0)]])
-7.28718, -0.235663, 11.865
float3(-0.133644, -2.92037, -1.57752)
1035188.03103929
normal
simd_float4x4([[-0.0521322, -0.990553, -0.126831, 0.0)], [-0.969765, 0.0198953, 0.243226, 0.0)], [-0.238405, 0.135676, -0.961642, 0.0)], [-7.22776, -0.224946, 12.089, 1.0)]])
-7.22776, -0.224946, 12.089
float3(-0.136096, -2.89858, -1.55071)
1035188.23115233
normal
simd_float4x4([[-0.0488366, -0.992014, -0.116292, 0.0)], [-0.970256, 0.0194786, 0.241297, 0.0)], [-0.237105, 0.124617, -0.963458, 0.0)], [-7.16816, -0.248856, 12.3192, 1.0)]])
-7.16816, -0.248856, 12.3192
float3(-0.124942, -2.90029, -1.55116)
1035188.43126558
normal
simd_float4x4([[-0.0299524, -0.991718, -0.124896, 0.0)], [-0.978784, 0.00376181, 0.20486, 0.0)], [-0.202694, 0.128382, -0.97079, 0.0)], [-7.11855, -0.2412, 12.5563, 1.0)]])
-7.11855, -0.2412, 12.5563
float3(-0.128738, -2.93576, -1.567)
1035188.6313785
normal
simd_float4x4([[-0.00632749, -0.988318, -0.152272, 0.0)], [-0.982151, -0.0224841, 0.186745, 0.0)], [-0.187987, 0.150736, -0.970536, 0.0)], [-7.08084, -0.24879, 12.7949, 1.0)]])
-7.08084, -0.24879, 12.7949
float3(-0.151312, -2.95027, -1.59354)
1035188.83149175
normal
simd_float4x4([[-0.0267022, -0.98807, -0.151671, 0.0)], [-0.978006, -0.00557519, 0.208501, 0.0)], [-0.206859, 0.153903, -0.96619, 0.0)], [-7.03562, -0.263967, 13.0452, 1.0)]])
-7.03562, -0.263967, 13.0452
float3(-0.154517, -2.93068, -1.57644)
1035189.03160508
normal
simd_float4x4([[-0.0428088, -0.986522, -0.157927, 0.0)], [-0.974487, 0.00637087, 0.224354, 0.0)], [-0.220324, 0.163502, -0.961626, 0.0)], [-6.98566, -0.240428, 13.2823, 1.0)]])
-6.98566, -0.240428, 13.2823
float3(-0.16424, -2.91636, -1.56434)
1035189.23171817
normal
simd_float4x4([[-0.0525126, -0.988161, -0.144154, 0.0)], [-0.972564, 0.0178467, 0.231949, 0.0)], [-0.22663, 0.152379, -0.961987, 0.0)], [-6.92237, -0.253195, 13.5088, 1.0)]])
-6.92237, -0.253195, 13.5088
float3(-0.152975, -2.91023, -1.55274)
1035189.43183133
normal
simd_float4x4([[-0.0131471, -0.992553, -0.121101, 0.0)], [-0.980379, -0.0110272, 0.196812, 0.0)], [-0.196682, 0.121312, -0.972933, 0.0)], [-6.86735, -0.253948, 13.7318, 1.0)]])
-6.86735, -0.253948, 13.7318
float3(-0.121612, -2.94213, -1.58191)
1035189.63194442
normal
simd_float4x4([[-0.00183084, -0.98749, -0.157671, 0.0)], [-0.97993, -0.0296576, 0.197124, 0.0)], [-0.199334, 0.154867, -0.967617, 0.0)], [-6.82474, -0.247977, 13.9607, 1.0)]])
-6.82474, -0.247977, 13.9607
float3(-0.155493, -2.93843, -1.60082)
1035189.84873371
normal
simd_float4x4([[0.00424431, -0.992154, -0.124949, 0.0)], [-0.973622, -0.032605, 0.225827, 0.0)], [-0.228129, 0.120694, -0.966121, 0.0)], [-6.79109, -0.268416, 14.1956, 1.0)]])
-6.79109, -0.268416, 14.1956
float3(-0.120989, -2.90971, -1.60365)
1035190.06552296
normal
simd_float4x4([[-0.0384779, -0.988504, -0.146218, 0.0)], [-0.969465, 0.00146357, 0.245224, 0.0)], [-0.242191, 0.151189, -0.958376, 0.0)], [-6.75856, -0.251827, 14.4414, 1.0)]])
-6.75856, -0.251827, 14.4414
float3(-0.151771, -2.89407, -1.56932)
1035190.26563617
normal
simd_float4x4([[-0.0545755, -0.990553, -0.125802, 0.0)], [-0.974946, 0.0256537, 0.220957, 0.0)], [-0.215642, 0.134709, -0.967136, 0.0)], [-6.72659, -0.253627, 14.644, 1.0)]])
-6.72659, -0.253627, 14.644
float3(-0.13512, -2.92221, -1.5449)
1035190.46574942
normal
simd_float4x4([[-0.0388096, -0.992636, -0.114753, 0.0)], [-0.98478, 0.0185246, 0.172813, 0.0)], [-0.169415, 0.119713, -0.978247, 0.0)], [-6.68474, -0.272618, 14.8633, 1.0)]])
-6.68474, -0.272618, 14.8633
float3(-0.120001, -2.97011, -1.55214)
1035190.66586254
normal
simd_float4x4([[-0.019684, -0.991137, -0.131379, 0.0)], [-0.988837, -0.000112587, 0.149003, 0.0)], [-0.147697, 0.132845, -0.98007, 0.0)], [-6.64781, -0.262636, 15.0724, 1.0)]])
-6.64781, -0.262636, 15.0724
float3(-0.133239, -2.99202, -1.57091)
1035190.882652
normal
simd_float4x4([[0.00758468, -0.99287, -0.118959, 0.0)], [-0.989486, -0.0246342, 0.142516, 0.0)], [-0.144431, 0.116628, -0.982618, 0.0)], [-6.61898, -0.275245, 15.2858, 1.0)]])
-6.61898, -0.275245, 15.2858
float3(-0.116894, -2.99565, -1.5956)
1035191.08276512
normal
simd_float4x4([[-0.00190996, -0.996524, -0.0832844, 0.0)], [-0.986336, -0.0118424, 0.164318, 0.0)], [-0.164733, 0.0824603, -0.982885, 0.0)], [-6.58742, -0.269079, 15.4878, 1.0)]])
-6.58742, -0.269079, 15.4878
float3(-0.082554, -2.97553, -1.58268)
1035191.28287846
normal
simd_float4x4([[-0.0275188, -0.995318, -0.0926592, 0.0)], [-0.980641, 0.0089024, 0.195613, 0.0)], [-0.193872, 0.0962484, -0.976294, 0.0)], [-6.53264, -0.259183, 15.6938, 1.0)]])
-6.53264, -0.259183, 15.6938
float3(-0.0963976, -2.94556, -1.56185)
1035191.49966788
normal
simd_float4x4([[-0.0201302, -0.997281, -0.0708921, 0.0)], [-0.981047, 0.00603493, 0.193677, 0.0)], [-0.192723, 0.0734473, -0.978501, 0.0)], [-6.4706, -0.280607, 15.923, 1.0)]])
-6.4706, -0.280607, 15.923
float3(-0.0735135, -2.94712, -1.56475)
1035191.71645692
normal
simd_float4x4([[0.0102814, -0.997387, -0.0715054, 0.0)], [-0.985912, -0.0220502, 0.165806, 0.0)], [-0.166949, 0.0687933, -0.983562, 0.0)], [-6.41699, -0.267161, 16.1577, 1.0)]])
-6.41699, -0.267161, 16.1577
float3(-0.0688477, -2.97346, -1.5929)
1035191.93324646
normal
simd_float4x4([[0.0339224, -0.997656, -0.0594319, 0.0)], [-0.985273, -0.0433546, 0.165402, 0.0)], [-0.167591, 0.0529458, -0.984434, 0.0)], [-6.37202, -0.279095, 16.3903, 1.0)]])
-6.37202, -0.279095, 16.3903
float3(-0.0529706, -2.97297, -1.61423)
1035192.15003567
normal
simd_float4x4([[0.00771431, -0.99936, -0.0349299, 0.0)], [-0.979036, -0.0146583, 0.203159, 0.0)], [-0.203541, 0.0326304, -0.978522, 0.0)], [-6.32518, -0.273761, 16.6213, 1.0)]])
-6.32518, -0.273761, 16.6213
float3(-0.0326362, -2.93651, -1.58546)
1035192.35014908
normal
simd_float4x4([[-0.0234956, -0.998668, -0.0459315, 0.0)], [-0.976721, 0.0131318, 0.21411, 0.0)], [-0.213222, 0.0498929, -0.975729, 0.0)], [-6.2662, -0.267375, 16.8291, 1.0)]])
-6.2662, -0.267375, 16.8291
float3(-0.0499136, -2.92645, -1.55765)
1035192.55026242
normal
simd_float4x4([[-0.0147884, -0.999155, -0.0383531, 0.0)], [-0.977051, 0.00628851, 0.212912, 0.0)], [-0.212491, 0.0406215, -0.976318, 0.0)], [-6.19768, -0.293011, 17.0506, 1.0)]])
-6.19768, -0.293011, 17.0506
float3(-0.0406327, -2.92729, -1.5645)
1035192.75033096
normal
simd_float4x4([[-0.00323386, -0.99817, -0.0603912, 0.0)], [-0.982622, -0.00803624, 0.185444, 0.0)], [-0.18559, 0.0599414, -0.980797, 0.0)], [-6.12782, -0.284521, 17.2776, 1.0)]])
-6.12782, -0.284521, 17.2776
float3(-0.0599774, -2.95458, -1.57885)
1035192.96697483
normal
simd_float4x4([[0.00997903, -0.996782, -0.0795398, 0.0)], [-0.981459, -0.0249899, 0.190037, 0.0)], [-0.191413, 0.0761686, -0.97855, 0.0)], [-6.06607, -0.298372, 17.5166, 1.0)]])
-6.06607, -0.298372, 17.5166
float3(-0.0762425, -2.94842, -1.59586)
1035193.18361883
normal
simd_float4x4([[-0.0156165, -0.996824, -0.0780908, 0.0)], [-0.968383, -0.00436929, 0.24943, 0.0)], [-0.248979, 0.0795171, -0.965239, 0.0)], [-5.99288, -0.309532, 17.768, 1.0)]])
-5.99288, -0.309532, 17.768
float3(-0.0796011, -2.88915, -1.57518)
1035193.40026262
normal
simd_float4x4([[-0.0428827, -0.996003, -0.0783486, 0.0)], [-0.958253, 0.0188146, 0.285302, 0.0)], [-0.282688, 0.0873123, -0.95523, 0.0)], [-5.90699, -0.294485, 17.9977, 1.0)]])
-5.90699, -0.294485, 17.9977
float3(-0.0874236, -2.85387, -1.55191)
1035193.61690638
normal
simd_float4x4([[-0.0277097, -0.997614, -0.0632332, 0.0)], [-0.964574, 0.0100825, 0.263621, 0.0)], [-0.262354, 0.068298, -0.962551, 0.0)], [-5.8191, -0.318625, 18.2183, 1.0)]])
-5.8191, -0.318625, 18.2183
float3(-0.0683512, -2.8755, -1.56069)
1035193.8502155
normal
simd_float4x4([[-0.00434772, -0.997839, -0.0655608, 0.0)], [-0.975845, -0.0100866, 0.218233, 0.0)], [-0.218422, 0.064926, -0.973692, 0.0)], [-5.74003, -0.300511, 18.4424, 1.0)]])
-5.74003, -0.300511, 18.4424
float3(-0.0649717, -2.92092, -1.5809)
1035194.0668595
normal
simd_float4x4([[0.0281269, -0.997897, -0.0583933, 0.0)], [-0.975086, -0.0402489, 0.218143, 0.0)], [-0.220034, 0.0508028, -0.974168, 0.0)], [-5.67879, -0.314379, 18.6453, 1.0)]])
-5.67879, -0.314379, 18.6453
float3(-0.0508247, -2.91945, -1.61111)
1035194.30016821
normal
simd_float4x4([[0.00773719, -0.998108, -0.061002, 0.0)], [-0.959396, -0.0246102, 0.280985, 0.0)], [-0.281955, 0.056351, -0.957771, 0.0)], [-5.60168, -0.315384, 18.8801, 1.0)]])
-5.60168, -0.315384, 18.8801
float3(-0.0563809, -2.85529, -1.59545)
1035194.51681217
normal
simd_float4x4([[-0.0291019, -0.998366, -0.0491725, 0.0)], [-0.945035, 0.011453, 0.326767, 0.0)], [-0.32567, 0.0559793, -0.943825, 0.0)], [-5.50166, -0.30345, 19.0594, 1.0)]])
-5.50166, -0.30345, 19.0594
float3(-0.0560086, -2.80933, -1.55933)
1035194.73345613
normal
simd_float4x4([[-0.0267391, -0.999414, -0.0213549, 0.0)], [-0.90941, 0.0154504, 0.415614, 0.0)], [-0.415041, 0.0305335, -0.90929, 0.0)], [-5.3699, -0.325115, 19.2303, 1.0)]])
-5.3699, -0.325115, 19.2303
float3(-0.0305382, -2.71339, -1.55534)
1035194.96676504
normal
simd_float4x4([[-0.0209728, -0.99918, -0.0346294, 0.0)], [-0.837666, -0.00134681, 0.546181, 0.0)], [-0.54578, 0.0404629, -0.836951, 0.0)], [-5.19621, -0.311798, 19.379, 1.0)]])
-5.19621, -0.311798, 19.379
float3(-0.0404739, -2.56374, -1.57214)
1035195.18340904
normal
simd_float4x4([[-0.0212372, -0.999052, -0.0379941, 0.0)], [-0.691073, -0.0127929, 0.722671, 0.0)], [-0.722472, 0.0416042, -0.690147, 0.0)], [-5.01954, -0.304659, 19.4707, 1.0)]])
-5.01954, -0.304659, 19.4707
float3(-0.0416162, -2.33332, -1.5836)
1035195.40005308
normal
simd_float4x4([[-0.0157388, -0.999836, -0.00898946, 0.0)], [-0.514226, 0.0003835, 0.857655, 0.0)], [-0.85751, 0.0181211, -0.514147, 0.0)], [-4.82481, -0.307118, 19.5769, 1.0)]])
-4.82481, -0.307118, 19.5769
float3(-0.018122, -2.11091, -1.57041)
1035195.616697
normal
simd_float4x4([[-0.0395715, -0.999205, -0.00476751, 0.0)], [-0.319405, 0.00812819, 0.947583, 0.0)], [-0.946792, 0.0390201, -0.319473, 0.0)], [-4.63116, -0.288005, 19.644, 1.0)]])
-4.63116, -0.288005, 19.644
float3(-0.03903, -1.89623, -1.56266)
1035195.850006
normal
simd_float4x4([[-0.0674783, -0.997418, 0.0245745, 0.0)], [-0.175336, 0.0361021, 0.983846, 0.0)], [-0.982193, 0.0620795, -0.177319, 0.0)], [-4.43513, -0.293502, 19.6638, 1.0)]])
-4.43513, -0.293502, 19.6638
float3(-0.0621194, -1.74941, -1.53462)
1035196.06664996
normal
simd_float4x4([[-0.0514697, -0.99847, 0.020197, 0.0)], [-0.0944876, 0.0250018, 0.995212, 0.0)], [-0.994195, 0.0493149, -0.0956299, 0.0)], [-4.26783, -0.290107, 19.6601, 1.0)]])
-4.26783, -0.290107, 19.6601
float3(-0.0493349, -1.66669, -1.54576)
1035196.28329396
normal
simd_float4x4([[-0.0785457, -0.99691, -0.0012621, 0.0)], [-0.0347195, 0.00147028, 0.999396, 0.0)], [-0.996306, 0.0785421, -0.0347277, 0.0)], [-4.10069, -0.289239, 19.6634, 1.0)]])
-4.10069, -0.289239, 19.6634
float3(-0.0786231, -1.60564, -1.56932)
1035196.49993813
normal
simd_float4x4([[-0.0579346, -0.998309, 0.00466734, 0.0)], [0.0197124, 0.00353034, 0.999799, 0.0)], [-0.998126, 0.058015, 0.0194746, 0.0)], [-3.90503, -0.305564, 19.6692, 1.0)]])
-3.90503, -0.305564, 19.6692
float3(-0.0580475, -1.55129, -1.56726)
1035196.70005154
normal
simd_float4x4([[-0.0415382, -0.998885, 0.0224183, 0.0)], [0.114101, 0.0175484, 0.993314, 0.0)], [-0.9926, 0.0438184, 0.113245, 0.0)], [-3.71467, -0.296267, 19.6746, 1.0)]])
-3.71467, -0.296267, 19.6746
float3(-0.0438325, -1.4572, -1.55323)
1035196.91684096
normal
simd_float4x4([[-0.0790238, -0.995378, 0.0545679, 0.0)], [0.180519, 0.0395455, 0.982776, 0.0)], [-0.980392, 0.0875133, 0.17656, 0.0)], [-3.51171, -0.291841, 19.6459, 1.0)]])
-3.51171, -0.291841, 19.6459
float3(-0.0876254, -1.39261, -1.53109)
1035197.11695446
normal
simd_float4x4([[-0.0698104, -0.995777, 0.0596183, 0.0)], [0.222815, 0.0426893, 0.973926, 0.0)], [-0.972358, 0.081274, 0.218894, 0.0)], [-3.32831, -0.310893, 19.6079, 1.0)]])
-3.32831, -0.310893, 19.6079
float3(-0.0813638, -1.34937, -1.52795)
1035197.31706783
normal
simd_float4x4([[-0.0572129, -0.997805, 0.0333576, 0.0)], [0.217909, 0.020126, 0.975761, 0.0)], [-0.974291, 0.0630951, 0.21628, 0.0)], [-3.13366, -0.302565, 19.5692, 1.0)]])
-3.13366, -0.302565, 19.5692
float3(-0.063137, -1.35235, -1.55063)
1035197.51718137
normal
simd_float4x4([[-0.109567, -0.993908, 0.011885, 0.0)], [0.205717, -0.0109767, 0.97855, 0.0)], [-0.972458, 0.109662, 0.205667, 0.0)], [-2.94135, -0.301655, 19.5455, 1.0)]])
-2.94135, -0.301655, 19.5455
float3(-0.109883, -1.36238, -1.58184)
1035197.717295
normal
simd_float4x4([[-0.102444, -0.994622, 0.0152383, 0.0)], [0.222317, -0.00796148, 0.974942, 0.0)], [-0.969577, 0.103265, 0.221937, 0.0)], [-2.71415, -0.321686, 19.5223, 1.0)]])
-2.71415, -0.321686, 19.5223
float3(-0.103449, -1.34577, -1.5788)
1035197.91740837
normal
simd_float4x4([[-0.138457, -0.989426, 0.0431884, 0.0)], [0.258788, 0.00594829, 0.965916, 0.0)], [-0.955959, 0.144914, 0.255228, 0.0)], [-2.49269, -0.30325, 19.4889, 1.0)]])
-2.49269, -0.30325, 19.4889
float3(-0.145426, -1.3099, -1.56478)
1035198.11752175
normal
simd_float4x4([[-0.145003, -0.986191, 0.080005, 0.0)], [0.285601, 0.0356993, 0.957683, 0.0)], [-0.947315, 0.161717, 0.276481, 0.0)], [-2.29672, -0.309848, 19.4385, 1.0)]])
-2.29672, -0.309848, 19.4385
float3(-0.16243, -1.28683, -1.53461)
1035198.31763521
normal
simd_float4x4([[-0.0978496, -0.994269, 0.0430562, 0.0)], [0.254279, 0.0168501, 0.966984, 0.0)], [-0.962168, 0.105567, 0.251173, 0.0)], [-2.10143, -0.316121, 19.3934, 1.0)]])
-2.10143, -0.316121, 19.3934
float3(-0.105764, -1.31545, -1.55385)
1035198.51774875
normal
simd_float4x4([[-0.107906, -0.993843, 0.025125, 0.0)], [0.233198, -0.000735813, 0.972429, 0.0)], [-0.966424, 0.11079, 0.231842, 0.0)], [-1.90184, -0.301114, 19.3565, 1.0)]])
-1.90184, -0.301114, 19.3565
float3(-0.111018, -1.33535, -1.57154)
1035198.73453825
normal
simd_float4x4([[-0.106216, -0.994286, 0.0106344, 0.0)], [0.227531, -0.0138924, 0.973672, 0.0)], [-0.967961, 0.105839, 0.227706, 0.0)], [-1.67861, -0.315265, 19.3229, 1.0)]])
-1.67861, -0.315265, 19.3229
float3(-0.106038, -1.33975, -1.58477)
1035198.93465188
normal
simd_float4x4([[-0.0671611, -0.997704, 0.00876998, 0.0)], [0.290099, -0.0111166, 0.956932, 0.0)], [-0.954637, 0.0668127, 0.290179, 0.0)], [-1.47548, -0.307657, 19.2937, 1.0)]])
-1.47548, -0.307657, 19.2937
float3(-0.0668625, -1.2757, -1.58194)
1035199.13476521
normal
simd_float4x4([[-0.101096, -0.993778, 0.0467392, 0.0)], [0.342966, 0.00928752, 0.939302, 0.0)], [-0.933892, 0.110989, 0.339893, 0.0)], [-1.27745, -0.304189, 19.238, 1.0)]])
-1.27745, -0.304189, 19.238
float3(-0.111219, -1.22174, -1.56145)
1035199.33487871
normal
simd_float4x4([[-0.0929861, -0.992383, 0.0808086, 0.0)], [0.364749, 0.0415663, 0.930177, 0.0)], [-0.926451, 0.115969, 0.358106, 0.0)], [-1.07844, -0.326545, 19.1753, 1.0)]])
-1.07844, -0.326545, 19.1753
float3(-0.11623, -1.20195, -1.52894)
1035199.53499213
normal
simd_float4x4([[-0.0948115, -0.993998, 0.0545694, 0.0)], [0.35667, 0.0172588, 0.934071, 0.0)], [-0.929407, 0.108024, 0.352894, 0.0)], [-0.889753, -0.324539, 19.1188, 1.0)]])
-0.889753, -0.324539, 19.1188
float3(-0.108235, -1.20791, -1.55344)
1035199.73510554
normal
simd_float4x4([[-0.135704, -0.990447, 0.0244975, 0.0)], [0.383831, -0.0297623, 0.922924, 0.0)], [-0.913378, 0.134647, 0.384203, 0.0)], [-0.710956, -0.317736, 19.0701, 1.0)]])
-0.710956, -0.317736, 19.0701
float3(-0.135057, -1.17262, -1.60084)
1035199.93521908
normal
simd_float4x4([[-0.117798, -0.992947, 0.0134095, 0.0)], [0.437651, -0.03979, 0.898264, 0.0)], [-0.891395, 0.111683, 0.439252, 0.0)], [-0.535462, -0.332383, 19.0112, 1.0)]])
-0.535462, -0.332383, 19.0112
float3(-0.111916, -1.11295, -1.61085)
1035200.13533267
normal
simd_float4x4([[-0.124015, -0.991801, 0.0308459, 0.0)], [0.530329, -0.0399746, 0.846849, 0.0)], [-0.838673, 0.12138, 0.530938, 0.0)], [-0.359473, -0.314661, 18.9467, 1.0)]])
-0.359473, -0.314661, 18.9467
float3(-0.12168, -1.00642, -1.61108)
1035200.33544604
normal
simd_float4x4([[-0.120375, -0.988061, 0.0961521, 0.0)], [0.583462, 0.00794617, 0.812102, 0.0)], [-0.80317, 0.153857, 0.575539, 0.0)], [-0.218065, -0.310855, 18.8624, 1.0)]])
-0.218065, -0.310855, 18.8624
float3(-0.154471, -0.949026, -1.56275)
1035200.55223575
normal
simd_float4x4([[-0.116618, -0.988998, 0.0910166, 0.0)], [0.609965, 0.00100199, 0.792427, 0.0)], [-0.7838, 0.147928, 0.603137, 0.0)], [-0.0666662, -0.327914, 18.7518, 1.0)]])
-0.0666662, -0.327914, 18.7518
float3(-0.148473, -0.914929, -1.56978)
1035200.75234942
normal
simd_float4x4([[-0.115831, -0.989496, 0.0864942, 0.0)], [0.618488, -0.00371292, 0.785785, 0.0)], [-0.77721, 0.144514, 0.612422, 0.0)], [0.0619394, -0.319989, 18.6379, 1.0)]])
0.0619394, -0.319989, 18.6379
float3(-0.145021, -0.903431, -1.57455)
1035200.95246288
normal
simd_float4x4([[-0.132554, -0.986772, 0.093333, 0.0)], [0.646005, -0.0145923, 0.763193, 0.0)], [-0.751736, 0.161458, 0.639394, 0.0)], [0.187223, -0.318872, 18.5312, 1.0)]])
0.187223, -0.318872, 18.5312
float3(-0.162167, -0.865979, -1.58558)
1035201.1525765
normal
simd_float4x4([[-0.13773, -0.987724, 0.0737028, 0.0)], [0.656495, -0.0353175, 0.753503, 0.0)], [-0.74165, 0.152166, 0.6533, 0.0)], [0.32981, -0.337726, 18.4194, 1.0)]])
0.32981, -0.337726, 18.4194
float3(-0.152759, -0.848649, -1.60654)
1035201.35269008
normal
simd_float4x4([[-0.107359, -0.99175, 0.0700371, 0.0)], [0.710218, -0.027205, 0.703456, 0.0)], [-0.695748, 0.125264, 0.707279, 0.0)], [0.477153, -0.32119, 18.3003, 1.0)]])
0.477153, -0.32119, 18.3003
float3(-0.125594, -0.777179, -1.59822)
1035201.55280371
normal
simd_float4x4([[-0.111229, -0.984667, 0.134387, 0.0)], [0.7326, 0.0101312, 0.680583, 0.0)], [-0.671509, 0.174153, 0.72024, 0.0)], [0.611862, -0.323702, 18.1623, 1.0)]])
0.611862, -0.323702, 18.1623
float3(-0.175045, -0.750398, -1.56051)
1035201.76959333
normal
simd_float4x4([[-0.0972401, -0.988122, 0.118995, 0.0)], [0.725127, 0.0115562, 0.688518, 0.0)], [-0.681714, 0.153238, 0.71539, 0.0)], [0.757795, -0.344525, 18.0121, 1.0)]])
0.757795, -0.344525, 18.0121
float3(-0.153844, -0.761299, -1.5591)
1035201.96970688
normal
simd_float4x4([[-0.107532, -0.990853, 0.081528, 0.0)], [0.705414, -0.0182538, 0.70856, 0.0)], [-0.700591, 0.133704, 0.700925, 0.0)], [0.896273, -0.331332, 17.8795, 1.0)]])
0.896273, -0.331332, 17.8795
float3(-0.134105, -0.78516, -1.58922)
1035202.16982038
normal
simd_float4x4([[-0.154187, -0.985385, 0.072408, 0.0)], [0.679066, -0.0524523, 0.732201, 0.0)], [-0.717702, 0.162065, 0.677229, 0.0)], [1.04674, -0.340664, 17.7471, 1.0)]])
1.04674, -0.340664, 17.7471
float3(-0.162783, -0.814404, -1.62398)
1035202.369934
normal
simd_float4x4([[-0.12309, -0.989093, 0.0808956, 0.0)], [0.702664, -0.0293004, 0.710918, 0.0)], [-0.700794, 0.144349, 0.698607, 0.0)], [1.19898, -0.351603, 17.5997, 1.0)]])
1.19898, -0.351603, 17.5997
float3(-0.144855, -0.786961, -1.60041)
1035202.57004758
normal
simd_float4x4([[-0.127714, -0.984513, 0.120099, 0.0)], [0.736178, -0.0129544, 0.676664, 0.0)], [-0.664628, 0.174833, 0.726431, 0.0)], [1.33773, -0.334789, 17.4462, 1.0)]])
1.33773, -0.334789, 17.4462
float3(-0.175736, -0.740999, -1.58395)
1035202.78683721
normal
simd_float4x4([[-0.0866898, -0.98559, 0.145249, 0.0)], [0.745426, 0.0325542, 0.665793, 0.0)], [-0.660928, 0.16599, 0.731862, 0.0)], [1.48274, -0.351035, 17.2736, 1.0)]])
1.48274, -0.351035, 17.2736
float3(-0.166762, -0.734513, -1.53778)
1035203.00362704
normal
simd_float4x4([[-0.112929, -0.985938, 0.123181, 0.0)], [0.709005, 0.00689278, 0.70517, 0.0)], [-0.696102, 0.16697, 0.698256, 0.0)], [1.65684, -0.355041, 17.0993, 1.0)]])
1.65684, -0.355041, 17.0993
float3(-0.167756, -0.783853, -1.56381)
1035203.20374054
normal
simd_float4x4([[-0.147104, -0.981849, 0.119719, 0.0)], [0.67674, -0.0116337, 0.73613, 0.0)], [-0.721376, 0.189306, 0.666168, 0.0)], [1.82619, -0.349114, 16.9612, 1.0)]])
1.82619, -0.349114, 16.9612
float3(-0.190455, -0.825165, -1.58264)
1035203.40385417
normal
simd_float4x4([[-0.142679, -0.985303, 0.0939155, 0.0)], [0.668851, -0.0260402, 0.74294, 0.0)], [-0.729576, 0.168818, 0.662737, 0.0)], [1.99635, -0.374476, 16.827, 1.0)]])
1.99635, -0.374476, 16.827
float3(-0.16963, -0.833367, -1.59722)
1035203.60396771
normal
simd_float4x4([[-0.154682, -0.978752, 0.134602, 0.0)], [0.695649, -0.0111577, 0.718295, 0.0)], [-0.701531, 0.204743, 0.682594, 0.0)], [2.17448, -0.364149, 16.6768, 1.0)]])
2.17448, -0.364149, 16.6768
float3(-0.206201, -0.799079, -1.5822)
1035203.80408125
normal
simd_float4x4([[-0.133301, -0.983512, 0.122208, 0.0)], [0.711218, -0.00905331, 0.702913, 0.0)], [-0.690217, 0.180615, 0.700698, 0.0)], [2.31292, -0.364753, 16.5349, 1.0)]])
2.31292, -0.364753, 16.5349
float3(-0.181612, -0.777863, -1.58)
1035204.00419483
normal
simd_float4x4([[-0.130632, -0.986, 0.103632, 0.0)], [0.699936, -0.0176901, 0.713986, 0.0)], [-0.702157, 0.165805, 0.692448, 0.0)], [2.46563, -0.386343, 16.3903, 1.0)]])
2.46563, -0.386343, 16.3903
float3(-0.166574, -0.79236, -1.58874)
1035204.2043085
normal
simd_float4x4([[-0.154802, -0.98684, 0.0467281, 0.0)], [0.638316, -0.0638059, 0.767125, 0.0)], [-0.754048, 0.14858, 0.639793, 0.0)], [2.6372, -0.365806, 16.2695, 1.0)]])
2.6372, -0.365806, 16.2695
float3(-0.149132, -0.867187, -1.63536)
1035204.42109825
normal
simd_float4x4([[-0.152145, -0.987849, 0.0317051, 0.0)], [0.593067, -0.0655863, 0.802477, 0.0)], [-0.790647, 0.140896, 0.59584, 0.0)], [2.82411, -0.370049, 16.1516, 1.0)]])
2.82411, -0.370049, 16.1516
float3(-0.141366, -0.924989, -1.63709)
1035204.62121183
normal
simd_float4x4([[-0.144537, -0.988727, 0.0390958, 0.0)], [0.584733, -0.0534716, 0.809461, 0.0)], [-0.798246, 0.139857, 0.58587, 0.0)], [3.00851, -0.38713, 16.035, 1.0)]])
3.00851, -0.38713, 16.035
float3(-0.140317, -0.937649, -1.62483)
1035204.82132542
normal
simd_float4x4([[-0.155625, -0.984274, 0.0835793, 0.0)], [0.587667, -0.0242431, 0.80874, 0.0)], [-0.793995, 0.174977, 0.582198, 0.0)], [3.17477, -0.366137, 15.9142, 1.0)]])
3.17477, -0.366137, 15.9142
float3(-0.175882, -0.938101, -1.59542)
1035205.03811513
normal
simd_float4x4([[-0.118006, -0.98904, 0.0887393, 0.0)], [0.589204, 0.00219434, 0.807982, 0.0)], [-0.799321, 0.147632, 0.582487, 0.0)], [3.32753, -0.373642, 15.7758, 1.0)]])
3.32753, -0.373642, 15.7758
float3(-0.148174, -0.941049, -1.56858)
1035205.25490496
normal
simd_float4x4([[-0.116032, -0.989934, 0.0810332, 0.0)], [0.554352, 0.00315124, 0.832276, 0.0)], [-0.824154, 0.141491, 0.548406, 0.0)], [3.4949, -0.369294, 15.6053, 1.0)]])
3.4949, -0.369294, 15.6053
float3(-0.141968, -0.983659, -1.56761)
1035205.47169479
normal
simd_float4x4([[-0.140297, -0.986634, 0.0828903, 0.0)], [0.59065, -0.0162101, 0.806765, 0.0)], [-0.794638, 0.162146, 0.585029, 0.0)], [3.64271, -0.354939, 15.4522, 1.0)]])
3.64271, -0.354939, 15.4522
float3(-0.162865, -0.936172, -1.58722)
1035205.6884845
normal
simd_float4x4([[-0.0856899, -0.992403, 0.0882866, 0.0)], [0.710548, 0.00124537, 0.703648, 0.0)], [-0.698412, 0.123027, 0.705043, 0.0)], [3.76682, -0.364076, 15.2756, 1.0)]])
3.76682, -0.364076, 15.2756
float3(-0.12334, -0.780674, -1.56954)
1035205.88859808
normal
simd_float4x4([[-0.0328308, -0.994243, 0.101991, 0.0)], [0.865273, 0.022799, 0.500782, 0.0)], [-0.500224, 0.104691, 0.859544, 0.0)], [3.85394, -0.346944, 15.1007, 1.0)]])
3.85394, -0.346944, 15.1007
float3(-0.104883, -0.527053, -1.54787)
1035206.08871183
normal
simd_float4x4([[-0.00706613, -0.989719, 0.142849, 0.0)], [0.954733, 0.0358055, 0.295302, 0.0)], [-0.297381, 0.138469, 0.944664, 0.0)], [3.8938, -0.333736, 14.9147, 1.0)]])
3.8938, -0.333736, 14.9147
float3(-0.138916, -0.30498, -1.53463)
1035206.30550162
normal
simd_float4x4([[0.014197, -0.993423, 0.113618, 0.0)], [0.987281, 0.031922, 0.155746, 0.0)], [-0.158349, 0.109962, 0.981241, 0.0)], [3.91285, -0.338859, 14.709, 1.0)]])
3.91285, -0.338859, 14.709
float3(-0.110185, -0.159996, -1.53867)
1035206.50561512
normal
simd_float4x4([[-0.0119853, -0.993773, 0.11078, 0.0)], [0.996878, -0.00322811, 0.0788944, 0.0)], [-0.0780455, 0.111379, 0.990708, 0.0)], [3.91016, -0.340778, 14.523, 1.0)]])
3.91016, -0.340778, 14.523
float3(-0.111611, -0.0786151, -1.57404)
1035206.70572892
normal
simd_float4x4([[-0.0298325, -0.989858, 0.138896, 0.0)], [0.999552, -0.0298636, 0.00186074, 0.0)], [0.00230606, 0.138889, 0.990305, 0.0)], [3.91356, -0.356099, 14.3252, 1.0)]])
3.91356, -0.356099, 14.3252
float3(-0.139339, 0.00232863, -1.60096)
1035206.90584246
normal
simd_float4x4([[-0.0336065, -0.992815, 0.114846, 0.0)], [0.998191, -0.0390748, -0.0456988, 0.0)], [0.049858, 0.113102, 0.992332, 0.0)], [3.92791, -0.372381, 14.1105, 1.0)]])
3.92791, -0.372381, 14.1105
float3(-0.113345, 0.0502011, -1.61013)
1035207.10595608
normal
simd_float4x4([[-0.00775854, -0.984146, 0.177192, 0.0)], [0.995255, -0.0247875, -0.0940948, 0.0)], [0.0969951, 0.175621, 0.979668, 0.0)], [3.92118, -0.3607, 13.882, 1.0)]])
3.92118, -0.3607, 13.882
float3(-0.176536, 0.0986866, -1.59598)
1035207.30606967
normal
simd_float4x4([[0.0434332, -0.986617, 0.157164, 0.0)], [0.984261, 0.0152844, -0.176057, 0.0)], [0.171299, 0.162337, 0.971753, 0.0)], [3.87426, -0.36973, 13.7041, 1.0)]])
3.87426, -0.36973, 13.7041
float3(-0.163058, 0.174486, -1.55531)
1035207.50618342
normal
simd_float4x4([[0.030972, -0.991218, 0.128562, 0.0)], [0.980687, 0.00528525, -0.195509, 0.0)], [0.193113, 0.132134, 0.972239, 0.0)], [3.82165, -0.378061, 13.5127, 1.0)]])
3.82165, -0.378061, 13.5127
float3(-0.132522, 0.196075, -1.56546)
1035207.70629712
normal
simd_float4x4([[0.0422019, -0.98568, 0.163259, 0.0)], [0.980518, 0.00948421, -0.1962, 0.0)], [0.191842, 0.168358, 0.966878, 0.0)], [3.78251, -0.366051, 13.3, 1.0)]])
3.78251, -0.366051, 13.3
float3(-0.169164, 0.19587, -1.56117)
1035207.90641062
normal
simd_float4x4([[-0.00427244, -0.989449, 0.144821, 0.0)], [0.981928, -0.0315524, -0.186605, 0.0)], [0.189205, 0.141407, 0.971702, 0.0)], [3.76493, -0.383031, 13.0683, 1.0)]])
3.76493, -0.383031, 13.0683
float3(-0.141882, 0.192309, -1.60267)
1035208.10652433
normal
simd_float4x4([[-0.0118828, -0.992521, 0.121493, 0.0)], [0.975381, -0.0382622, -0.217179, 0.0)], [0.220204, 0.115921, 0.968541, 0.0)], [3.74506, -0.375474, 12.8228, 1.0)]])
3.74506, -0.375474, 12.8228
float3(-0.116183, 0.223556, -1.60933)
1035208.32331404
normal
simd_float4x4([[0.033017, -0.991245, 0.127841, 0.0)], [0.964219, -0.0020727, -0.265097, 0.0)], [0.263041, 0.132019, 0.955709, 0.0)], [3.69151, -0.364203, 12.5896, 1.0)]])
3.69151, -0.364203, 12.5896
float3(-0.132406, 0.268581, -1.57289)
1035208.52342779
normal
simd_float4x4([[0.0369437, -0.992892, 0.113136, 0.0)], [0.965867, 0.00643118, -0.258957, 0.0)], [0.256388, 0.118841, 0.95924, 0.0)], [3.63851, -0.388778, 12.3752, 1.0)]])
3.63851, -0.388778, 12.3752
float3(-0.119123, 0.261178, -1.56432)
1035208.74021754
normal
simd_float4x4([[0.012456, -0.996037, 0.088058, 0.0)], [0.978323, -0.00606579, -0.206997, 0.0)], [0.206711, 0.0887275, 0.974371, 0.0)], [3.59197, -0.383461, 12.1437, 1.0)]])
3.59197, -0.383461, 12.1437
float3(-0.0888443, 0.209049, -1.57689)
1035208.94033121
normal
simd_float4x4([[-0.00530731, -0.991433, 0.13051, 0.0)], [0.986258, -0.026741, -0.163034, 0.0)], [0.165127, 0.127851, 0.97795, 0.0)], [3.57418, -0.388629, 11.9228, 1.0)]])
3.57418, -0.388629, 11.9228
float3(-0.128202, 0.167273, -1.59776)
1035209.14044496
normal
simd_float4x4([[-0.00555813, -0.995163, 0.0980771, 0.0)], [0.984968, -0.0223817, -0.171282, 0.0)], [0.172649, 0.0956508, 0.980328, 0.0)], [3.54838, -0.406968, 11.6926, 1.0)]])
3.54838, -0.406968, 11.6926
float3(-0.0957972, 0.174326, -1.59328)
1035209.34055879
normal
simd_float4x4([[0.0175742, -0.994228, 0.105836, 0.0)], [0.972578, -0.0075533, -0.232454, 0.0)], [0.231911, 0.107019, 0.966832, 0.0)], [3.5071, -0.388717, 11.4751, 1.0)]])
3.5071, -0.388717, 11.4751
float3(-0.107224, 0.23542, -1.57839)
1035209.55734858
normal
simd_float4x4([[0.0753789, -0.989493, 0.123378, 0.0)], [0.95768, 0.0373698, -0.285398, 0.0)], [0.277789, 0.13967, 0.950435, 0.0)], [3.43923, -0.412629, 11.2427, 1.0)]])
3.43923, -0.412629, 11.2427
float3(-0.140128, 0.284355, -1.53305)
1035209.75746208
normal
simd_float4x4([[0.0553239, -0.992053, 0.113009, 0.0)], [0.959507, 0.0215149, -0.280861, 0.0)], [0.276198, 0.123971, 0.953072, 0.0)], [3.38478, -0.41638, 11.0104, 1.0)]])
3.38478, -0.41638, 11.0104
float3(-0.124291, 0.282071, -1.54911)
1035209.95757613
normal
simd_float4x4([[0.0390733, -0.989897, 0.136301, 0.0)], [0.967381, 0.00330661, -0.253304, 0.0)], [0.250294, 0.141752, 0.957736, 0.0)], [3.349, -0.396907, 10.7836, 1.0)]])
3.349, -0.396907, 10.7836
float3(-0.142231, 0.255622, -1.56746)
1035210.15768967
normal
simd_float4x4([[0.00757596, -0.991569, 0.129357, 0.0)], [0.968198, -0.0250767, -0.248926, 0.0)], [0.250071, 0.127129, 0.959845, 0.0)], [3.31149, -0.418397, 10.5595, 1.0)]])
3.31149, -0.418397, 10.5595
float3(-0.127474, 0.254867, -1.59608)
1035210.35780337
normal
simd_float4x4([[0.019073, -0.992096, 0.124026, 0.0)], [0.958404, -0.0171911, -0.284898, 0.0)], [0.284778, 0.124301, 0.9505, 0.0)], [3.26643, -0.40656, 10.3272, 1.0)]])
3.26643, -0.40656, 10.3272
float3(-0.124624, 0.291098, -1.58812)
1035210.55791704
normal
simd_float4x4([[0.0274578, -0.992822, 0.116408, 0.0)], [0.957994, -0.00712091, -0.286701, 0.0)], [0.285472, 0.11939, 0.950922, 0.0)], [3.20182, -0.400724, 10.1184, 1.0)]])
3.20182, -0.400724, 10.1184
float3(-0.119676, 0.291645, -1.57797)
1035210.75803083
normal
simd_float4x4([[0.0267608, -0.995698, 0.0887102, 0.0)], [0.966918, 0.00326275, -0.255064, 0.0)], [0.253677, 0.0926013, 0.962846, 0.0)], [3.12703, -0.421591, 9.90951, 1.0)]])
3.12703, -0.421591, 9.90951
float3(-0.0927342, 0.257612, -1.56752)
1035210.95814454
normal
simd_float4x4([[0.00436332, -0.994524, 0.104416, 0.0)], [0.974863, -0.0190298, -0.221989, 0.0)], [0.22276, 0.10276, 0.969442, 0.0)], [3.05775, -0.407249, 9.69403, 1.0)]])
3.05775, -0.407249, 9.69403
float3(-0.102942, 0.225861, -1.58993)
1035211.15825817
normal
simd_float4x4([[-0.0206928, -0.991358, 0.129542, 0.0)], [0.975746, -0.0482673, -0.213516, 0.0)], [0.217924, 0.121981, 0.968313, 0.0)], [3.00411, -0.420607, 9.48552, 1.0)]])
3.00411, -0.420607, 9.48552
float3(-0.122286, 0.221367, -1.61945)
1035211.35837192
normal
simd_float4x4([[-0.0272109, -0.995048, 0.0956033, 0.0)], [0.978468, -0.0460876, -0.201189, 0.0)], [0.204599, 0.0880703, 0.974876, 0.0)], [2.9625, -0.430387, 9.26626, 1.0)]])
2.9625, -0.430387, 9.26626
float3(-0.0881845, 0.206869, -1.61708)
1035211.57516192
normal
simd_float4x4([[0.012513, -0.994417, 0.104773, 0.0)], [0.975576, -0.0108395, -0.219393, 0.0)], [0.219303, 0.104959, 0.969994, 0.0)], [2.89574, -0.406496, 9.03654, 1.0)]])
2.89574, -0.406496, 9.03654
float3(-0.105153, 0.222349, -1.5817)
1035211.7752755
normal
simd_float4x4([[0.0456018, -0.995194, 0.0866624, 0.0)], [0.973632, 0.0248668, -0.226767, 0.0)], [0.223522, 0.0947182, 0.970086, 0.0)], [2.82709, -0.427811, 8.83077, 1.0)]])
2.82709, -0.427811, 8.83077
float3(-0.0948604, 0.226462, -1.54581)
1035211.97538938
normal
simd_float4x4([[0.0137616, -0.996693, 0.0800811, 0.0)], [0.978163, -0.00319159, -0.207815, 0.0)], [0.207384, 0.0811923, 0.974885, 0.0)], [2.76375, -0.428931, 8.60845, 1.0)]])
2.76375, -0.428931, 8.60845
float3(-0.0812818, 0.209602, -1.574)
1035212.17550296
normal
simd_float4x4([[-0.00270978, -0.994153, 0.107947, 0.0)], [0.982399, -0.0228084, -0.185395, 0.0)], [0.186774, 0.105545, 0.976717, 0.0)], [2.71796, -0.425484, 8.38027, 1.0)]])
2.71796, -0.425484, 8.38027
float3(-0.105742, 0.188945, -1.59373)
1035212.39229292
normal
simd_float4x4([[-0.00724991, -0.997149, 0.0751126, 0.0)], [0.98303, -0.0208759, -0.182254, 0.0)], [0.183302, 0.0725166, 0.980378, 0.0)], [2.67823, -0.449334, 8.12977, 1.0)]])
2.67823, -0.449334, 8.12977
float3(-0.0725803, 0.184837, -1.59173)
1035212.59240675
normal
simd_float4x4([[0.0338748, -0.993257, 0.110871, 0.0)], [0.975815, 0.00889929, -0.218418, 0.0)], [0.215958, 0.115589, 0.969537, 0.0)], [2.63246, -0.435861, 7.89592, 1.0)]])
2.63246, -0.435861, 7.89592
float3(-0.115848, 0.219166, -1.56184)
1035212.79252042
normal
simd_float4x4([[0.0931409, -0.989422, 0.111215, 0.0)], [0.965929, 0.0627056, -0.251093, 0.0)], [0.241464, 0.130813, 0.961552, 0.0)], [2.568, -0.447724, 7.68875, 1.0)]])
2.568, -0.447724, 7.68875
float3(-0.131189, 0.246031, -1.5075)
1035212.99263417
normal
simd_float4x4([[0.0538771, -0.994995, 0.0841514, 0.0)], [0.97394, 0.0337687, -0.224279, 0.0)], [0.220315, 0.0940419, 0.970885, 0.0)], [2.51404, -0.461396, 7.46604, 1.0)]])
2.51404, -0.461396, 7.46604
float3(-0.0941811, 0.223143, -1.53687)
1035213.20942417
normal
simd_float4x4([[0.0314084, -0.99587, 0.085187, 0.0)], [0.977359, 0.0127582, -0.211203, 0.0)], [0.209244, 0.0898918, 0.973723, 0.0)], [2.46294, -0.444468, 7.2189, 1.0)]])
2.46294, -0.444468, 7.2189
float3(-0.0900133, 0.211672, -1.55799)
1035213.42621408
normal
simd_float4x4([[0.00891606, -0.995926, 0.0897314, 0.0)], [0.978418, -0.009837, -0.2064, 0.0)], [0.206442, 0.0896351, 0.974344, 0.0)], [2.42845, -0.466891, 6.95043, 1.0)]])
2.42845, -0.466891, 6.95043
float3(-0.0897556, 0.20879, -1.58067)
1035213.62632775
normal
simd_float4x4([[0.00695169, -0.997808, 0.0658147, 0.0)], [0.972035, -0.00870681, -0.234674, 0.0)], [0.234733, 0.0656055, 0.969843, 0.0)], [2.39622, -0.456092, 6.707, 1.0)]])
2.39622, -0.456092, 6.707
float3(-0.0656527, 0.237465, -1.57952)
1035213.84311762
normal
simd_float4x4([[0.0512007, -0.996496, 0.0661428, 0.0)], [0.964396, 0.0321275, -0.262505, 0.0)], [0.25946, 0.0772283, 0.962661, 0.0)], [2.32827, -0.450934, 6.46024, 1.0)]])
2.32827, -0.450934, 6.46024
float3(-0.0773053, 0.263268, -1.53857)
1035214.05990767
normal
simd_float4x4([[0.0296107, -0.997135, 0.0696104, 0.0)], [0.971245, 0.0122432, -0.237767, 0.0)], [0.236234, 0.0746492, 0.968825, 0.0)], [2.25782, -0.475855, 6.20714, 1.0)]])
2.25782, -0.475855, 6.20714
float3(-0.0747187, 0.239168, -1.55852)
1035214.27669763
normal
simd_float4x4([[0.0313764, -0.993227, 0.111871, 0.0)], [0.976963, 0.00683817, -0.213297, 0.0)], [0.211087, 0.115986, 0.970561, 0.0)], [2.19763, -0.459432, 5.95931, 1.0)]])
2.19763, -0.459432, 5.95931
float3(-0.116248, 0.214155, -1.56391)
1035214.47681125
normal
simd_float4x4([[-0.00261795, -0.994609, 0.103666, 0.0)], [0.979715, -0.0233238, -0.199036, 0.0)], [0.200381, 0.101042, 0.974494, 0.0)], [2.16234, -0.480755, 5.74875, 1.0)]])
2.16234, -0.480755, 5.74875
float3(-0.101215, 0.202799, -1.59424)
1035214.67692504
normal
simd_float4x4([[0.00994767, -0.994925, 0.100123, 0.0)], [0.976866, -0.0117213, -0.21353, 0.0)], [0.21362, 0.0999311, 0.971792, 0.0)], [2.11835, -0.477431, 5.51113, 1.0)]])
2.11835, -0.477431, 5.51113
float3(-0.100098, 0.21638, -1.58258)
1035214.87703875
normal
simd_float4x4([[0.0343179, -0.9942, 0.101929, 0.0)], [0.969992, 0.00857066, -0.242984, 0.0)], [0.240701, 0.107209, 0.96466, 0.0)], [2.05629, -0.467075, 5.28949, 1.0)]])
2.05629, -0.467075, 5.28949
float3(-0.107416, 0.244526, -1.56218)
1035215.07715262
normal
simd_float4x4([[0.04359, -0.995924, 0.0789601, 0.0)], [0.967515, 0.0223813, -0.251821, 0.0)], [0.249028, 0.087372, 0.964547, 0.0)], [1.97967, -0.492539, 5.06451, 1.0)]])
1.97967, -0.492539, 5.06451
float3(-0.0874835, 0.252663, -1.54833)
1035215.27726638
normal
simd_float4x4([[0.0252944, -0.996441, 0.0804052, 0.0)], [0.974842, 0.0067682, -0.222796, 0.0)], [0.221459, 0.0840179, 0.971544, 0.0)], [1.91778, -0.483428, 4.83112, 1.0)]])
1.91778, -0.483428, 4.83112
float3(-0.084117, 0.224116, -1.564)
1035215.49405642
normal
simd_float4x4([[-0.0150984, -0.994789, 0.100834, 0.0)], [0.978867, -0.0352744, -0.201432, 0.0)], [0.203939, 0.0956621, 0.974298, 0.0)], [1.87217, -0.491815, 4.57908, 1.0)]])
1.87217, -0.491815, 4.57908
float3(-0.0958086, 0.206339, -1.60624)
1035215.69417021
normal
simd_float4x4([[-0.0187509, -0.996188, 0.0851965, 0.0)], [0.97126, -0.0383715, -0.234907, 0.0)], [0.23728, 0.0783432, 0.968277, 0.0)], [1.8239, -0.500848, 4.33483, 1.0)]])
1.8239, -0.500848, 4.33483
float3(-0.0784236, 0.240318, -1.6093)
1035215.89428388
normal
simd_float4x4([[0.00553333, -0.994543, 0.104185, 0.0)], [0.965497, -0.0218125, -0.2595, 0.0)], [0.260356, 0.102026, 0.960107, 0.0)], [1.76412, -0.48103, 4.1022, 1.0)]])
1.76412, -0.48103, 4.1022
float3(-0.102204, 0.264806, -1.59273)
1035216.09439762
normal
simd_float4x4([[0.0271731, -0.997103, 0.0710414, 0.0)], [0.965708, 0.00782783, -0.259513, 0.0)], [0.258205, 0.075657, 0.963123, 0.0)], [1.70011, -0.498387, 3.88249, 1.0)]])
1.70011, -0.498387, 3.88249
float3(-0.0757294, 0.261932, -1.56295)
1035216.29451142
normal
simd_float4x4([[0.0195354, -0.995473, 0.0930157, 0.0)], [0.969099, -0.00402786, -0.24664, 0.0)], [0.245898, 0.0949597, 0.964633, 0.0)], [1.63371, -0.501721, 3.65056, 1.0)]])
1.63371, -0.501721, 3.65056
float3(-0.095103, 0.249598, -1.57484)
1035216.4946255
normal
simd_float4x4([[0.00285897, -0.991383, 0.130963, 0.0)], [0.974786, -0.0264582, -0.221567, 0.0)], [0.223123, 0.128295, 0.966311, 0.0)], [1.5888, -0.499242, 3.43319, 1.0)]])
1.5888, -0.499242, 3.43319
float3(-0.128649, 0.226925, -1.59748)
1035216.69473925
normal
simd_float4x4([[-0.00979138, -0.997128, 0.0750931, 0.0)], [0.969743, -0.0277882, -0.242543, 0.0)], [0.243933, 0.0704462, 0.96723, 0.0)], [1.53514, -0.519885, 3.21183, 1.0)]])
1.53514, -0.519885, 3.21183
float3(-0.0705046, 0.247046, -1.59866)
1035216.89485304
normal
simd_float4x4([[0.0183481, -0.996304, 0.0839132, 0.0)], [0.957677, -0.00660036, -0.287768, 0.0)], [0.287259, 0.0856418, 0.954017, 0.0)], [1.47663, -0.506391, 2.981, 1.0)]])
1.47663, -0.506391, 2.981
float3(-0.0857469, 0.29247, -1.57742)
1035217.09496688
normal
simd_float4x4([[0.0501717, -0.996486, 0.0670712, 0.0)], [0.953926, 0.0279213, -0.298741, 0.0)], [0.295819, 0.0789693, 0.951974, 0.0)], [1.41216, -0.505114, 2.76957, 1.0)]])
1.41216, -0.505114, 2.76957
float3(-0.0790516, 0.301283, -1.54278)
1035217.29508058
normal
simd_float4x4([[-0.000961797, -0.998892, 0.0470464, 0.0)], [0.967613, -0.0128057, -0.252111, 0.0)], [0.252434, 0.0452802, 0.966554, 0.0)], [1.35331, -0.532478, 2.54824, 1.0)]])
1.35331, -0.532478, 2.54824
float3(-0.0452957, 0.255463, -1.58362)
1035217.49519438
normal
simd_float4x4([[0.0249953, -0.995373, 0.0927836, 0.0)], [0.968406, 0.00107267, -0.249374, 0.0)], [0.248121, 0.0960854, 0.963952, 0.0)], [1.28654, -0.520205, 2.32306, 1.0)]])
1.28654, -0.520205, 2.32306
float3(-0.0962339, 0.251931, -1.56972)
1035217.69530821
normal
simd_float4x4([[0.00189811, -0.996587, 0.0825321, 0.0)], [0.9665, -0.0193546, -0.255937, 0.0)], [0.256661, 0.0802531, 0.963164, 0.0)], [1.23167, -0.536837, 2.1109, 1.0)]])
1.23167, -0.536837, 2.1109
float3(-0.0803395, 0.260425, -1.59021)
1035217.91209817
normal
simd_float4x4([[-0.000901716, -0.997111, 0.075952, 0.0)], [0.95365, -0.0237126, -0.299981, 0.0)], [0.300915, 0.0721612, 0.950917, 0.0)], [1.17023, -0.540869, 1.86434, 1.0)]])
1.17023, -0.540869, 1.86434
float3(-0.0722239, 0.306477, -1.59457)
1035218.11221196
normal
simd_float4x4([[0.0394303, -0.994805, 0.0938549, 0.0)], [0.943001, 0.00598495, -0.332737, 0.0)], [0.330446, 0.101625, 0.938338, 0.0)], [1.09543, -0.529878, 1.65543, 1.0)]])
1.09543, -0.529878, 1.65543
float3(-0.101801, 0.338599, -1.56478)
1035218.31232562
normal
simd_float4x4([[0.0276343, -0.996749, 0.0756886, 0.0)], [0.946378, 0.00170637, -0.323057, 0.0)], [0.321877, 0.0805575, 0.943348, 0.0)], [1.02228, -0.55317, 1.44853, 1.0)]])
1.02228, -0.55317, 1.44853
float3(-0.0806449, 0.32882, -1.56908)
1035218.51243946
normal
simd_float4x4([[0.0344805, -0.994491, 0.0989902, 0.0)], [0.953019, 0.00289275, -0.302896, 0.0)], [0.300941, 0.104784, 0.947869, 0.0)], [0.943395, -0.550281, 1.23263, 1.0)]])
0.943395, -0.550281, 1.23263
float3(-0.104976, 0.307426, -1.56789)
1035218.71255325
normal
simd_float4x4([[0.0200133, -0.990613, 0.135223, 0.0)], [0.960146, -0.01867, -0.278876, 0.0)], [0.278783, 0.135415, 0.950759, 0.0)], [0.885755, -0.549018, 1.02652, 1.0)]])
0.885755, -0.549018, 1.02652
float3(-0.135832, 0.285226, -1.58964)
1035218.91266704
normal
simd_float4x4([[0.0136353, -0.994281, 0.105917, 0.0)], [0.94472, -0.0218937, -0.327144, 0.0)], [0.327593, 0.104522, 0.93902, 0.0)], [0.82211, -0.571753, 0.817886, 1.0)]])
0.82211, -0.571753, 0.817886
float3(-0.104714, 0.335665, -1.59281)
1035219.11278079
normal
simd_float4x4([[0.0447067, -0.992657, 0.112394, 0.0)], [0.914807, -0.00452748, -0.403867, 0.0)], [0.40141, 0.120874, 0.907887, 0.0)], [0.750318, -0.54545, 0.607248, 1.0)]])
0.750318, -0.54545, 0.607248
float3(-0.121171, 0.416296, -1.57536)
1035219.31289475
normal
simd_float4x4([[0.0813789, -0.991032, 0.105989, 0.0)], [0.908698, 0.0300882, -0.416369, 0.0)], [0.409446, 0.130195, 0.902997, 0.0)], [0.66425, -0.543474, 0.430558, 1.0)]])
0.66425, -0.543474, 0.430558
float3(-0.130566, 0.425703, -1.54045)
1035219.51300854
normal
simd_float4x4([[0.0470482, -0.995659, 0.0803152, 0.0)], [0.922868, 0.0125594, -0.384912, 0.0)], [0.382233, 0.0922297, 0.919452, 0.0)], [0.576407, -0.552175, 0.263235, 1.0)]])
0.576407, -0.552175, 0.263235
float3(-0.092361, 0.393982, -1.55818)
1035219.72979842
normal
simd_float4x4([[0.0313983, -0.995575, 0.0885701, 0.0)], [0.92592, -0.00439946, -0.377694, 0.0)], [0.376412, 0.0938678, 0.921685, 0.0)], [0.477483, -0.532479, 0.0918892, 1.0)]])
0.477483, -0.532479, 0.0918892
float3(-0.0940062, 0.387723, -1.57522)
1035219.92991225
normal
simd_float4x4([[0.0139223, -0.995925, 0.0891082, 0.0)], [0.916711, -0.0228753, -0.398895, 0.0)], [0.399308, 0.08724, 0.912657, 0.0)], [0.390344, -0.535966, -0.0549228, 1.0)]])
0.390344, -0.535966, -0.0549228
float3(-0.0873511, 0.412429, -1.59376)
1035220.14670204
normal
simd_float4x4([[0.00067062, -0.999203, 0.0399162, 0.0)], [0.901006, -0.0167121, -0.433484, 0.0)], [0.433806, 0.0362554, 0.900277, 0.0)], [0.290206, -0.539945, -0.220051, 1.0)]])
0.290206, -0.539945, -0.220051
float3(-0.0362634, 0.449029, -1.58752)
1035220.34681596
normal
simd_float4x4([[0.00855716, -0.998814, 0.0479267, 0.0)], [0.886646, -0.0145828, -0.462219, 0.0)], [0.46237, 0.0464493, 0.88547, 0.0)], [0.187805, -0.522212, -0.360147, 1.0)]])
0.187805, -0.522212, -0.360147
float3(-0.046466, 0.481229, -1.5854)
1035220.56360588
normal
simd_float4x4([[0.015434, -0.999403, 0.0309119, 0.0)], [0.903614, 0.00070569, -0.428348, 0.0)], [0.42807, 0.0345436, 0.903085, 0.0)], [0.0759239, -0.527832, -0.49156, 1.0)]])
0.0759239, -0.527832, -0.49156
float3(-0.0345504, 0.442639, -1.57009)
1035220.76371962
normal
simd_float4x4([[-0.0122707, -0.998485, 0.0536473, 0.0)], [0.938932, -0.0299567, -0.342795, 0.0)], [0.343882, 0.0461649, 0.937877, 0.0)], [-0.0202618, -0.534374, -0.598529, 1.0)]])
-0.0202618, -0.534374, -0.598529
float3(-0.0461813, 0.351439, -1.60079)
1035220.96383346
normal
simd_float4x4([[-0.0488129, -0.997133, 0.0578214, 0.0)], [0.957679, -0.0631657, -0.280821, 0.0)], [0.283668, 0.0416667, 0.958017, 0.0)], [-0.0824106, -0.521743, -0.677956, 1.0)]])
-0.0824106, -0.521743, -0.677956
float3(-0.0416788, 0.287874, -1.63406)
1035221.16394738
normal
simd_float4x4([[-0.0335271, -0.996886, 0.07137, 0.0)], [0.968334, -0.0500773, -0.244583, 0.0)], [0.247395, 0.0609098, 0.966998, 0.0)], [-0.129111, -0.517518, -0.741335, 1.0)]])
-0.129111, -0.517518, -0.741335
float3(-0.0609476, 0.250466, -1.62099)
