ARKit Data
256222.020917166
normal
simd_float4x4([[0.0124838, -0.992951, 0.117863, 0.0)], [0.997527, 0.00421404, -0.0701541, 0.0)], [0.069163, 0.118447, 0.990549, 0.0)], [-0.254032, -0.0386869, -0.314346, 1.0)]])
-0.254032, -0.0386869, -0.314346
float3(-0.118726, 0.0697098, -1.56655)
256222.356191333
limited(__ObjC.ARCamera.TrackingState.Reason.initializing)
simd_float4x4([[-0.0209096, -0.989703, 0.141556, 0.0)], [0.999781, -0.020699, 0.00296039, 0.0)], [-1.89235e-08, 0.141587, 0.98992, 0.0)], [0.0, 0.0, 0.0, 1.0)]])
0.0, 0.0, 0.0
float3(-0.142065, -1.91162e-08, -1.59171)
256222.472864166
limited(__ObjC.ARCamera.TrackingState.Reason.initializing)
simd_float4x4([[-0.0209096, -0.989703, 0.141556, 0.0)], [0.999781, -0.020699, 0.00296039, 0.0)], [-1.89235e-08, 0.141587, 0.98992, 0.0)], [0.0, 0.0, 0.0, 1.0)]])
0.0, 0.0, 0.0
float3(-0.142065, -1.91162e-08, -1.59171)
256222.572916958
limited(__ObjC.ARCamera.TrackingState.Reason.initializing)
simd_float4x4([[-0.0107531, -0.989092, 0.146908, 0.0)], [0.999914, -0.0117356, -0.00582304, 0.0)], [0.00748358, 0.146833, 0.989133, 0.0)], [0.0, 0.0, 0.0, 1.0)]])
0.0, 0.0, 0.0
float3(-0.147365, 0.00756565, -1.58266)
256222.672969708
limited(__ObjC.ARCamera.TrackingState.Reason.initializing)
simd_float4x4([[-0.00157689, -0.98868, 0.150032, 0.0)], [0.999994, -0.00200751, -0.00271873, 0.0)], [0.00298914, 0.150027, 0.988678, 0.0)], [0.0, 0.0, 0.0, 1.0)]])
0.0, 0.0, 0.0
float3(-0.150596, 0.00302336, -1.57283)
256222.773022416
limited(__ObjC.ARCamera.TrackingState.Reason.initializing)
simd_float4x4([[0.000335216, -0.989459, 0.144813, 0.0)], [0.999987, 0.00107157, 0.0050069, 0.0)], [-0.0051093, 0.144809, 0.989446, 0.0)], [0.0, 0.0, 0.0, 1.0)]])
0.0, 0.0, 0.0
float3(-0.14532, -0.00516375, -1.56971)
256222.873075125
limited(__ObjC.ARCamera.TrackingState.Reason.initializing)
simd_float4x4([[-0.000582136, -0.989237, 0.146316, 0.0)], [0.999833, 0.00209876, 0.0181678, 0.0)], [-0.0182793, 0.146302, 0.98907, 0.0)], [0.0, 0.0, 0.0, 1.0)]])
0.0, 0.0, 0.0
float3(-0.146829, -0.0184792, -1.56867)
256222.973127791
limited(__ObjC.ARCamera.TrackingState.Reason.initializing)
simd_float4x4([[-0.00358233, -0.989665, 0.143339, 0.0)], [0.999387, 0.00144858, 0.0349786, 0.0)], [-0.0348248, 0.143377, 0.989054, 0.0)], [0.0, 0.0, 0.0, 1.0)]])
0.0, 0.0, 0.0
float3(-0.143873, -0.0351957, -1.56933)
256223.073180625
limited(__ObjC.ARCamera.TrackingState.Reason.initializing)
simd_float4x4([[-0.00711323, -0.990079, 0.140321, 0.0)], [0.99851, 0.000558283, 0.0545572, 0.0)], [-0.0540944, 0.1405, 0.9886, 0.0)], [0.0, 0.0, 0.0, 1.0)]])
0.0, 0.0, 0.0
float3(-0.140966, -0.0546637, -1.57023)
256223.17323325
limited(__ObjC.ARCamera.TrackingState.Reason.initializing)
simd_float4x4([[-0.0101181, -0.990111, 0.139904, 0.0)], [0.997108, 0.000549126, 0.0759999, 0.0)], [-0.0753254, 0.140269, 0.987242, 0.0)], [0.0, 0.0, 0.0, 1.0)]])
0.0, 0.0, 0.0
float3(-0.140733, -0.0761513, -1.57024)
256223.273286041
limited(__ObjC.ARCamera.TrackingState.Reason.initializing)
simd_float4x4([[-0.0156338, -0.990271, 0.138261, 0.0)], [0.994833, -0.00153301, 0.101512, 0.0)], [-0.100312, 0.139134, 0.985178, 0.0)], [0.0, 0.0, 0.0, 1.0)]])
0.0, 0.0, 0.0
float3(-0.139587, -0.101472, -1.57234)
256223.373338666
limited(__ObjC.ARCamera.TrackingState.Reason.initializing)
simd_float4x4([[-0.0213778, -0.990364, 0.136814, 0.0)], [0.991239, -0.00315543, 0.132046, 0.0)], [-0.130342, 0.138438, 0.981755, 0.0)], [0.0, 0.0, 0.0, 1.0)]])
0.0, 0.0, 0.0
float3(-0.138884, -0.131992, -1.57398)
256223.473391458
limited(__ObjC.ARCamera.TrackingState.Reason.initializing)
simd_float4x4([[-0.0245454, -0.990633, 0.134316, 0.0)], [0.985806, -0.00166378, 0.167882, 0.0)], [-0.166086, 0.13653, 0.976612, 0.0)], [0.0, 0.0, 0.0, 1.0)]])
0.0, 0.0, 0.0
float3(-0.136958, -0.168452, -1.57248)
256223.573444083
limited(__ObjC.ARCamera.TrackingState.Reason.initializing)
simd_float4x4([[-0.028141, -0.990679, 0.133267, 0.0)], [0.978441, -1.2055e-05, 0.206524, 0.0)], [-0.204598, 0.136205, 0.969321, 0.0)], [0.0, 0.0, 0.0, 1.0)]])
0.0, 0.0, 0.0
float3(-0.13663, -0.20802, -1.57081)
256223.67349675
limited(__ObjC.ARCamera.TrackingState.Reason.initializing)
simd_float4x4([[-0.0333898, -0.990882, 0.130508, 0.0)], [0.96921, -0.000228487, 0.246236, 0.0)], [-0.243962, 0.134712, 0.96038, 0.0)], [0.0, 0.0, 0.0, 1.0)]])
0.0, 0.0, 0.0
float3(-0.135123, -0.248764, -1.57103)
256223.773549625
limited(__ObjC.ARCamera.TrackingState.Reason.initializing)
simd_float4x4([[-0.039875, -0.990999, 0.127776, 0.0)], [0.958778, -0.00194226, 0.284148, 0.0)], [-0.281343, 0.133839, 0.950226, 0.0)], [0.0, 0.0, 0.0, 1.0)]])
0.0, 0.0, 0.0
float3(-0.134242, -0.287856, -1.57276)
256223.87360225
limited(__ObjC.ARCamera.TrackingState.Reason.initializing)
simd_float4x4([[-0.0468829, -0.990944, 0.125806, 0.0)], [0.947023, -0.0040351, 0.32114, 0.0)], [-0.317725, 0.134197, 0.938636, 0.0)], [0.0, 0.0, 0.0, 1.0)]])
0.0, 0.0, 0.0
float3(-0.134603, -0.32639, -1.57487)
256223.973655
limited(__ObjC.ARCamera.TrackingState.Reason.initializing)
simd_float4x4([[-0.0531714, -0.990935, 0.123357, 0.0)], [0.933808, -0.00557424, 0.357732, 0.0)], [-0.353802, 0.134213, 0.925639, 0.0)], [0.0, 0.0, 0.0, 1.0)]])
0.0, 0.0, 0.0
float3(-0.134619, -0.36509, -1.57642)
256224.07370775
limited(__ObjC.ARCamera.TrackingState.Reason.initializing)
simd_float4x4([[-0.0598528, -0.990852, 0.120931, 0.0)], [0.918631, -0.00727656, 0.395049, 0.0)], [-0.390556, 0.134736, 0.910663, 0.0)], [0.0, 0.0, 0.0, 1.0)]])
0.0, 0.0, 0.0
float3(-0.135147, -0.405144, -1.57814)
256224.173760541
limited(__ObjC.ARCamera.TrackingState.Reason.initializing)
simd_float4x4([[-0.0665568, -0.990774, 0.118027, 0.0)], [0.901565, -0.00903779, 0.432547, 0.0)], [-0.427492, 0.135199, 0.893849, 0.0)], [0.0, 0.0, 0.0, 1.0)]])
0.0, 0.0, 0.0
float3(-0.135614, -0.446104, -1.57992)
256224.273813125
limited(__ObjC.ARCamera.TrackingState.Reason.initializing)
simd_float4x4([[-0.0725942, -0.990576, 0.116117, 0.0)], [0.884011, -0.0100014, 0.467359, 0.0)], [-0.461795, 0.136577, 0.876405, 0.0)], [0.0, 0.0, 0.0, 1.0)]])
0.0, 0.0, 0.0
float3(-0.137005, -0.484951, -1.58089)
256224.373865833
limited(__ObjC.ARCamera.TrackingState.Reason.initializing)
simd_float4x4([[-0.078419, -0.990475, 0.113152, 0.0)], [0.865024, -0.0111851, 0.501605, 0.0)], [-0.495564, 0.137215, 0.857661, 0.0)], [0.0, 0.0, 0.0, 1.0)]])
0.0, 0.0, 0.0
float3(-0.137649, -0.523942, -1.58209)
256224.47391875
limited(__ObjC.ARCamera.TrackingState.Reason.initializing)
simd_float4x4([[-0.0822622, -0.990741, 0.107977, 0.0)], [0.846351, -0.0122416, 0.532484, 0.0)], [-0.526233, 0.135191, 0.839521, 0.0)], [0.0, 0.0, 0.0, 1.0)]])
0.0, 0.0, 0.0
float3(-0.135606, -0.559911, -1.58315)
256224.57397125
limited(__ObjC.ARCamera.TrackingState.Reason.initializing)
simd_float4x4([[-0.0849195, -0.990969, 0.103744, 0.0)], [0.829176, -0.0125515, 0.558846, 0.0)], [-0.552499, 0.133479, 0.822753, 0.0)], [0.0, 0.0, 0.0, 1.0)]])
0.0, 0.0, 0.0
float3(-0.133879, -0.591358, -1.58346)
256224.674024208
limited(__ObjC.ARCamera.TrackingState.Reason.initializing)
simd_float4x4([[-0.0882656, -0.991201, 0.0985972, 0.0)], [0.813372, -0.0145833, 0.58156, 0.0)], [-0.575007, 0.131529, 0.807501, 0.0)], [0.0, 0.0, 0.0, 1.0)]])
0.0, 0.0, 0.0
float3(-0.131911, -0.618789, -1.58551)
256224.774076833
limited(__ObjC.ARCamera.TrackingState.Reason.initializing)
simd_float4x4([[-0.0918769, -0.991423, 0.0929078, 0.0)], [0.798627, -0.0176386, 0.601567, 0.0)], [-0.594771, 0.12947, 0.793396, 0.0)], [0.0, 0.0, 0.0, 1.0)]])
0.0, 0.0, 0.0
float3(-0.129834, -0.643278, -1.58859)
256224.8741295
limited(__ObjC.ARCamera.TrackingState.Reason.initializing)
simd_float4x4([[-0.0957765, -0.991423, 0.0888877, 0.0)], [0.784774, -0.0202775, 0.619449, 0.0)], [-0.612336, 0.129086, 0.779984, 0.0)], [0.0, 0.0, 0.0, 1.0)]])
0.0, 0.0, 0.0
float3(-0.129448, -0.665566, -1.59125)
256224.974182291
limited(__ObjC.ARCamera.TrackingState.Reason.initializing)
simd_float4x4([[-0.100557, -0.991235, 0.0856379, 0.0)], [0.770605, -0.0231528, 0.636891, 0.0)], [-0.629329, 0.130038, 0.766178, 0.0)], [0.0, 0.0, 0.0, 1.0)]])
0.0, 0.0, 0.0
float3(-0.130407, -0.687647, -1.59415)
256225.074234833
limited(__ObjC.ARCamera.TrackingState.Reason.initializing)
simd_float4x4([[-0.102823, -0.991146, 0.0839556, 0.0)], [0.75646, -0.0231125, 0.65363, 0.0)], [-0.645906, 0.130718, 0.752138, 0.0)], [0.0, 0.0, 0.0, 1.0)]])
0.0, 0.0, 0.0
float3(-0.131094, -0.709558, -1.59411)
256225.17428775
limited(__ObjC.ARCamera.TrackingState.Reason.initializing)
simd_float4x4([[-0.104045, -0.991284, 0.0807661, 0.0)], [0.742298, -0.0233526, 0.669661, 0.0)], [-0.661941, 0.129629, 0.738257, 0.0)], [0.0, 0.0, 0.0, 1.0)]])
0.0, 0.0, 0.0
float3(-0.129995, -0.730948, -1.59435)
256225.274340416
limited(__ObjC.ARCamera.TrackingState.Reason.initializing)
simd_float4x4([[-0.106265, -0.99125, 0.0782532, 0.0)], [0.72803, -0.0239627, 0.685125, 0.0)], [-0.677258, 0.129777, 0.724205, 0.0)], [0.0, 0.0, 0.0, 1.0)]])
0.0, 0.0, 0.0
float3(-0.130144, -0.751912, -1.59497)
256225.374393291
limited(__ObjC.ARCamera.TrackingState.Reason.initializing)
simd_float4x4([[-0.108076, -0.991308, 0.0749883, 0.0)], [0.714685, -0.0250431, 0.698997, 0.0)], [-0.691045, 0.129139, 0.711179, 0.0)], [0.0, 0.0, 0.0, 1.0)]])
0.0, 0.0, 0.0
float3(-0.129501, -0.771041, -1.59605)
256225.474445875
limited(__ObjC.ARCamera.TrackingState.Reason.initializing)
simd_float4x4([[-0.1085, -0.991416, 0.0729187, 0.0)], [0.703043, -0.0246689, 0.710718, 0.0)], [-0.70282, 0.128379, 0.699684, 0.0)], [0.0, 0.0, 0.0, 1.0)]])
0.0, 0.0, 0.0
float3(-0.128734, -0.787635, -1.59567)
256225.574498458
limited(__ObjC.ARCamera.TrackingState.Reason.initializing)
simd_float4x4([[-0.107291, -0.991733, 0.0703396, 0.0)], [0.692931, -0.0238573, 0.720607, 0.0)], [-0.712975, 0.126056, 0.689762, 0.0)], [0.0, 0.0, 0.0, 1.0)]])
0.0, 0.0, 0.0
float3(-0.126393, -0.801945, -1.59485)
256225.674551375
limited(__ObjC.ARCamera.TrackingState.Reason.initializing)
simd_float4x4([[-0.10586, -0.992079, 0.0675448, 0.0)], [0.684537, -0.0234415, 0.728599, 0.0)], [-0.721248, 0.123369, 0.681595, 0.0)], [0.0, 0.0, 0.0, 1.0)]])
0.0, 0.0, 0.0
float3(-0.123684, -0.813657, -1.59442)
256225.774603875
limited(__ObjC.ARCamera.TrackingState.Reason.initializing)
simd_float4x4([[-0.105326, -0.992162, 0.0671663, 0.0)], [0.679093, -0.0224251, 0.733707, 0.0)], [-0.726454, 0.122893, 0.676131, 0.0)], [0.0, 0.0, 0.0, 1.0)]])
0.0, 0.0, 0.0
float3(-0.123204, -0.821261, -1.59339)
256225.874656791
limited(__ObjC.ARCamera.TrackingState.Reason.initializing)
simd_float4x4([[-0.104648, -0.992186, 0.0678745, 0.0)], [0.675493, -0.0208265, 0.737071, 0.0)], [-0.729901, 0.122984, 0.672392, 0.0)], [0.0, 0.0, 0.0, 1.0)]])
0.0, 0.0, 0.0
float3(-0.123296, -0.826386, -1.59178)
256225.974676208
limited(__ObjC.ARCamera.TrackingState.Reason.initializing)
simd_float4x4([[-0.102742, -0.99258, 0.064977, 0.0)], [0.672434, -0.0211733, 0.739852, 0.0)], [-0.73299, 0.119708, 0.669618, 0.0)], [0.0, 0.0, 0.0, 1.0)]])
0.0, 0.0, 0.0
float3(-0.119996, -0.830549, -1.59212)
256226.091327083
limited(__ObjC.ARCamera.TrackingState.Reason.initializing)
simd_float4x4([[-0.101277, -0.992761, 0.0645133, 0.0)], [0.669892, -0.020112, 0.742184, 0.0)], [-0.735516, 0.118385, 0.667078, 0.0)], [0.0, 0.0, 0.0, 1.0)]])
0.0, 0.0, 0.0
float3(-0.118663, -0.834153, -1.59105)
256226.207977666
normal
simd_float4x4([[-0.10362, -0.993213, 0.0528255, 0.0)], [0.667517, -0.030071, 0.743987, 0.0)], [-0.737349, 0.112354, 0.666103, 0.0)], [0.000105184, 0.000154415, 2.11896e-05, 1.0)]])
0.000105184, 0.000154415, 2.11896e-05
float3(-0.112592, -0.836119, -1.60106)
256226.324628541
normal
simd_float4x4([[-0.099045, -0.993795, 0.0506106, 0.0)], [0.665092, -0.0282826, 0.746226, 0.0)], [-0.740164, 0.107571, 0.663766, 0.0)], [0.000125259, 0.000908397, 0.000381075, 1.0)]])
0.000125259, 0.000908397, 0.000381075
float3(-0.107779, -0.839762, -1.59925)
256226.441279416
normal
simd_float4x4([[-0.0933157, -0.994371, 0.0501936, 0.0)], [0.663351, -0.0244989, 0.747907, 0.0)], [-0.742467, 0.103087, 0.661903, 0.0)], [-0.00184822, 0.00201543, -0.000317752, 1.0)]])
-0.00184822, 0.00201543, -0.000317752
float3(-0.103271, -0.842702, -1.59543)
256226.55793025
normal
simd_float4x4([[-0.0906218, -0.994606, 0.0504589, 0.0)], [0.664454, -0.0226441, 0.746986, 0.0)], [-0.741814, 0.101221, 0.662922, 0.0)], [-0.00236551, 0.00193204, -0.00311576, 1.0)]])
-0.00236551, 0.00193204, -0.00311576
float3(-0.101395, -0.841501, -1.59356)
256226.674580791
normal
simd_float4x4([[-0.0899251, -0.994568, 0.052413, 0.0)], [0.668764, -0.0213027, 0.743169, 0.0)], [-0.738016, 0.101882, 0.667047, 0.0)], [-0.00268749, 0.00203635, -0.00587915, 1.0)]])
-0.00268749, 0.00203635, -0.00587915
float3(-0.102059, -0.835865, -1.59221)
256226.791231666
normal
simd_float4x4([[-0.0861622, -0.994869, 0.0530326, 0.0)], [0.676125, -0.019295, 0.736534, 0.0)], [-0.731732, 0.0993181, 0.674318, 0.0)], [-0.0039076, 0.00144256, -0.0064476, 1.0)]])
-0.0039076, 0.00144256, -0.0064476
float3(-0.0994821, -0.826209, -1.59019)
256226.907882541
normal
simd_float4x4([[-0.0846504, -0.994855, 0.0556514, 0.0)], [0.686422, -0.0177393, 0.726987, 0.0)], [-0.72226, 0.0997401, 0.684392, 0.0)], [-0.00461809, 0.00139813, -0.00948012, 1.0)]])
-0.00461809, 0.00139813, -0.00948012
float3(-0.0999062, -0.812312, -1.58863)
256227.024533291
normal
simd_float4x4([[-0.0843176, -0.994638, 0.0598789, 0.0)], [0.701226, -0.0165359, 0.712747, 0.0)], [-0.707935, 0.102086, 0.698861, 0.0)], [-0.00505789, 0.00113744, -0.012525, 1.0)]])
-0.00505789, 0.00113744, -0.012525
float3(-0.102264, -0.791849, -1.58742)
256227.141183916
normal
simd_float4x4([[-0.0826541, -0.994642, 0.0620942, 0.0)], [0.717664, -0.0161745, 0.696202, 0.0)], [-0.691467, 0.102107, 0.715156, 0.0)], [-0.00581589, 0.00187268, -0.0152965, 1.0)]])
-0.00581589, 0.00187268, -0.0152965
float3(-0.102285, -0.768559, -1.58706)
256227.257834708
normal
simd_float4x4([[-0.0825932, -0.994606, 0.0627417, 0.0)], [0.734148, -0.0181477, 0.678747, 0.0)], [-0.673948, 0.102122, 0.731687, 0.0)], [-0.0070634, 0.00166038, -0.0189851, 1.0)]])
-0.0070634, 0.00166038, -0.0189851
float3(-0.1023, -0.744344, -1.58904)
256227.374496583
normal
simd_float4x4([[-0.0829482, -0.994352, 0.0662077, 0.0)], [0.75299, -0.019018, 0.657757, 0.0)], [-0.652783, 0.104413, 0.750315, 0.0)], [-0.00837963, 0.00150758, -0.0255257, 1.0)]])
-0.00837963, 0.00150758, -0.0255257
float3(-0.104604, -0.715998, -1.58992)
256227.47454925
normal
simd_float4x4([[-0.0806495, -0.994436, 0.0677748, 0.0)], [0.770293, -0.0190296, 0.637406, 0.0)], [-0.63257, 0.103613, 0.767542, 0.0)], [-0.0104667, 0.00152909, -0.0311608, 1.0)]])
-0.0104667, 0.00152909, -0.0311608
float3(-0.103799, -0.689294, -1.58993)
256227.574602166
normal
simd_float4x4([[-0.079152, -0.994556, 0.0677792, 0.0)], [0.788784, -0.0209099, 0.614315, 0.0)], [-0.609553, 0.102087, 0.786145, 0.0)], [-0.0113598, 0.00107764, -0.0356398, 1.0)]])
-0.0113598, 0.00107764, -0.0356398
float3(-0.102266, -0.659541, -1.59182)
256227.67465475
normal
simd_float4x4([[-0.0792995, -0.994337, 0.0707474, 0.0)], [0.81124, -0.0231272, 0.584256, 0.0)], [-0.579311, 0.103724, 0.80848, 0.0)], [-0.0119248, 0.000434197, -0.0432949, 1.0)]])
-0.0119248, 0.000434197, -0.0432949
float3(-0.103911, -0.621743, -1.59405)
256227.774707541
normal
simd_float4x4([[-0.0797637, -0.993851, 0.0767937, 0.0)], [0.83659, -0.0248559, 0.547265, 0.0)], [-0.541991, 0.107897, 0.833429, 0.0)], [-0.0132208, -0.000662973, -0.0534166, 1.0)]])
-0.0132208, -0.000662973, -0.0534166
float3(-0.108107, -0.576597, -1.5958)
256227.874760208
normal
simd_float4x4([[-0.0760195, -0.993293, 0.0871177, 0.0)], [0.877935, -0.0252575, 0.478112, 0.0)], [-0.472706, 0.11283, 0.873967, 0.0)], [0.000345233, 0.0127056, -0.0476193, 1.0)]])
0.000345233, 0.0127056, -0.0476193
float3(-0.11307, -0.495809, -1.59622)
256227.974813041
normal
simd_float4x4([[-0.0737545, -0.993151, 0.0906113, 0.0)], [0.900179, -0.0271924, 0.43467, 0.0)], [-0.42923, 0.113625, 0.89602, 0.0)], [-0.00240943, 0.0123907, -0.052156, 1.0)]])
-0.00240943, 0.0123907, -0.052156
float3(-0.113871, -0.44674, -1.59817)
256228.074865666
normal
simd_float4x4([[-0.0709479, -0.992966, 0.094784, 0.0)], [0.91949, -0.0282705, 0.392095, 0.0)], [-0.386657, 0.114971, 0.915029, 0.0)], [-0.00231883, 0.0125194, -0.0531553, 1.0)]])
-0.00231883, 0.0125194, -0.0531553
float3(-0.115226, -0.399805, -1.59926)
256228.174918375
normal
simd_float4x4([[-0.0674533, -0.993039, 0.0965615, 0.0)], [0.935538, -0.0293189, 0.352008, 0.0)], [-0.346726, 0.114081, 0.931003, 0.0)], [-0.00235256, 0.0121485, -0.052462, 1.0)]])
-0.00235256, 0.0121485, -0.052462
float3(-0.11433, -0.356509, -1.60031)
256228.274971208
normal
simd_float4x4([[-0.0635921, -0.993276, 0.0967435, 0.0)], [0.9492, -0.0302636, 0.313215, 0.0)], [-0.308181, 0.111747, 0.944742, 0.0)], [-0.00367675, 0.0108245, -0.0516312, 1.0)]])
-0.00367675, 0.0108245, -0.0516312
float3(-0.111981, -0.315323, -1.60126)
256228.375023791
normal
simd_float4x4([[-0.0604314, -0.993408, 0.0974045, 0.0)], [0.960921, -0.0314884, 0.275027, 0.0)], [-0.270147, 0.110218, 0.95649, 0.0)], [-0.00336625, 0.0092461, -0.0487371, 1.0)]])
-0.00336625, 0.0092461, -0.0487371
float3(-0.110443, -0.275266, -1.60248)
256228.475076625
normal
simd_float4x4([[-0.0570624, -0.993336, 0.100141, 0.0)], [0.971318, -0.0320448, 0.235614, 0.0)], [-0.230834, 0.110714, 0.966674, 0.0)], [-0.00282149, 0.00772049, -0.0473845, 1.0)]])
-0.00282149, 0.00772049, -0.0473845
float3(-0.110941, -0.234403, -1.60304)
256228.575129291
normal
simd_float4x4([[-0.0554655, -0.993221, 0.102156, 0.0)], [0.980398, -0.0348032, 0.193929, 0.0)], [-0.189059, 0.11091, 0.975682, 0.0)], [-0.0018254, 0.00471459, -0.048706, 1.0)]])
-0.0018254, 0.00471459, -0.048706
float3(-0.111138, -0.191399, -1.60582)
256228.675182083
normal
simd_float4x4([[-0.0532315, -0.993077, 0.104713, 0.0)], [0.987554, -0.0368121, 0.152911, 0.0)], [-0.147998, 0.111549, 0.982677, 0.0)], [-0.000572961, 0.00245196, -0.0494515, 1.0)]])
-0.000572961, 0.00245196, -0.0494515
float3(-0.111782, -0.149483, -1.60785)
256228.775234791
normal
simd_float4x4([[-0.0492124, -0.993184, 0.105658, 0.0)], [0.992657, -0.0369317, 0.115192, 0.0)], [-0.110504, 0.110551, 0.987708, 0.0)], [0.00189015, 0.00139543, -0.0461569, 1.0)]])
0.00189015, 0.00139543, -0.0461569
float3(-0.110778, -0.111416, -1.60796)
256228.875287375
normal
simd_float4x4([[-0.0472148, -0.993537, 0.103226, 0.0)], [0.995835, -0.0387497, 0.0825267, 0.0)], [-0.0779933, 0.106692, 0.991228, 0.0)], [0.00678483, -1.46776e-06, -0.0405924, 1.0)]])
0.00678483, -1.46776e-06, -0.0405924
float3(-0.106896, -0.0785217, -1.60978)
256228.97534025
normal
simd_float4x4([[-0.0460062, -0.993392, 0.105143, 0.0)], [0.997735, -0.0405237, 0.0536984, 0.0)], [-0.0490828, 0.107375, 0.993006, 0.0)], [0.0157419, -0.00159542, -0.0306589, 1.0)]])
0.0157419, -0.00159542, -0.0306589
float3(-0.107583, -0.0493883, -1.61157)
256229.075393
normal
simd_float4x4([[-0.0460831, -0.993323, 0.105761, 0.0)], [0.99856, -0.0428961, 0.0322148, 0.0)], [-0.027463, 0.107094, 0.99387, 0.0)], [0.0284311, -0.00169516, -0.0213353, 1.0)]])
0.0284311, -0.00169516, -0.0213353
float3(-0.107299, -0.0276254, -1.61395)
256229.17544575
normal
simd_float4x4([[-0.0473541, -0.993338, 0.105057, 0.0)], [0.998729, -0.04527, 0.0221361, 0.0)], [-0.0172326, 0.105972, 0.99422, 0.0)], [0.0442201, -0.00111218, -0.00840128, 1.0)]])
0.0442201, -0.00111218, -0.00840128
float3(-0.106171, -0.0173311, -1.61634)
256229.275498416
normal
simd_float4x4([[-0.0484749, -0.993083, 0.106939, 0.0)], [0.998734, -0.0467523, 0.0185577, 0.0)], [-0.0134297, 0.107703, 0.994092, 0.0)], [0.0626223, -0.00146449, 0.00427178, 1.0)]])
0.0626223, -0.00146449, 0.00427178
float3(-0.107912, -0.0135087, -1.61784)
256229.375551041
normal
simd_float4x4([[-0.0497684, -0.992639, 0.110408, 0.0)], [0.998603, -0.0474918, 0.0231564, 0.0)], [-0.0177425, 0.111406, 0.993617, 0.0)], [0.0845513, -0.00200731, 0.0191414, 1.0)]])
0.0845513, -0.00200731, 0.0191414
float3(-0.111638, -0.0178546, -1.6186)
256229.475603916
normal
simd_float4x4([[-0.0404433, -0.99258, 0.114668, 0.0)], [0.998933, -0.0376054, 0.0268064, 0.0)], [-0.0222954, 0.11563, 0.993042, 0.0)], [0.0472102, 0.00952518, -0.0174381, 1.0)]])
0.0472102, 0.00952518, -0.0174381
float3(-0.115889, -0.0224478, -1.60866)
256229.5756565
normal
simd_float4x4([[-0.0418537, -0.991662, 0.121877, 0.0)], [0.998817, -0.0385073, 0.0296848, 0.0)], [-0.0247442, 0.122976, 0.992101, 0.0)], [0.0629949, 0.0101459, -0.0132154, 1.0)]])
0.0629949, 0.0101459, -0.0132154
float3(-0.123288, -0.024936, -1.60961)
256229.675709416
normal
simd_float4x4([[-0.0444275, -0.991163, 0.124989, 0.0)], [0.998832, -0.0416904, 0.0244313, 0.0)], [-0.0190045, 0.125928, 0.991857, 0.0)], [0.0761906, 0.00928751, -0.0149423, 1.0)]])
0.0761906, 0.00928751, -0.0149423
float3(-0.126264, -0.0191582, -1.61283)
256229.775762125
normal
simd_float4x4([[-0.0376724, -0.989741, 0.137818, 0.0)], [0.999207, -0.0355292, 0.0179784, 0.0)], [-0.0128974, 0.138386, 0.990294, 0.0)], [0.0871993, 0.00841033, -0.0209228, 1.0)]])
0.0871993, 0.00841033, -0.0209228
float3(-0.138832, -0.013023, -1.60668)
256229.875814875
normal
simd_float4x4([[-0.0347445, -0.987737, 0.152215, 0.0)], [0.998275, -0.0270887, 0.0520852, 0.0)], [-0.0473231, 0.153762, 0.986974, 0.0)], [-0.0418084, -0.0275455, -0.100747, 1.0)]])
-0.0418084, -0.0275455, -0.100747
float3(-0.154374, -0.047911, -1.59821)
256229.975867583
normal
simd_float4x4([[-0.032751, -0.986652, 0.159518, 0.0)], [0.998829, -0.026624, 0.0403972, 0.0)], [-0.0356109, 0.160654, 0.986368, 0.0)], [-0.0228697, -0.0296565, -0.106352, 1.0)]])
-0.0228697, -0.0296565, -0.106352
float3(-0.161353, -0.0360874, -1.59777)
256230.075920208
normal
simd_float4x4([[-0.0218198, -0.985267, 0.169626, 0.0)], [0.999352, -0.0166382, 0.0319092, 0.0)], [-0.0286168, 0.170213, 0.984992, 0.0)], [-0.0129481, -0.0331382, -0.11733, 1.0)]])
-0.0129481, -0.0331382, -0.11733
float3(-0.171045, -0.0290447, -1.58768)
256230.175973
normal
simd_float4x4([[-0.0209574, -0.98443, 0.17452, 0.0)], [0.99969, -0.01829, 0.0168788, 0.0)], [-0.013424, 0.17482, 0.984509, 0.0)], [-0.0074843, -0.0328063, -0.129206, 1.0)]])
-0.0074843, -0.0328063, -0.129206
float3(-0.175723, -0.0136344, -1.58937)
256230.276025583
normal
simd_float4x4([[-0.00890941, -0.984464, 0.175361, 0.0)], [0.999854, -0.00621637, 0.0159005, 0.0)], [-0.0145634, 0.175477, 0.984376, 0.0)], [0.000139244, -0.0314967, -0.150068, 1.0)]])
0.000139244, -0.0314967, -0.150068
float3(-0.17639, -0.0147934, -1.57711)
256230.3760785
normal
simd_float4x4([[0.00232085, -0.983072, 0.183203, 0.0)], [0.99985, 0.00542479, 0.0164433, 0.0)], [-0.0171588, 0.183137, 0.982938, 0.0)], [-0.00201262, -0.0358694, -0.184029, 1.0)]])
-0.00201262, -0.0358694, -0.184029
float3(-0.184176, -0.0174549, -1.56528)
256230.47613125
normal
simd_float4x4([[0.00909808, -0.979976, 0.198909, 0.0)], [0.999759, 0.0128863, 0.0177588, 0.0)], [-0.0199664, 0.198699, 0.979857, 0.0)], [-0.00452434, -0.0473801, -0.235502, 1.0)]])
-0.00452434, -0.0473801, -0.235502
float3(-0.200031, -0.020374, -1.55765)
256230.576183833
normal
simd_float4x4([[0.0240066, -0.977657, 0.208829, 0.0)], [0.999387, 0.0287904, 0.0198982, 0.0)], [-0.0254659, 0.208224, 0.97775, 0.0)], [-0.00962072, -0.0594675, -0.299506, 1.0)]])
-0.00962072, -0.0594675, -0.299506
float3(-0.209759, -0.0260395, -1.54136)
256230.676236625
normal
simd_float4x4([[0.0339088, -0.98017, 0.195237, 0.0)], [0.999097, 0.0382499, 0.0185071, 0.0)], [-0.0256079, 0.194434, 0.980581, 0.0)], [-0.0199342, -0.0657421, -0.370787, 1.0)]])
-0.0199342, -0.0657421, -0.370787
float3(-0.19568, -0.0261091, -1.53179)
256230.776289375
normal
simd_float4x4([[0.0328237, -0.985716, 0.165189, 0.0)], [0.998757, 0.0385515, 0.0315873, 0.0)], [-0.0375044, 0.163947, 0.985756, 0.0)], [-0.0355504, -0.0626211, -0.445534, 1.0)]])
-0.0355504, -0.0626211, -0.445534
float3(-0.16469, -0.038028, -1.53171)
256230.87634225
normal
simd_float4x4([[0.014449, -0.990506, 0.136705, 0.0)], [0.9988, 0.0206963, 0.0443887, 0.0)], [-0.0467965, 0.135899, 0.989617, 0.0)], [-0.0478112, -0.0565397, -0.523849, 1.0)]])
-0.0478112, -0.0565397, -0.523849
float3(-0.136321, -0.0472523, -1.5499)
256230.976394791
normal
simd_float4x4([[0.00660142, -0.992769, 0.119861, 0.0)], [0.99838, 0.0133184, 0.0553251, 0.0)], [-0.0565214, 0.119302, 0.991248, 0.0)], [-0.057299, -0.0518532, -0.598865, 1.0)]])
-0.057299, -0.0518532, -0.598865
float3(-0.119587, -0.0569588, -1.55738)
256231.076447666
normal
simd_float4x4([[0.0249966, -0.988099, 0.151775, 0.0)], [0.99676, 0.0362459, 0.0718096, 0.0)], [-0.0764562, 0.149488, 0.985803, 0.0)], [-0.0652876, -0.0474707, -0.680737, 1.0)]])
-0.0652876, -0.0474707, -0.680737
float3(-0.15005, -0.0774023, -1.53413)
256231.17650025
normal
simd_float4x4([[0.0144437, -0.989723, 0.142265, 0.0)], [0.996033, 0.0267347, 0.0848669, 0.0)], [-0.0877982, 0.140475, 0.986184, 0.0)], [-0.0561409, -0.0509364, -0.754442, 1.0)]])
-0.0561409, -0.0509364, -0.754442
float3(-0.140941, -0.0887941, -1.54379)
256231.276553041
normal
simd_float4x4([[0.0154319, -0.989686, 0.142422, 0.0)], [0.995392, 0.0286882, 0.0914986, 0.0)], [-0.0946407, 0.140354, 0.985568, 0.0)], [-0.0437612, -0.0633112, -0.84329, 1.0)]])
-0.0437612, -0.0633112, -0.84329
float3(-0.140819, -0.095733, -1.54182)
256231.376605916
normal
simd_float4x4([[0.0104434, -0.991911, 0.126502, 0.0)], [0.997753, 0.01871, 0.064337, 0.0)], [-0.0661835, 0.125546, 0.989878, 0.0)], [-0.0253499, -0.0796336, -0.938025, 1.0)]])
-0.0253499, -0.0796336, -0.938025
float3(-0.125878, -0.0667609, -1.55194)
256231.476658416
normal
simd_float4x4([[0.0123474, -0.992765, 0.119439, 0.0)], [0.99902, 0.0173239, 0.0407175, 0.0)], [-0.0424921, 0.118819, 0.992006, 0.0)], [-0.00558983, -0.0846151, -1.02935, 1.0)]])
-0.00558983, -0.0846151, -1.02935
float3(-0.119101, -0.0428083, -1.55335)
256231.576711291
normal
simd_float4x4([[0.016422, -0.990772, 0.134542, 0.0)], [0.9992, 0.0211692, 0.0339295, 0.0)], [-0.0364646, 0.133877, 0.990327, 0.0)], [0.0152952, -0.0755059, -1.11638, 1.0)]])
0.0152952, -0.0755059, -1.11638
float3(-0.13428, -0.0368041, -1.54943)
256231.676763958
normal
simd_float4x4([[0.0189636, -0.990714, 0.134635, 0.0)], [0.999165, 0.023652, 0.0333094, 0.0)], [-0.0361845, 0.13389, 0.990335, 0.0)], [0.0253289, -0.0684143, -1.19251, 1.0)]])
0.0253289, -0.0684143, -1.19251
float3(-0.134294, -0.0365214, -1.54693)
256231.776816791
normal
simd_float4x4([[0.0354842, -0.986429, 0.160311, 0.0)], [0.998781, 0.0405117, 0.0282012, 0.0)], [-0.034313, 0.159115, 0.986664, 0.0)], [0.0314476, -0.0679819, -1.27736, 1.0)]])
0.0314476, -0.0679819, -1.27736
float3(-0.159794, -0.0347627, -1.52975)
256231.8768695
normal
simd_float4x4([[0.0415796, -0.986638, 0.157533, 0.0)], [0.998316, 0.0474091, 0.033428, 0.0)], [-0.0404498, 0.155878, 0.986948, 0.0)], [0.0345362, -0.0764058, -1.35871, 1.0)]])
0.0345362, -0.0764058, -1.35871
float3(-0.156516, -0.0409618, -1.52278)
256231.976922208
normal
simd_float4x4([[0.0383123, -0.990365, 0.133078, 0.0)], [0.998419, 0.04342, 0.0356927, 0.0)], [-0.041127, 0.1315, 0.990463, 0.0)], [0.0300377, -0.083158, -1.44308, 1.0)]])
0.0300377, -0.083158, -1.44308
float3(-0.131882, -0.0414992, -1.52698)
256232.076975
normal
simd_float4x4([[0.0297188, -0.994193, 0.103429, 0.0)], [0.997772, 0.0356903, 0.0563717, 0.0)], [-0.0597357, 0.101523, 0.993038, 0.0)], [0.0182697, -0.0798377, -1.52668, 1.0)]])
0.0182697, -0.0798377, -1.52668
float3(-0.101698, -0.0600821, -1.53491)
256232.17702775
normal
simd_float4x4([[-0.0101464, -0.996699, 0.0805505, 0.0)], [0.997721, -0.0047165, 0.0673164, 0.0)], [-0.0667142, 0.0810499, 0.994475, 0.0)], [0.016172, -0.0740591, -1.60833, 1.0)]])
0.016172, -0.0740591, -1.60833
float3(-0.0811389, -0.0669845, -1.57553)
256232.2770805
normal
simd_float4x4([[-0.00233122, -0.996446, 0.0841994, 0.0)], [0.997784, 0.00328127, 0.0664572, 0.0)], [-0.0664973, 0.0841677, 0.99423, 0.0)], [0.00540841, -0.0630821, -1.68997, 1.0)]])
0.00540841, -0.0630821, -1.68997
float3(-0.0842674, -0.0667838, -1.5675)
256232.377133291
normal
simd_float4x4([[-0.00205626, -0.992259, 0.124167, 0.0)], [0.996312, 0.00861833, 0.085371, 0.0)], [-0.0857802, 0.123885, 0.988582, 0.0)], [0.00622868, -0.0611518, -1.7831, 1.0)]])
0.00622868, -0.0611518, -1.7831
float3(-0.124204, -0.0865542, -1.56211)
256232.477185916
normal
simd_float4x4([[-0.0141986, -0.993315, 0.114562, 0.0)], [0.997079, -0.00546554, 0.0761867, 0.0)], [-0.0750512, 0.115309, 0.99049, 0.0)], [0.0151635, -0.0712238, -1.86608, 1.0)]])
0.0151635, -0.0712238, -1.86608
float3(-0.115566, -0.0756272, -1.5763)
256232.577238791
normal
simd_float4x4([[-0.0103612, -0.994383, 0.10533, 0.0)], [0.998646, -0.00492084, 0.0517801, 0.0)], [-0.0509709, 0.105724, 0.993088, 0.0)], [0.0232035, -0.0860577, -1.95586, 1.0)]])
0.0232035, -0.0860577, -1.95586
float3(-0.105922, -0.0512807, -1.57574)
256232.677291375
normal
simd_float4x4([[0.0105408, -0.995124, 0.0980664, 0.0)], [0.999665, 0.0128052, 0.0224899, 0.0)], [-0.023636, 0.0977965, 0.994926, 0.0)], [0.0368605, -0.0922341, -2.03867, 1.0)]])
0.0368605, -0.0922341, -2.03867
float3(-0.0979531, -0.023752, -1.55793)
256232.777344375
normal
simd_float4x4([[0.0170439, -0.996873, 0.0771579, 0.0)], [0.999827, 0.0175639, 0.00606519, 0.0)], [-0.00740141, 0.0770412, 0.997001, 0.0)], [0.055803, -0.0827983, -2.11287, 1.0)]])
0.055803, -0.0827983, -2.11287
float3(-0.0771176, -0.00742354, -1.55318)
256232.877397
normal
simd_float4x4([[0.0166609, -0.994858, 0.0998994, 0.0)], [0.999755, 0.018035, 0.0128684, 0.0)], [-0.0146039, 0.0996605, 0.994914, 0.0)], [0.068034, -0.0742143, -2.19352, 1.0)]])
0.068034, -0.0742143, -2.19352
float3(-0.0998262, -0.0146775, -1.55267)
256232.97744975
normal
simd_float4x4([[0.0149371, -0.994636, 0.102352, 0.0)], [0.99981, 0.016137, 0.0109047, 0.0)], [-0.0124978, 0.102169, 0.994688, 0.0)], [0.0788849, -0.0688563, -2.2742, 1.0)]])
0.0788849, -0.0688563, -2.2742
float3(-0.102348, -0.0125639, -1.55457)
256233.0775025
normal
simd_float4x4([[0.0303627, -0.994786, 0.0973609, 0.0)], [0.999255, 0.0325305, 0.0207556, 0.0)], [-0.0238146, 0.0966582, 0.995033, 0.0)], [0.0789381, -0.0741577, -2.35563, 1.0)]])
0.0789381, -0.0741577, -2.35563
float3(-0.0968094, -0.0239289, -1.53811)
256233.177555166
normal
simd_float4x4([[0.0352493, -0.995337, 0.0897923, 0.0)], [0.998904, 0.0378583, 0.0275195, 0.0)], [-0.0307905, 0.0887239, 0.99558, 0.0)], [0.0773127, -0.0857857, -2.4479, 1.0)]])
0.0773127, -0.0857857, -2.4479
float3(-0.0888407, -0.0309174, -1.53278)
256233.277608083
normal
simd_float4x4([[0.0318409, -0.996191, 0.0811783, 0.0)], [0.998829, 0.0346754, 0.0337491, 0.0)], [-0.0364354, 0.0800087, 0.996128, 0.0)], [0.0661264, -0.0908787, -2.54324, 1.0)]])
0.0661264, -0.0908787, -2.54324
float3(-0.0800943, -0.0365607, -1.536)
256233.37766075
normal
simd_float4x4([[-0.00445562, -0.997376, 0.0722616, 0.0)], [0.998566, -0.000582697, 0.0535286, 0.0)], [-0.053346, 0.0723965, 0.995948, 0.0)], [0.0664047, -0.0883021, -2.64594, 1.0)]])
0.0664047, -0.0883021, -2.64594
float3(-0.0724599, -0.0535119, -1.57138)
256233.4777135
normal
simd_float4x4([[-0.0104406, -0.997138, 0.0748757, 0.0)], [0.998433, -0.00627857, 0.0556079, 0.0)], [-0.0549786, 0.0753389, 0.995641, 0.0)], [0.0619769, -0.0828332, -2.73493, 1.0)]])
0.0619769, -0.0828332, -2.73493
float3(-0.0754104, -0.0551633, -1.57709)
256233.577766291
normal
simd_float4x4([[-0.00953806, -0.989384, 0.14501, 0.0)], [0.996716, 0.00225443, 0.0809411, 0.0)], [-0.0804088, 0.145305, 0.986114, 0.0)], [0.0644083, -0.0808872, -2.84245, 1.0)]])
0.0644083, -0.0808872, -2.84245
float3(-0.145822, -0.0813611, -1.56852)
256233.677819
normal
simd_float4x4([[-0.0409616, -0.991836, 0.120761, 0.0)], [0.997043, -0.0327101, 0.0695377, 0.0)], [-0.06502, 0.123252, 0.990243, 0.0)], [0.0780219, -0.090951, -2.9315, 1.0)]])
0.0780219, -0.090951, -2.9315
float3(-0.123566, -0.0655665, -1.60376)
256233.777871791
normal
simd_float4x4([[-0.026002, -0.992766, 0.117219, 0.0)], [0.998404, -0.0199093, 0.0528517, 0.0)], [-0.0501356, 0.118406, 0.991699, 0.0)], [0.0811365, -0.102568, -3.02363, 1.0)]])
0.0811365, -0.102568, -3.02363
float3(-0.118685, -0.0505123, -1.59085)
256233.8779245
normal
simd_float4x4([[-0.00499319, -0.992515, 0.122019, 0.0)], [0.99928, -0.000362986, 0.0379395, 0.0)], [-0.0376112, 0.12212, 0.991802, 0.0)], [0.0922801, -0.108738, -3.11609, 1.0)]])
0.0922801, -0.108738, -3.11609
float3(-0.122426, -0.0379039, -1.57116)
256233.977977458
normal
simd_float4x4([[-0.00638968, -0.991289, 0.131546, 0.0)], [0.99967, -0.00305726, 0.0255191, 0.0)], [-0.0248947, 0.131666, 0.990982, 0.0)], [0.109502, -0.0957056, -3.20476, 1.0)]])
0.109502, -0.0957056, -3.20476
float3(-0.132049, -0.0251159, -1.57388)
256234.078029958
normal
simd_float4x4([[-0.010981, -0.989559, 0.143711, 0.0)], [0.999924, -0.0100607, 0.00712902, 0.0)], [-0.00560874, 0.143778, 0.989594, 0.0)], [0.120609, -0.0855183, -3.29041, 1.0)]])
0.120609, -0.0855183, -3.29041
float3(-0.144278, -0.00566766, -1.58096)
256234.178082791
normal
simd_float4x4([[0.0075009, -0.987306, 0.158653, 0.0)], [0.999972, 0.00732512, -0.00169274, 0.0)], [0.000509105, 0.158661, 0.987333, 0.0)], [0.122416, -0.0827065, -3.37043, 1.0)]])
0.122416, -0.0827065, -3.37043
float3(-0.159334, 0.000515637, -1.56338)
256234.278135583
normal
simd_float4x4([[0.0293205, -0.986618, 0.160391, 0.0)], [0.99955, 0.029954, 0.00153244, 0.0)], [-0.00631627, 0.160274, 0.987052, 0.0)], [0.119847, -0.0872224, -3.45213, 1.0)]])
0.119847, -0.0872224, -3.45213
float3(-0.160968, -0.00639904, -1.54045)
256234.378188291
normal
simd_float4x4([[0.0314765, -0.989951, 0.137866, 0.0)], [0.999503, 0.0313764, -0.00289985, 0.0)], [-0.00145503, 0.137889, 0.990447, 0.0)], [0.112132, -0.0994554, -3.53622, 1.0)]])
0.112132, -0.0994554, -3.53622
float3(-0.13833, -0.00146907, -1.53911)
256234.478241083
normal
simd_float4x4([[0.0372173, -0.99081, 0.13004, 0.0)], [0.999081, 0.0396632, 0.0162688, 0.0)], [-0.0212771, 0.129315, 0.991375, 0.0)], [0.0986515, -0.103703, -3.62614, 1.0)]])
0.0986515, -0.103703, -3.62614
float3(-0.129678, -0.0214589, -1.53079)
256234.578293833
normal
simd_float4x4([[0.0030758, -0.991893, 0.127038, 0.0)], [0.999344, 0.00763435, 0.0354122, 0.0)], [-0.0360949, 0.126845, 0.991266, 0.0)], [0.102483, -0.0988168, -3.71758, 1.0)]])
0.102483, -0.0988168, -3.71758
float3(-0.127188, -0.0363969, -1.5631)
256234.678346708
normal
simd_float4x4([[-0.000783754, -0.993361, 0.115032, 0.0)], [0.999032, 0.00428121, 0.0437773, 0.0)], [-0.0439791, 0.114955, 0.992397, 0.0)], [0.0981254, -0.0919072, -3.80851, 1.0)]])
0.0981254, -0.0919072, -3.80851
float3(-0.11521, -0.0442871, -1.56649)
256234.778399458
normal
simd_float4x4([[0.0060231, -0.987628, 0.156697, 0.0)], [0.998082, 0.0155922, 0.0599101, 0.0)], [-0.0616121, 0.156036, 0.985828, 0.0)], [0.100483, -0.0915422, -3.90092, 1.0)]])
0.100483, -0.0915422, -3.90092
float3(-0.156676, -0.0624167, -1.55501)
256234.878452
normal
simd_float4x4([[-0.00269978, -0.989247, 0.14623, 0.0)], [0.99835, 0.00572203, 0.0571417, 0.0)], [-0.057364, 0.146143, 0.987599, 0.0)], [0.10824, -0.0996793, -3.98069, 1.0)]])
0.10824, -0.0996793, -3.98069
float3(-0.146668, -0.0580191, -1.56501)
256234.978504916
normal
simd_float4x4([[0.00752226, -0.991712, 0.128263, 0.0)], [0.999376, 0.0118815, 0.0332557, 0.0)], [-0.034504, 0.127933, 0.991183, 0.0)], [0.11816, -0.107851, -4.06437, 1.0)]])
0.11816, -0.107851, -4.06437
float3(-0.128284, -0.0347969, -1.55882)
256235.078557625
normal
simd_float4x4([[0.0200502, -0.992423, 0.121225, 0.0)], [0.999616, 0.0222168, 0.0165473, 0.0)], [-0.0191151, 0.120846, 0.992487, 0.0)], [0.130781, -0.104975, -4.14065, 1.0)]])
0.130781, -0.104975, -4.14065
float3(-0.121143, -0.0192574, -1.54841)
256235.1786105
normal
simd_float4x4([[0.0182005, -0.992475, 0.121084, 0.0)], [0.999787, 0.0192416, 0.00743459, 0.0)], [-0.00970849, 0.120923, 0.992615, 0.0)], [0.151348, -0.0834702, -4.21599, 1.0)]])
0.151348, -0.0834702, -4.21599
float3(-0.121219, -0.00978041, -1.55141)
256235.278663125
normal
simd_float4x4([[0.0058643, -0.992023, 0.12592, 0.0)], [0.99985, 0.00786776, 0.0154192, 0.0)], [-0.0162869, 0.125811, 0.991921, 0.0)], [0.162257, -0.077587, -4.28232, 1.0)]])
0.162257, -0.077587, -4.28232
float3(-0.126145, -0.0164181, -1.56287)
256235.378715875
normal
simd_float4x4([[0.0290423, -0.991603, 0.126013, 0.0)], [0.999421, 0.0310419, 0.0139325, 0.0)], [-0.0177272, 0.125536, 0.991931, 0.0)], [0.163148, -0.0760219, -4.3584, 1.0)]])
0.163148, -0.0760219, -4.3584
float3(-0.125868, -0.0178695, -1.5395)
256235.478768666
normal
simd_float4x4([[0.0389563, -0.992953, 0.111923, 0.0)], [0.998941, 0.0414436, 0.0199825, 0.0)], [-0.0244801, 0.111026, 0.993516, 0.0)], [0.162354, -0.0824545, -4.44236, 1.0)]])
0.162354, -0.0824545, -4.44236
float3(-0.111255, -0.0246349, -1.52908)
256235.578821416
normal
simd_float4x4([[0.0441347, -0.994052, 0.0995666, 0.0)], [0.998528, 0.0470376, 0.026997, 0.0)], [-0.0315198, 0.0982285, 0.994665, 0.0)], [0.159004, -0.0869995, -4.53297, 1.0)]])
0.159004, -0.0869995, -4.53297
float3(-0.0983872, -0.0316783, -1.52351)
256235.67887425
normal
simd_float4x4([[0.0265737, -0.995705, 0.0886896, 0.0)], [0.997946, 0.0315966, 0.0557203, 0.0)], [-0.0582832, 0.0870267, 0.9945, 0.0)], [0.159583, -0.0840238, -4.62541, 1.0)]])
0.159583, -0.0840238, -4.62541
float3(-0.087137, -0.0585386, -1.53907)
256235.778927
normal
simd_float4x4([[0.0109427, -0.99808, 0.0609698, 0.0)], [0.996677, 0.0158087, 0.0799089, 0.0)], [-0.0807193, 0.0598928, 0.994936, 0.0)], [0.163306, -0.0734387, -4.71207, 1.0)]])
0.163306, -0.0734387, -4.71207
float3(-0.0599286, -0.0809529, -1.55496)
256235.878979708
normal
simd_float4x4([[0.0134272, -0.995699, 0.0916707, 0.0)], [0.997356, 0.0198846, 0.0698959, 0.0)], [-0.0714181, 0.0904898, 0.993333, 0.0)], [0.169387, -0.0685091, -4.80555, 1.0)]])
0.169387, -0.0685091, -4.80555
float3(-0.0906138, -0.071774, -1.55083)
256235.979032416
normal
simd_float4x4([[-0.0080216, -0.994968, 0.0998718, 0.0)], [0.997845, -0.00146045, 0.0655963, 0.0)], [-0.0651204, 0.100183, 0.992836, 0.0)], [0.17964, -0.0756737, -4.90947, 1.0)]])
0.17964, -0.0756737, -4.90947
float3(-0.100351, -0.0654965, -1.57226)
256236.079085291
normal
simd_float4x4([[-0.000767899, -0.994395, 0.105722, 0.0)], [0.998685, 0.00465618, 0.0510488, 0.0)], [-0.051255, 0.105622, 0.993085, 0.0)], [0.187892, -0.0884923, -5.02016, 1.0)]])
0.187892, -0.0884923, -5.02016
float3(-0.105819, -0.0515661, -1.56611)
256236.179138041
normal
simd_float4x4([[0.0101631, -0.993867, 0.110113, 0.0)], [0.999529, 0.0132849, 0.0276547, 0.0)], [-0.0289479, 0.10978, 0.993534, 0.0)], [0.199953, -0.0931378, -5.11298, 1.0)]])
0.199953, -0.0931378, -5.11298
float3(-0.110001, -0.0291281, -1.55743)
256236.279190791
normal
simd_float4x4([[0.0113484, -0.98993, 0.141101, 0.0)], [0.999891, 0.012568, 0.00775531, 0.0)], [-0.00945057, 0.140997, 0.989965, 0.0)], [0.220804, -0.0792624, -5.21084, 1.0)]])
0.220804, -0.0792624, -5.21084
float3(-0.141469, -0.00954607, -1.5581)
256236.379243625
normal
simd_float4x4([[0.0304217, -0.991389, 0.127369, 0.0)], [0.999534, 0.0298328, -0.00652943, 0.0)], [0.00267345, 0.127508, 0.991834, 0.0)], [0.223503, -0.0621676, -5.28642, 1.0)]])
0.223503, -0.0621676, -5.28642
float3(-0.127856, 0.00269545, -1.54071)
256236.479296291
normal
simd_float4x4([[0.0404278, -0.99091, 0.12831, 0.0)], [0.99909, 0.0383437, -0.0186724, 0.0)], [0.0135828, 0.128948, 0.991558, 0.0)], [0.227773, -0.0624294, -5.36755, 1.0)]])
0.227773, -0.0624294, -5.36755
float3(-0.129308, 0.0136976, -1.53212)
256236.579349125
normal
simd_float4x4([[0.0579518, -0.990901, 0.121475, 0.0)], [0.998237, 0.0559517, -0.0198148, 0.0)], [0.0128377, 0.12241, 0.992397, 0.0)], [0.227131, -0.0712866, -5.45154, 1.0)]])
0.227131, -0.0712866, -5.45154
float3(-0.122717, 0.0129354, -1.51439)
256236.679401875
normal
simd_float4x4([[0.0615413, -0.992629, 0.104403, 0.0)], [0.998024, 0.0598727, -0.0190448, 0.0)], [0.0126536, 0.105369, 0.994353, 0.0)], [0.22478, -0.0857633, -5.53959, 1.0)]])
0.22478, -0.0857633, -5.53959
float3(-0.105565, 0.0127247, -1.51055)
256236.779454458
normal
simd_float4x4([[0.0424888, -0.995316, 0.0868321, 0.0)], [0.999053, 0.0431426, 0.00566508, 0.0)], [-0.0093847, 0.0865092, 0.996207, 0.0)], [0.224429, -0.0880544, -5.63546, 1.0)]])
0.224429, -0.0880544, -5.63546
float3(-0.0866174, -0.00942016, -1.52748)
256236.879507375
normal
simd_float4x4([[0.00603502, -0.99664, 0.0816854, 0.0)], [0.99954, 0.00844049, 0.0291348, 0.0)], [-0.0297264, 0.081472, 0.996232, 0.0)], [0.228183, -0.0844755, -5.73099, 1.0)]])
0.228183, -0.0844755, -5.73099
float3(-0.0815624, -0.0298299, -1.56233)
256236.979560208
normal
simd_float4x4([[-0.00122489, -0.996773, 0.0802573, 0.0)], [0.999952, -0.000445044, 0.00973403, 0.0)], [-0.0096669, 0.0802654, 0.996727, 0.0)], [0.22567, -0.0776943, -5.82463, 1.0)]])
0.22567, -0.0776943, -5.82463
float3(-0.0803519, -0.00969835, -1.57124)
256237.079612875
normal
simd_float4x4([[-0.00595014, -0.991713, 0.128333, 0.0)], [0.99896, -9.43718e-05, 0.0455873, 0.0)], [-0.0451975, 0.128471, 0.990683, 0.0)], [0.228887, -0.0800161, -5.92691, 1.0)]])
0.228887, -0.0800161, -5.92691
float3(-0.128827, -0.0455909, -1.57089)
256237.179665708
normal
simd_float4x4([[-0.018756, -0.991837, 0.126124, 0.0)], [0.998655, -0.0124849, 0.0503298, 0.0)], [-0.0483443, 0.126898, 0.990737, 0.0)], [0.242523, -0.0920204, -6.02638, 1.0)]])
0.242523, -0.0920204, -6.02638
float3(-0.127241, -0.0487576, -1.58338)
256237.2797185
normal
simd_float4x4([[-0.00173675, -0.994558, 0.104172, 0.0)], [0.998897, 0.00316169, 0.0468393, 0.0)], [-0.0469137, 0.104138, 0.993456, 0.0)], [0.250449, -0.098228, -6.12333, 1.0)]])
0.250449, -0.098228, -6.12333
float3(-0.104327, -0.0471877, -1.56762)
256237.379771208
normal
simd_float4x4([[-0.00430334, -0.994933, 0.100443, 0.0)], [0.999436, -0.000933534, 0.0335724, 0.0)], [-0.0333086, 0.100531, 0.994376, 0.0)], [0.263654, -0.0983486, -6.21447, 1.0)]])
0.263654, -0.0983486, -6.21447
float3(-0.100701, -0.0334844, -1.57173)
256237.479823875
normal
simd_float4x4([[0.00466736, -0.995928, 0.0900262, 0.0)], [0.999605, 0.00714014, 0.0271649, 0.0)], [-0.0276971, 0.0898639, 0.995569, 0.0)], [0.274576, -0.0795786, -6.29796, 1.0)]])
0.274576, -0.0795786, -6.29796
float3(-0.0899853, -0.0278132, -1.56363)
256237.579876833
normal
simd_float4x4([[0.00409927, -0.991564, 0.129556, 0.0)], [0.999348, 0.00870862, 0.0350315, 0.0)], [-0.0358642, 0.129328, 0.990953, 0.0)], [0.276719, -0.0779552, -6.37921, 1.0)]])
0.276719, -0.0779552, -6.37921
float3(-0.129692, -0.0361758, -1.56201)
256237.679929458
normal
simd_float4x4([[0.0357689, -0.990622, 0.131866, 0.0)], [0.998694, 0.040248, 0.0314596, 0.0)], [-0.0364719, 0.130569, 0.990768, 0.0)], [0.274331, -0.0770914, -6.45681, 1.0)]])
0.274331, -0.0770914, -6.45681
float3(-0.130943, -0.0367951, -1.53019)
256237.779982291
normal
simd_float4x4([[0.0400628, -0.991252, 0.125758, 0.0)], [0.998483, 0.0444734, 0.032462, 0.0)], [-0.0377708, 0.124266, 0.99153, 0.0)], [0.27506, -0.0914746, -6.53893, 1.0)]])
0.27506, -0.0914746, -6.53893
float3(-0.124588, -0.0380751, -1.52596)
256237.880035125
normal
simd_float4x4([[0.0267342, -0.990883, 0.132048, 0.0)], [0.999198, 0.0304277, 0.0260326, 0.0)], [-0.0298131, 0.131246, 0.990901, 0.0)], [0.276689, -0.0996942, -6.63665, 1.0)]])
0.276689, -0.0996942, -6.63665
float3(-0.131626, -0.0300778, -1.5401)
256237.980087791
normal
simd_float4x4([[0.0151566, -0.992252, 0.123316, 0.0)], [0.998031, 0.0225196, 0.0585362, 0.0)], [-0.0608596, 0.122186, 0.99064, 0.0)], [0.270455, -0.0949711, -6.72423, 1.0)]])
0.270455, -0.0949711, -6.72423
float3(-0.122492, -0.0613576, -1.5481)
256238.080140625
normal
simd_float4x4([[0.00113966, -0.993063, 0.117578, 0.0)], [0.996488, 0.010972, 0.0830107, 0.0)], [-0.0837249, 0.11707, 0.989588, 0.0)], [0.273907, -0.0875188, -6.82098, 1.0)]])
0.273907, -0.0875188, -6.82098
float3(-0.117339, -0.0844048, -1.55975)
256238.180193333
normal
simd_float4x4([[0.0138872, -0.989484, 0.143971, 0.0)], [0.995789, 0.0267352, 0.0876941, 0.0)], [-0.090621, 0.142147, 0.985689, 0.0)], [0.274235, -0.0828039, -6.91527, 1.0)]])
0.274235, -0.0828039, -6.91527
float3(-0.14263, -0.091679, -1.54378)
256238.280246291
normal
simd_float4x4([[0.00632983, -0.987328, 0.158567, 0.0)], [0.995182, 0.0217348, 0.0956066, 0.0)], [-0.0978415, 0.157198, 0.982708, 0.0)], [0.280193, -0.0869566, -7.01108, 1.0)]])
0.280193, -0.0869566, -7.01108
float3(-0.157852, -0.0992361, -1.54879)
256238.380298916
normal
simd_float4x4([[0.0123522, -0.986565, 0.162904, 0.0)], [0.996208, 0.0261734, 0.0829718, 0.0)], [-0.0861208, 0.161261, 0.983147, 0.0)], [0.291061, -0.0985526, -7.10963, 1.0)]])
0.291061, -0.0985526, -7.10963
float3(-0.161968, -0.0873741, -1.54427)
256238.480351791
normal
simd_float4x4([[0.0311785, -0.988234, 0.14974, 0.0)], [0.997785, 0.0395802, 0.0534596, 0.0)], [-0.0587574, 0.147742, 0.987279, 0.0)], [0.301261, -0.100198, -7.19297, 1.0)]])
0.301261, -0.100198, -7.19297
float3(-0.148284, -0.0594443, -1.53077)
256238.580404583
normal
simd_float4x4([[0.0278194, -0.986308, 0.162548, 0.0)], [0.998961, 0.0333039, 0.0311133, 0.0)], [-0.0361008, 0.161514, 0.98621, 0.0)], [0.32388, -0.0922483, -7.27617, 1.0)]])
0.32388, -0.0922483, -7.27617
float3(-0.162224, -0.0365893, -1.53704)
256238.680457208
normal
simd_float4x4([[0.0298793, -0.988012, 0.151457, 0.0)], [0.998909, 0.0349569, 0.0309738, 0.0)], [-0.035897, 0.150366, 0.987978, 0.0)], [0.335843, -0.0780552, -7.35469, 1.0)]])
0.335843, -0.0780552, -7.35469
float3(-0.150939, -0.0363178, -1.53543)
256238.780510041
normal
simd_float4x4([[0.0364719, -0.989769, 0.137937, 0.0)], [0.998853, 0.0403894, 0.0257083, 0.0)], [-0.0310164, 0.136841, 0.990107, 0.0)], [0.341129, -0.0755936, -7.42807, 1.0)]])
0.341129, -0.0755936, -7.42807
float3(-0.137272, -0.0313161, -1.53001)
256238.880562875
normal
simd_float4x4([[0.0518449, -0.991502, 0.119317, 0.0)], [0.998118, 0.0553658, 0.0263832, 0.0)], [-0.0327651, 0.117725, 0.992506, 0.0)], [0.338948, -0.0813776, -7.50878, 1.0)]])
0.338948, -0.0813776, -7.50878
float3(-0.117998, -0.0330005, -1.51501)
256238.980615625
normal
simd_float4x4([[0.0581137, -0.994253, 0.0899088, 0.0)], [0.997684, 0.061029, 0.0300213, 0.0)], [-0.0353358, 0.087956, 0.995497, 0.0)], [0.334615, -0.0912677, -7.59963, 1.0)]])
0.334615, -0.0912677, -7.59963
float3(-0.0880698, -0.0354807, -1.50949)
256239.080668375
normal
simd_float4x4([[0.0504681, -0.995434, 0.0810205, 0.0)], [0.996041, 0.056111, 0.068951, 0.0)], [-0.0731823, 0.0772199, 0.994325, 0.0)], [0.330385, -0.0925382, -7.70042, 1.0)]])
0.330385, -0.0925382, -7.70042
float3(-0.0772968, -0.0734675, -1.51449)
256239.180721166
normal
simd_float4x4([[0.0109039, -0.995594, 0.0931314, 0.0)], [0.995298, 0.0197707, 0.094822, 0.0)], [-0.0962455, 0.0916595, 0.991128, 0.0)], [0.331941, -0.0932984, -7.8055, 1.0)]])
0.331941, -0.0932984, -7.8055
float3(-0.0917884, -0.0968034, -1.55094)
256239.280773875
normal
simd_float4x4([[0.00368387, -0.991975, 0.126384, 0.0)], [0.995613, 0.0154545, 0.0922803, 0.0)], [-0.0934929, 0.12549, 0.98768, 0.0)], [0.333177, -0.0896103, -7.90067, 1.0)]])
0.333177, -0.0896103, -7.90067
float3(-0.125821, -0.0943779, -1.55522)
256239.380826625
normal
simd_float4x4([[-0.020138, -0.990543, 0.135718, 0.0)], [0.994053, -0.00530602, 0.108772, 0.0)], [-0.107023, 0.137102, 0.984758, 0.0)], [0.333698, -0.0936304, -7.9936, 1.0)]])
0.333698, -0.0936304, -7.9936
float3(-0.137535, -0.108255, -1.57615)
256239.480879583
normal
simd_float4x4([[-0.0296784, -0.991177, 0.12918, 0.0)], [0.993188, -0.0146734, 0.115593, 0.0)], [-0.112677, 0.131731, 0.984861, 0.0)], [0.338912, -0.107314, -8.08498, 1.0)]])
0.338912, -0.107314, -8.08498
float3(-0.132115, -0.113914, -1.5856)
256239.580932125
normal
simd_float4x4([[-0.0150666, -0.993519, 0.112664, 0.0)], [0.993868, -0.00253672, 0.11054, 0.0)], [-0.109538, 0.113639, 0.987465, 0.0)], [0.343709, -0.116601, -8.18464, 1.0)]])
0.343709, -0.116601, -8.18464
float3(-0.113885, -0.110477, -1.57335)
256239.680985
normal
simd_float4x4([[-0.0236293, -0.996333, 0.0822299, 0.0)], [0.996018, -0.0163896, 0.0876291, 0.0)], [-0.08596, 0.0839731, 0.992754, 0.0)], [0.352767, -0.111472, -8.27423, 1.0)]])
0.352767, -0.111472, -8.27423
float3(-0.0840721, -0.086372, -1.58724)
256239.781037833
normal
simd_float4x4([[-0.014566, -0.995477, 0.0938761, 0.0)], [0.997641, -0.0081697, 0.068163, 0.0)], [-0.0670878, 0.0946474, 0.993248, 0.0)], [0.35832, -0.0997027, -8.36643, 1.0)]])
0.35832, -0.0997027, -8.36643
float3(-0.0947893, -0.0674414, -1.579)
256239.8810905
normal
simd_float4x4([[-0.0188273, -0.990734, 0.134504, 0.0)], [0.997027, -0.00855061, 0.0765774, 0.0)], [-0.0747177, 0.135546, 0.98795, 0.0)], [0.363646, -0.0979137, -8.45948, 1.0)]])
0.363646, -0.0979137, -8.45948
float3(-0.135965, -0.0754853, -1.57943)
256239.981143375
normal
simd_float4x4([[0.00734291, -0.991479, 0.130059, 0.0)], [0.997132, 0.017057, 0.0737341, 0.0)], [-0.0753242, 0.129145, 0.988761, 0.0)], [0.362961, -0.106359, -8.53739, 1.0)]])
0.362961, -0.106359, -8.53739
float3(-0.129506, -0.0760335, -1.55359)
256240.081196041
normal
simd_float4x4([[0.0180918, -0.991492, 0.128906, 0.0)], [0.996995, 0.0276034, 0.0723871, 0.0)], [-0.0753294, 0.127209, 0.989011, 0.0)], [0.361215, -0.119769, -8.63501, 1.0)]])
0.361215, -0.119769, -8.63501
float3(-0.127555, -0.0760196, -1.54296)
256240.181248875
normal
simd_float4x4([[0.0121032, -0.994341, 0.105543, 0.0)], [0.996287, 0.02099, 0.083501, 0.0)], [-0.0852438, 0.10414, 0.990903, 0.0)], [0.358335, -0.122016, -8.72575, 1.0)]])
0.358335, -0.122016, -8.72575
float3(-0.104329, -0.0858152, -1.54969)
256240.28130175
normal
simd_float4x4([[-0.0116805, -0.995024, 0.098946, 0.0)], [0.993987, -0.000779966, 0.109496, 0.0)], [-0.108874, 0.09963, 0.98905, 0.0)], [0.357289, -0.116542, -8.81464, 1.0)]])
0.357289, -0.116542, -8.81464
float3(-0.0997956, -0.109638, -1.57158)
256240.3813545
normal
simd_float4x4([[-0.0160295, -0.996263, 0.0848717, 0.0)], [0.994287, -0.0069237, 0.106515, 0.0)], [-0.105529, 0.0860942, 0.990682, 0.0)], [0.361866, -0.10534, -8.90216, 1.0)]])
0.361866, -0.10534, -8.90216
float3(-0.0862009, -0.106121, -1.57775)
256240.481407291
normal
simd_float4x4([[-0.00980866, -0.989784, 0.14224, 0.0)], [0.99009, 0.0103154, 0.140055, 0.0)], [-0.140091, 0.142204, 0.979874, 0.0)], [0.36892, -0.10529, -9.00156, 1.0)]])
0.36892, -0.10529, -9.00156
float3(-0.142688, -0.142007, -1.56037)
256240.581460041
normal
simd_float4x4([[-0.0285085, -0.989603, 0.140972, 0.0)], [0.989585, -0.00803358, 0.143728, 0.0)], [-0.141101, 0.143601, 0.979525, 0.0)], [0.381246, -0.116282, -9.08705, 1.0)]])
0.381246, -0.116282, -9.08705
float3(-0.144099, -0.143066, -1.57891)
256240.681512791
normal
simd_float4x4([[-0.0142769, -0.993058, 0.116753, 0.0)], [0.991498, 0.00104303, 0.130115, 0.0)], [-0.129333, 0.117618, 0.984601, 0.0)], [0.391527, -0.130973, -9.17984, 1.0)]])
0.391527, -0.130973, -9.17984
float3(-0.117891, -0.130608, -1.56975)
256240.781565458
normal
simd_float4x4([[0.0022042, -0.989767, 0.142674, 0.0)], [0.994287, 0.0173942, 0.105308, 0.0)], [-0.106712, 0.141626, 0.984152, 0.0)], [0.404079, -0.132067, -9.28274, 1.0)]])
0.404079, -0.132067, -9.28274
float3(-0.142104, -0.108008, -1.55322)
256240.8816185
normal
simd_float4x4([[-0.00442872, -0.992678, 0.120709, 0.0)], [0.996414, 0.00581869, 0.0844089, 0.0)], [-0.0844933, 0.12065, 0.989093, 0.0)], [0.419588, -0.110923, -9.37033, 1.0)]])
0.419588, -0.110923, -9.37033
float3(-0.120945, -0.0852181, -1.56493)
256240.981671125
normal
simd_float4x4([[0.0043506, -0.989942, 0.141409, 0.0)], [0.996179, 0.0166253, 0.0857377, 0.0)], [-0.0872263, 0.140496, 0.986232, 0.0)], [0.420516, -0.103879, -9.45901, 1.0)]])
0.420516, -0.103879, -9.45901
float3(-0.140962, -0.0882145, -1.554)
256241.081723791
normal
simd_float4x4([[0.0244102, -0.990876, 0.132549, 0.0)], [0.996682, 0.0344202, 0.0737608, 0.0)], [-0.0776501, 0.130308, 0.988428, 0.0)], [0.42419, -0.109244, -9.55043, 1.0)]])
0.42419, -0.109244, -9.55043
float3(-0.13068, -0.0783982, -1.53607)
256241.181776666
normal
simd_float4x4([[0.0331925, -0.992647, 0.11641, 0.0)], [0.996311, 0.0420854, 0.0747864, 0.0)], [-0.0791356, 0.113498, 0.990382, 0.0)], [0.425748, -0.121366, -9.64489, 1.0)]])
0.425748, -0.121366, -9.64489
float3(-0.113743, -0.0797348, -1.52842)
256241.281829291
normal
simd_float4x4([[0.0293923, -0.993795, 0.107274, 0.0)], [0.995299, 0.0390059, 0.0886484, 0.0)], [-0.0922826, 0.104165, 0.990269, 0.0)], [0.426309, -0.128595, -9.74422, 1.0)]])
0.426309, -0.128595, -9.74422
float3(-0.104354, -0.092921, -1.53157)
256241.38188225
normal
simd_float4x4([[0.00616787, -0.989041, 0.147514, 0.0)], [0.995195, 0.0204873, 0.0957502, 0.0)], [-0.097723, 0.146215, 0.984414, 0.0)], [0.427771, -0.123581, -9.84925, 1.0)]])
0.427771, -0.123581, -9.84925
float3(-0.146741, -0.0989461, -1.55008)
256241.481934958
normal
simd_float4x4([[-0.0016364, -0.987858, 0.155354, 0.0)], [0.99536, 0.0133378, 0.0952961, 0.0)], [-0.0962111, 0.154789, 0.983252, 0.0)], [0.433584, -0.114475, -9.94337, 1.0)]])
0.433584, -0.114475, -9.94337
float3(-0.155414, -0.0975394, -1.5573)
256241.581987708
normal
simd_float4x4([[-0.0152586, -0.982944, 0.183268, 0.0)], [0.994285, 0.00445317, 0.106666, 0.0)], [-0.105663, 0.183849, 0.977259, 0.0)], [0.446136, -0.120058, -10.041, 1.0)]])
0.446136, -0.120058, -10.041
float3(-0.1849, -0.107704, -1.56627)
256241.682040583
normal
simd_float4x4([[-0.0137263, -0.984333, 0.175784, 0.0)], [0.994234, 0.00526195, 0.107101, 0.0)], [-0.106348, 0.176241, 0.978585, 0.0)], [0.460437, -0.129424, -10.1335, 1.0)]])
0.460437, -0.129424, -10.1335
float3(-0.177166, -0.108251, -1.56545)
256241.78209325
normal
simd_float4x4([[-0.00619746, -0.988267, 0.152609, 0.0)], [0.996454, 0.00670331, 0.0838755, 0.0)], [-0.0839144, 0.152588, 0.984721, 0.0)], [0.470782, -0.139305, -10.2307, 1.0)]])
0.470782, -0.139305, -10.2307
float3(-0.153186, -0.085011, -1.56401)
256241.882146
normal
simd_float4x4([[-0.00691936, -0.987841, 0.155312, 0.0)], [0.998662, 0.00113236, 0.0516939, 0.0)], [-0.0512412, 0.155462, 0.986512, 0.0)], [0.491216, -0.13598, -10.3252, 1.0)]])
0.491216, -0.13598, -10.3252
float3(-0.156095, -0.0518952, -1.56965)
256241.982198875
normal
simd_float4x4([[0.00416288, -0.98557, 0.169217, 0.0)], [0.999428, 0.00977917, 0.03237, 0.0)], [-0.0335577, 0.168986, 0.985047, 0.0)], [0.505627, -0.119077, -10.4198, 1.0)]])
0.505627, -0.119077, -10.4198
float3(-0.1698, -0.034054, -1.56087)
256242.082251666
normal
simd_float4x4([[-0.000563, -0.985928, 0.16717, 0.0)], [0.999278, 0.00579623, 0.0375503, 0.0)], [-0.0379908, 0.16707, 0.985213, 0.0)], [0.516249, -0.112598, -10.5025, 1.0)]])
0.516249, -0.112598, -10.5025
float3(-0.167857, -0.0385419, -1.56492)
256242.182304416
normal
simd_float4x4([[0.0289937, -0.986513, 0.161091, 0.0)], [0.998574, 0.0358142, 0.0395979, 0.0)], [-0.0448332, 0.159714, 0.986145, 0.0)], [0.52173, -0.113874, -10.5957, 1.0)]])
0.52173, -0.113874, -10.5957
float3(-0.1604, -0.0454318, -1.53451)
256242.282357291
normal
simd_float4x4([[0.0284925, -0.990773, 0.132501, 0.0)], [0.998111, 0.0354178, 0.0502057, 0.0)], [-0.0544354, 0.13082, 0.989911, 0.0)], [0.531616, -0.12572, -10.6986, 1.0)]])
0.531616, -0.12572, -10.6986
float3(-0.131197, -0.0549349, -1.53506)
256242.382409875
normal
simd_float4x4([[0.022716, -0.992416, 0.120809, 0.0)], [0.998581, 0.0283446, 0.0450782, 0.0)], [-0.0481606, 0.119614, 0.991652, 0.0)], [0.534285, -0.133866, -10.8317, 1.0)]])
0.534285, -0.133866, -10.8317
float3(-0.119901, -0.0485279, -1.54224)
256242.482462583
normal
simd_float4x4([[-0.000700608, -0.992541, 0.121905, 0.0)], [0.99859, 0.00577729, 0.0527773, 0.0)], [-0.0530879, 0.12177, 0.991138, 0.0)], [0.537216, -0.132282, -10.9347, 1.0)]])
0.537216, -0.132282, -10.9347
float3(-0.122073, -0.0535115, -1.56498)
256242.5825155
normal
simd_float4x4([[-0.00153219, -0.992483, 0.122375, 0.0)], [0.998307, 0.00559692, 0.0578914, 0.0)], [-0.0581411, 0.122256, 0.990794, 0.0)], [0.546213, -0.122477, -11.0493, 1.0)]])
0.546213, -0.122477, -11.0493
float3(-0.122563, -0.0586141, -1.56516)
256242.68256825
normal
simd_float4x4([[-0.00262638, -0.986731, 0.162345, 0.0)], [0.997557, 0.00874763, 0.0693062, 0.0)], [-0.0698067, 0.16213, 0.984297, 0.0)], [0.560112, -0.120774, -11.1715, 1.0)]])
0.560112, -0.120774, -11.1715
float3(-0.162849, -0.0708018, -1.56193)
256242.782621125
normal
simd_float4x4([[-0.0224414, -0.988336, 0.150625, 0.0)], [0.997517, -0.0120756, 0.0693834, 0.0)], [-0.0667552, 0.151808, 0.986153, 0.0)], [0.577978, -0.132332, -11.2817, 1.0)]])
0.577978, -0.132332, -11.2817
float3(-0.152398, -0.0675894, -1.58301)
256242.882673833
normal
simd_float4x4([[-0.0079573, -0.991918, 0.126632, 0.0)], [0.99859, -0.00123606, 0.0530671, 0.0)], [-0.0524816, 0.126876, 0.990529, 0.0)], [0.590214, -0.141115, -11.3939, 1.0)]])
0.590214, -0.141115, -11.3939
float3(-0.127219, -0.0529339, -1.57204)
256242.982726583
normal
simd_float4x4([[-0.0046793, -0.991212, 0.132198, 0.0)], [0.999528, -0.000621238, 0.0307214, 0.0)], [-0.0303693, 0.132279, 0.990747, 0.0)], [0.608518, -0.141314, -11.5055, 1.0)]])
0.608518, -0.141314, -11.5055
float3(-0.132668, -0.0306433, -1.57142)
256243.08277925
normal
simd_float4x4([[-0.00787172, -0.989523, 0.144162, 0.0)], [0.999752, -0.00478144, 0.0217701, 0.0)], [-0.0208527, 0.144297, 0.989315, 0.0)], [0.629349, -0.122307, -11.6108, 1.0)]])
0.629349, -0.122307, -11.6108
float3(-0.144803, -0.0210748, -1.57563)
256243.182832083
normal
simd_float4x4([[-0.00651384, -0.9881, 0.153676, 0.0)], [0.999403, -0.00121865, 0.034526, 0.0)], [-0.0339279, 0.153809, 0.987518, 0.0)], [0.635002, -0.115349, -11.7062, 1.0)]])
0.635002, -0.115349, -11.7062
float3(-0.154422, -0.0343432, -1.57203)
256243.282884958
normal
simd_float4x4([[0.0193819, -0.989461, 0.143498, 0.0)], [0.999426, 0.0231607, 0.0247101, 0.0)], [-0.0277732, 0.142937, 0.989342, 0.0)], [0.633639, -0.120125, -11.8107, 1.0)]])
0.633639, -0.120125, -11.8107
float3(-0.143428, -0.028065, -1.54739)
256243.382937583
normal
simd_float4x4([[0.0239736, -0.990377, 0.136302, 0.0)], [0.999272, 0.0277887, 0.0261561, 0.0)], [-0.029692, 0.135576, 0.990322, 0.0)], [0.631155, -0.135042, -11.9253, 1.0)]])
0.631155, -0.135042, -11.9253
float3(-0.135995, -0.0299732, -1.54274)
256243.482990583
normal
simd_float4x4([[0.0137529, -0.99385, 0.109878, 0.0)], [0.998438, 0.0196011, 0.0523227, 0.0)], [-0.0541546, 0.108987, 0.992567, 0.0)], [0.628163, -0.137936, -12.0402, 1.0)]])
0.628163, -0.137936, -12.0402
float3(-0.109204, -0.0545061, -1.55108)
256243.583043208
normal
simd_float4x4([[-0.000668618, -0.993372, 0.114941, 0.0)], [0.997487, 0.00748038, 0.0704516, 0.0)], [-0.0708444, 0.114699, 0.990871, 0.0)], [0.623651, -0.127512, -12.1541, 1.0)]])
0.623651, -0.127512, -12.1541
float3(-0.114952, -0.0713756, -1.56327)
256243.683095916
normal
simd_float4x4([[-0.00400145, -0.993569, 0.11316, 0.0)], [0.997935, 0.00328712, 0.0641497, 0.0)], [-0.0641091, 0.113183, 0.991504, 0.0)], [0.622983, -0.116506, -12.2624, 1.0)]])
0.622983, -0.116506, -12.2624
float3(-0.113426, -0.0645686, -1.56749)
256243.783148791
normal
simd_float4x4([[-0.018142, -0.991127, 0.131672, 0.0)], [0.996263, -0.00679688, 0.0861057, 0.0)], [-0.0844467, 0.132742, 0.987547, 0.0)], [0.630627, -0.117849, -12.3745, 1.0)]])
0.630627, -0.117849, -12.3745
float3(-0.133135, -0.0853041, -1.57765)
256243.883201458
normal
simd_float4x4([[-0.0229826, -0.991283, 0.129731, 0.0)], [0.99645, -0.012201, 0.0832978, 0.0)], [-0.0809888, 0.131185, 0.988044, 0.0)], [0.642536, -0.130212, -12.4905, 1.0)]])
0.642536, -0.130212, -12.4905
float3(-0.131565, -0.081786, -1.5831)
256243.983254333
normal
simd_float4x4([[-0.0148463, -0.992839, 0.118532, 0.0)], [0.99797, -0.00737061, 0.0632593, 0.0)], [-0.0619327, 0.119231, 0.990933, 0.0)], [0.651732, -0.141359, -12.6083, 1.0)]])
0.651732, -0.141359, -12.6083
float3(-0.119515, -0.0624182, -1.57822)
256244.083307041
normal
simd_float4x4([[-0.0140801, -0.991141, 0.132068, 0.0)], [0.999295, -0.00935218, 0.0363513, 0.0)], [-0.0347941, 0.132486, 0.990574, 0.0)], [0.663822, -0.138384, -12.7227, 1.0)]])
0.663822, -0.138384, -12.7227
float3(-0.132877, -0.0351107, -1.58023)
256244.183359708
normal
simd_float4x4([[0.000997012, -0.990755, 0.135659, 0.0)], [0.999418, 0.00561417, 0.0336567, 0.0)], [-0.0341071, 0.135546, 0.990184, 0.0)], [0.670118, -0.123988, -12.8213, 1.0)]])
0.670118, -0.123988, -12.8213
float3(-0.135965, -0.0344316, -1.56513)
256244.283412541
normal
simd_float4x4([[0.00893321, -0.989632, 0.143346, 0.0)], [0.999521, 0.013083, 0.0280331, 0.0)], [-0.0296179, 0.143027, 0.989276, 0.0)], [0.67295, -0.117365, -12.9209, 1.0)]])
0.67295, -0.117365, -12.9209
float3(-0.14352, -0.02993, -1.55758)
256244.383465166
normal
simd_float4x4([[0.039523, -0.989997, 0.135441, 0.0)], [0.998618, 0.0438327, 0.0289861, 0.0)], [-0.0346329, 0.134108, 0.990361, 0.0)], [0.670456, -0.124564, -13.0205, 1.0)]])
0.670456, -0.124564, -13.0205
float3(-0.134513, -0.0349557, -1.52655)
256244.483518125
normal
simd_float4x4([[0.0361615, -0.991823, 0.122392, 0.0)], [0.998357, 0.0413, 0.0397101, 0.0)], [-0.0444402, 0.120755, 0.991687, 0.0)], [0.672438, -0.139073, -13.1323, 1.0)]])
0.672438, -0.139073, -13.1323
float3(-0.121051, -0.0447828, -1.52918)
256244.583570875
normal
simd_float4x4([[0.0281096, -0.994829, 0.0976006, 0.0)], [0.996786, 0.035224, 0.0719526, 0.0)], [-0.0750184, 0.0952643, 0.992621, 0.0)], [0.663954, -0.140587, -13.2413, 1.0)]])
0.663954, -0.140587, -13.2413
float3(-0.095409, -0.0754326, -1.5354)
256244.683623708
normal
simd_float4x4([[-0.00370024, -0.995226, 0.0975227, 0.0)], [0.995528, 0.00553945, 0.0943031, 0.0)], [-0.0943932, 0.0974355, 0.990755, 0.0)], [0.661724, -0.1337, -13.3505, 1.0)]])
0.661724, -0.1337, -13.3505
float3(-0.0975903, -0.0949873, -1.56523)
256244.783676416
normal
simd_float4x4([[-0.00699347, -0.993302, 0.115335, 0.0)], [0.995318, 0.00420453, 0.0965628, 0.0)], [-0.0964009, 0.115471, 0.988622, 0.0)], [0.66021, -0.124401, -13.4564, 1.0)]])
0.66021, -0.124401, -13.4564
float3(-0.115729, -0.0972031, -1.56656)
256244.883728958
normal
simd_float4x4([[-0.0354881, -0.990441, 0.133293, 0.0)], [0.994052, -0.021242, 0.106818, 0.0)], [-0.102965, 0.136291, 0.985303, 0.0)], [0.663822, -0.128057, -13.564, 1.0)]])
0.663822, -0.128057, -13.564
float3(-0.136717, -0.104123, -1.59224)
256244.983781833
normal
simd_float4x4([[-0.0443623, -0.988737, 0.142936, 0.0)], [0.99422, -0.029693, 0.103174, 0.0)], [-0.0977676, 0.146687, 0.98434, 0.0)], [0.667453, -0.145509, -13.6701, 1.0)]])
0.667453, -0.145509, -13.6701
float3(-0.147218, -0.0989983, -1.60082)
256245.083834583
normal
simd_float4x4([[-0.0231726, -0.99084, 0.133036, 0.0)], [0.995861, -0.0111795, 0.0901987, 0.0)], [-0.0878853, 0.134575, 0.986998, 0.0)], [0.671846, -0.154299, -13.7805, 1.0)]])
0.671846, -0.154299, -13.7805
float3(-0.134985, -0.0888088, -1.58208)
256245.183887541
normal
simd_float4x4([[-0.0249214, -0.991152, 0.13037, 0.0)], [0.997152, -0.0153603, 0.0738358, 0.0)], [-0.07118, 0.131839, 0.988712, 0.0)], [0.684887, -0.146345, -13.8806, 1.0)]])
0.684887, -0.146345, -13.8806
float3(-0.132224, -0.0718686, -1.58629)
256245.283940166
normal
simd_float4x4([[-0.0248634, -0.991288, 0.129344, 0.0)], [0.996806, -0.0147605, 0.078489, 0.0)], [-0.075896, 0.130882, 0.988489, 0.0)], [0.692609, -0.128709, -13.9679, 1.0)]])
0.692609, -0.128709, -13.9679
float3(-0.131259, -0.0766295, -1.58569)
256245.383993
normal
simd_float4x4([[-0.0277665, -0.990288, 0.136231, 0.0)], [0.996566, -0.0167883, 0.0810826, 0.0)], [-0.0780081, 0.138015, 0.987353, 0.0)], [0.696807, -0.126508, -14.0505, 1.0)]])
0.696807, -0.126508, -14.0505
float3(-0.138457, -0.0788435, -1.58775)
256245.484045708
normal
simd_float4x4([[0.00443133, -0.991052, 0.133401, 0.0)], [0.996157, 0.0160436, 0.0860995, 0.0)], [-0.0874693, 0.132507, 0.987315, 0.0)], [0.695592, -0.130517, -14.1474, 1.0)]])
0.695592, -0.130517, -14.1474
float3(-0.132898, -0.0883624, -1.55461)
256245.600707458
normal
simd_float4x4([[0.00144767, -0.99313, 0.11701, 0.0)], [0.995538, 0.0124716, 0.0935366, 0.0)], [-0.0943533, 0.116353, 0.988716, 0.0)], [0.700844, -0.144054, -14.2715, 1.0)]])
0.700844, -0.144054, -14.2715
float3(-0.116617, -0.095142, -1.55824)
256245.717358375
normal
simd_float4x4([[-0.0209164, -0.993822, 0.108998, 0.0)], [0.992873, -0.00785364, 0.118921, 0.0)], [-0.117331, 0.110708, 0.986903, 0.0)], [0.698462, -0.143959, -14.3973, 1.0)]])
0.698462, -0.143959, -14.3973
float3(-0.110936, -0.118332, -1.5787)
256245.834009
normal
simd_float4x4([[-0.0360875, -0.993778, 0.105368, 0.0)], [0.990665, -0.0217055, 0.134579, 0.0)], [-0.131454, 0.109241, 0.985285, 0.0)], [0.699504, -0.134423, -14.5228, 1.0)]])
0.699504, -0.134423, -14.5228
float3(-0.109459, -0.132634, -1.59263)
256245.950659916
normal
simd_float4x4([[-0.0201356, -0.988334, 0.150966, 0.0)], [0.98963, 0.00177749, 0.143632, 0.0)], [-0.142225, 0.152292, 0.978049, 0.0)], [0.701994, -0.126522, -14.6512, 1.0)]])
0.701994, -0.126522, -14.6512
float3(-0.152887, -0.144405, -1.569)
256246.067310666
normal
simd_float4x4([[-0.0321323, -0.991853, 0.123267, 0.0)], [0.989344, -0.0140406, 0.144918, 0.0)], [-0.142007, 0.12661, 0.981735, 0.0)], [0.713843, -0.13534, -14.7665, 1.0)]])
0.713843, -0.13534, -14.7665
float3(-0.126951, -0.143652, -1.58495)
256246.183961625
normal
simd_float4x4([[-0.0127729, -0.995735, 0.0913685, 0.0)], [0.992517, -0.00152827, 0.122094, 0.0)], [-0.121434, 0.0922443, 0.988304, 0.0)], [0.7235, -0.144449, -14.8902, 1.0)]])
0.7235, -0.144449, -14.8902
float3(-0.0923756, -0.122258, -1.57233)
256246.300612291
normal
simd_float4x4([[-0.00764037, -0.992019, 0.12586, 0.0)], [0.997025, 0.00209607, 0.0770457, 0.0)], [-0.0766945, 0.126074, 0.989052, 0.0)], [0.741696, -0.134551, -15.018, 1.0)]])
0.741696, -0.134551, -15.018
float3(-0.126411, -0.0773887, -1.56868)
256246.417263083
normal
simd_float4x4([[0.0045697, -0.991523, 0.129851, 0.0)], [0.997255, 0.014116, 0.0726922, 0.0)], [-0.073909, 0.129162, 0.988865, 0.0)], [0.747621, -0.120494, -15.1224, 1.0)]])
0.747621, -0.120494, -15.1224
float3(-0.129524, -0.0746025, -1.55656)
256246.533913875
normal
simd_float4x4([[0.0229471, -0.990542, 0.135278, 0.0)], [0.997206, 0.0323, 0.0673537, 0.0)], [-0.0710861, 0.133354, 0.988516, 0.0)], [0.750083, -0.118062, -15.2233, 1.0)]])
0.750083, -0.118062, -15.2233
float3(-0.133753, -0.0717884, -1.5382)
256246.650564875
normal
simd_float4x4([[0.0321986, -0.99187, 0.123118, 0.0)], [0.996409, 0.0415063, 0.073798, 0.0)], [-0.0783081, 0.1203, 0.989644, 0.0)], [0.751484, -0.129661, -15.3266, 1.0)]])
0.751484, -0.129661, -15.3266
float3(-0.120592, -0.078963, -1.52897)
256246.767215458
normal
simd_float4x4([[0.0223945, -0.991893, 0.12509, 0.0)], [0.995227, 0.0340049, 0.0914662, 0.0)], [-0.0949784, 0.122445, 0.98792, 0.0)], [0.752296, -0.140371, -15.4395, 1.0)]])
0.752296, -0.140371, -15.4395
float3(-0.122753, -0.0958452, -1.53653)
256246.883866333
normal
simd_float4x4([[-0.010221, -0.989466, 0.144401, 0.0)], [0.994475, 0.0050296, 0.104855, 0.0)], [-0.104477, 0.144675, 0.983948, 0.0)], [0.754875, -0.141943, -15.5485, 1.0)]])
0.754875, -0.141943, -15.5485
float3(-0.145184, -0.105785, -1.56571)
256247.00051725
normal
simd_float4x4([[-0.0181739, -0.988566, 0.149691, 0.0)], [0.996492, -0.0056757, 0.0835012, 0.0)], [-0.0816968, 0.150683, 0.985201, 0.0)], [0.758001, -0.135504, -15.6474, 1.0)]])
0.758001, -0.135504, -15.6474
float3(-0.15126, -0.0827348, -1.57654)
256247.117167833
normal
simd_float4x4([[-0.0345754, -0.985598, 0.16553, 0.0)], [0.998517, -0.0270993, 0.0472123, 0.0)], [-0.0420466, 0.166917, 0.985074, 0.0)], [0.755909, -0.134807, -15.7404, 1.0)]])
0.755909, -0.134807, -15.7404
float3(-0.167702, -0.0426578, -1.59828)
256247.233818625
normal
simd_float4x4([[-0.0221245, -0.986511, 0.16219, 0.0)], [0.999554, -0.0250852, -0.0162291, 0.0)], [0.0200788, 0.161758, 0.986626, 0.0)], [0.744893, -0.140758, -15.8285, 1.0)]])
0.744893, -0.140758, -15.8285
float3(-0.162472, 0.0203481, -1.59622)
256247.3504695
normal
simd_float4x4([[0.00383952, -0.987144, 0.15979, 0.0)], [0.994481, -0.0129842, -0.104109, 0.0)], [0.104845, 0.159308, 0.981646, 0.0)], [0.736302, -0.147451, -15.9204, 1.0)]])
0.736302, -0.147451, -15.9204
float3(-0.15999, 0.106402, -1.58395)
256247.467120333
normal
simd_float4x4([[0.0232228, -0.986123, 0.164381, 0.0)], [0.98033, -0.00977291, -0.197123, 0.0)], [0.195994, 0.165726, 0.9665, 0.0)], [0.73549, -0.143195, -16.0125, 1.0)]])
0.73549, -0.143195, -16.0125
float3(-0.166494, 0.200074, -1.58071)
256247.583771125
normal
simd_float4x4([[0.06581, -0.984769, 0.160929, 0.0)], [0.959771, 0.0183522, -0.280184, 0.0)], [0.272963, 0.172894, 0.946361, 0.0)], [0.719968, -0.132749, -16.0884, 1.0)]])
0.719968, -0.132749, -16.0884
float3(-0.173767, 0.280812, -1.55216)
256247.700421875
normal
simd_float4x4([[0.113239, -0.977768, 0.176486, 0.0)], [0.940682, 0.0483262, -0.335831, 0.0)], [0.319836, 0.204046, 0.925241, 0.0)], [0.699232, -0.127908, -16.1517, 1.0)]])
0.699232, -0.127908, -16.1517
float3(-0.20549, 0.33282, -1.52141)
256247.817072791
normal
simd_float4x4([[0.136126, -0.974078, 0.180668, 0.0)], [0.923822, 0.0589455, -0.378256, 0.0)], [0.357801, 0.218396, 0.907899, 0.0)], [0.682628, -0.130517, -16.2061, 1.0)]])
0.682628, -0.130517, -16.2061
float3(-0.220171, 0.375408, -1.51036)
256247.933723416
normal
simd_float4x4([[0.133193, -0.972991, 0.188542, 0.0)], [0.923365, 0.0527091, -0.380287, 0.0)], [0.360078, 0.224744, 0.905447, 0.0)], [0.667829, -0.140195, -16.2433, 1.0)]])
0.667829, -0.140195, -16.2433
float3(-0.226681, 0.378504, -1.51668)
256248.050374291
normal
simd_float4x4([[0.12079, -0.975893, 0.181774, 0.0)], [0.932245, 0.0486026, -0.358549, 0.0)], [0.341071, 0.212767, 0.915642, 0.0)], [0.651066, -0.142917, -16.2722, 1.0)]])
0.651066, -0.142917, -16.2722
float3(-0.214406, 0.356571, -1.52103)
