ARKit Data
262027.162139541
limited(__ObjC.ARCamera.TrackingState.Reason.initializing)
simd_float4x4([[-0.213557, -0.906307, 0.364679, 0.0)], [0.776346, 0.0691584, 0.6265, 0.0)], [-0.59302, 0.416912, 0.688842, 0.0)], [0.0, 0.0, 0.0, 1.0)]])
0.0, 0.0, 0.0
float3(-0.430045, -0.710785, -1.49464)
262027.514091625
notAvailable
simd_float4x4([[1.0, 0.0, 0.0, 0.0)], [0.0, 1.0, 0.0, 0.0)], [0.0, 0.0, 1.0, 0.0)], [0.0, 0.0, 0.0, 1.0)]])
0.0, 0.0, 0.0
float3(-0.0, 0.0, 0.0)
262027.63074425
notAvailable
simd_float4x4([[1.0, 0.0, 0.0, 0.0)], [0.0, 1.0, 0.0, 0.0)], [0.0, 0.0, 1.0, 0.0)], [0.0, 0.0, 0.0, 1.0)]])
0.0, 0.0, 0.0
float3(-0.0, 0.0, 0.0)
262027.747396875
limited(__ObjC.ARCamera.TrackingState.Reason.initializing)
simd_float4x4([[0.0631374, -0.912956, 0.403145, 0.0)], [0.998004, 0.057199, -0.0267677, 0.0)], [0.00137821, 0.40403, 0.914745, 0.0)], [0.0, 0.0, 0.0, 1.0)]])
0.0, 0.0, 0.0
float3(-0.415918, 0.00150666, -1.50823)
262027.86404925
limited(__ObjC.ARCamera.TrackingState.Reason.initializing)
simd_float4x4([[0.0632276, -0.911993, 0.405304, 0.0)], [0.997963, 0.0543155, -0.0334651, 0.0)], [0.00850569, 0.406594, 0.913569, 0.0)], [0.0, 0.0, 0.0, 1.0)]])
0.0, 0.0, 0.0
float3(-0.418723, 0.00931012, -1.51131)
262027.980701875
limited(__ObjC.ARCamera.TrackingState.Reason.initializing)
simd_float4x4([[0.0619888, -0.921286, 0.38391, 0.0)], [0.997998, 0.0523845, -0.0354341, 0.0)], [0.0125341, 0.385338, 0.922689, 0.0)], [0.0, 0.0, 0.0, 1.0)]])
0.0, 0.0, 0.0
float3(-0.395574, 0.0135835, -1.514)
262028.097354458
limited(__ObjC.ARCamera.TrackingState.Reason.initializing)
simd_float4x4([[0.0590816, -0.931019, 0.360154, 0.0)], [0.998109, 0.0489563, -0.03718, 0.0)], [0.0169835, 0.36167, 0.932151, 0.0)], [0.0, 0.0, 0.0, 1.0)]])
0.0, 0.0, 0.0
float3(-0.370058, 0.0182177, -1.51826)
262028.197375791
limited(__ObjC.ARCamera.TrackingState.Reason.initializing)
simd_float4x4([[0.0468924, -0.942997, 0.329477, 0.0)], [0.998419, 0.0340108, -0.0447561, 0.0)], [0.0309991, 0.331055, 0.943101, 0.0)], [0.0, 0.0, 0.0, 1.0)]])
0.0, 0.0, 0.0
float3(-0.337422, 0.0328576, -1.53475)
262028.297430958
limited(__ObjC.ARCamera.TrackingState.Reason.initializing)
simd_float4x4([[0.0417101, -0.958105, 0.283359, 0.0)], [0.997757, 0.0250806, -0.0620652, 0.0)], [0.0523583, 0.285312, 0.957002, 0.0)], [0.0, 0.0, 0.0, 1.0)]])
0.0, 0.0, 0.0
float3(-0.289332, 0.0546563, -1.54463)
262028.397485958
limited(__ObjC.ARCamera.TrackingState.Reason.initializing)
simd_float4x4([[0.041143, -0.967347, 0.250089, 0.0)], [0.99645, 0.0213277, -0.0814344, 0.0)], [0.0734416, 0.252552, 0.96479, 0.0)], [0.0, 0.0, 0.0, 1.0)]])
0.0, 0.0, 0.0
float3(-0.255316, 0.0759753, -1.54875)
262028.497541208
limited(__ObjC.ARCamera.TrackingState.Reason.initializing)
simd_float4x4([[0.0344072, -0.975611, 0.216784, 0.0)], [0.995038, 0.0131784, -0.0986212, 0.0)], [0.0933593, 0.219102, 0.971223, 0.0)], [0.0, 0.0, 0.0, 1.0)]])
0.0, 0.0, 0.0
float3(-0.220894, 0.0958311, -1.55729)
262028.597596291
limited(__ObjC.ARCamera.TrackingState.Reason.initializing)
simd_float4x4([[0.0255539, -0.982269, 0.185714, 0.0)], [0.994641, 0.00636657, -0.103188, 0.0)], [0.100177, 0.187355, 0.977169, 0.0)], [0.0, 0.0, 0.0, 1.0)]])
0.0, 0.0, 0.0
float3(-0.188469, 0.10216, -1.56431)
262028.69765125
limited(__ObjC.ARCamera.TrackingState.Reason.initializing)
simd_float4x4([[0.0112666, -0.985744, 0.167861, 0.0)], [0.994757, -0.0060156, -0.102094, 0.0)], [0.101648, 0.168131, 0.980508, 0.0)], [0.0, 0.0, 0.0, 1.0)]])
0.0, 0.0, 0.0
float3(-0.168933, 0.1033, -1.5769)
262028.7977065
limited(__ObjC.ARCamera.TrackingState.Reason.initializing)
simd_float4x4([[0.00529631, -0.987083, 0.160106, 0.0)], [0.994631, -0.0113467, -0.102858, 0.0)], [0.103346, 0.159791, 0.981724, 0.0)], [0.0, 0.0, 0.0, 1.0)]])
0.0, 0.0, 0.0
float3(-0.160479, 0.104884, -1.58229)
262028.897761541
limited(__ObjC.ARCamera.TrackingState.Reason.initializing)
simd_float4x4([[0.00698803, -0.987135, 0.159717, 0.0)], [0.993041, -0.0119268, -0.117164, 0.0)], [0.117562, 0.159425, 0.980182, 0.0)], [0.0, 0.0, 0.0, 1.0)]])
0.0, 0.0, 0.0
float3(-0.160108, 0.119369, -1.58288)
262028.997816625
limited(__ObjC.ARCamera.TrackingState.Reason.initializing)
simd_float4x4([[0.0114147, -0.987091, 0.159727, 0.0)], [0.989082, -0.012324, -0.146847, 0.0)], [0.146921, 0.15966, 0.976173, 0.0)], [0.0, 0.0, 0.0, 1.0)]])
0.0, 0.0, 0.0
float3(-0.160346, 0.149386, -1.58328)
262029.09787175
limited(__ObjC.ARCamera.TrackingState.Reason.initializing)
simd_float4x4([[0.0195491, -0.987874, 0.153993, 0.0)], [0.981994, -0.00997379, -0.188649, 0.0)], [0.187898, 0.154908, 0.969891, 0.0)], [0.0, 0.0, 0.0, 1.0)]])
0.0, 0.0, 0.0
float3(-0.155535, 0.191361, -1.58089)
262029.197926833
limited(__ObjC.ARCamera.TrackingState.Reason.initializing)
simd_float4x4([[0.0299252, -0.988162, 0.150437, 0.0)], [0.972037, -0.00629956, -0.234744, 0.0)], [0.232914, 0.153256, 0.960341, 0.0)], [0.0, 0.0, 0.0, 1.0)]])
0.0, 0.0, 0.0
float3(-0.153862, 0.237938, -1.57717)
262029.29798175
limited(__ObjC.ARCamera.TrackingState.Reason.initializing)
simd_float4x4([[0.0431212, -0.988795, 0.142891, 0.0)], [0.956652, -0.00036557, -0.291234, 0.0)], [0.288024, 0.149255, 0.945916, 0.0)], [0.0, 0.0, 0.0, 1.0)]])
0.0, 0.0, 0.0
float3(-0.149815, 0.295573, -1.57117)
262029.398037041
limited(__ObjC.ARCamera.TrackingState.Reason.initializing)
simd_float4x4([[0.0546458, -0.988995, 0.137462, 0.0)], [0.933518, 0.00174965, -0.358526, 0.0)], [0.354341, 0.147916, 0.923339, 0.0)], [0.0, 0.0, 0.0, 1.0)]])
0.0, 0.0, 0.0
float3(-0.14846, 0.366429, -1.56903)
262029.498092041
limited(__ObjC.ARCamera.TrackingState.Reason.initializing)
simd_float4x4([[0.0625371, -0.989736, 0.128468, 0.0)], [0.902199, 0.00102231, -0.431318, 0.0)], [0.426761, 0.142878, 0.893002, 0.0)], [0.0, 0.0, 0.0, 1.0)]])
0.0, 0.0, 0.0
float3(-0.143369, 0.445808, -1.56976)
262029.598147375
limited(__ObjC.ARCamera.TrackingState.Reason.initializing)
simd_float4x4([[0.0705212, -0.989793, 0.123811, 0.0)], [0.863427, -0.00158331, -0.504471, 0.0)], [0.49952, 0.142478, 0.854501, 0.0)], [0.0, 0.0, 0.0, 1.0)]])
0.0, 0.0, 0.0
float3(-0.142965, 0.529, -1.5724)
262029.698202583
limited(__ObjC.ARCamera.TrackingState.Reason.initializing)
simd_float4x4([[0.0817399, -0.989329, 0.120576, 0.0)], [0.821605, -0.00159135, -0.570054, 0.0)], [0.564165, 0.145663, 0.812707, 0.0)], [0.0, 0.0, 0.0, 1.0)]])
0.0, 0.0, 0.0
float3(-0.146183, 0.606809, -1.5724)
262029.798257541
limited(__ObjC.ARCamera.TrackingState.Reason.initializing)
simd_float4x4([[0.0863665, -0.989473, 0.116089, 0.0)], [0.778792, -0.00561246, -0.627256, 0.0)], [0.621307, 0.144584, 0.770108, 0.0)], [0.0, 0.0, 0.0, 1.0)]])
0.0, 0.0, 0.0
float3(-0.145092, 0.678861, -1.57647)
262029.898312916
limited(__ObjC.ARCamera.TrackingState.Reason.initializing)
simd_float4x4([[0.0899134, -0.989649, 0.111824, 0.0)], [0.738008, -0.00918669, -0.674728, 0.0)], [0.668773, 0.143195, 0.729542, 0.0)], [0.0, 0.0, 0.0, 1.0)]])
0.0, 0.0, 0.0
float3(-0.143689, 0.741967, -1.58008)
262029.998368
limited(__ObjC.ARCamera.TrackingState.Reason.initializing)
simd_float4x4([[0.0955754, -0.989432, 0.109013, 0.0)], [0.702947, -0.0104497, -0.711164, 0.0)], [0.70479, 0.144601, 0.694518, 0.0)], [0.0, 0.0, 0.0, 1.0)]])
0.0, 0.0, 0.0
float3(-0.14511, 0.792738, -1.58136)
262030.098423083
limited(__ObjC.ARCamera.TrackingState.Reason.initializing)
simd_float4x4([[0.0998799, -0.989231, 0.106966, 0.0)], [0.679492, -0.0107171, -0.733604, 0.0)], [0.726851, 0.145956, 0.671103, 0.0)], [0.0, 0.0, 0.0, 1.0)]])
0.0, 0.0, 0.0
float3(-0.146479, 0.825256, -1.58163)
262030.198478291
limited(__ObjC.ARCamera.TrackingState.Reason.initializing)
simd_float4x4([[0.101438, -0.989194, 0.10583, 0.0)], [0.669865, -0.0107329, -0.742404, 0.0)], [0.735519, 0.146201, 0.661538, 0.0)], [0.0, 0.0, 0.0, 1.0)]])
0.0, 0.0, 0.0
float3(-0.146727, 0.838304, -1.58165)
262030.298533541
limited(__ObjC.ARCamera.TrackingState.Reason.initializing)
simd_float4x4([[0.104524, -0.989151, 0.103206, 0.0)], [0.679587, -0.00472701, -0.733579, 0.0)], [0.726109, 0.146815, 0.671719, 0.0)], [0.0, 0.0, 0.0, 1.0)]])
0.0, 0.0, 0.0
float3(-0.147347, 0.824289, -1.57558)
262030.398588583
limited(__ObjC.ARCamera.TrackingState.Reason.initializing)
simd_float4x4([[0.104055, -0.989098, 0.104183, 0.0)], [0.707544, 1.3411e-06, -0.706669, 0.0)], [0.698966, 0.147247, 0.69983, 0.0)], [0.0, 0.0, 0.0, 1.0)]])
0.0, 0.0, 0.0
float3(-0.147784, 0.78478, -1.57079)
262030.498643958
limited(__ObjC.ARCamera.TrackingState.Reason.initializing)
simd_float4x4([[0.100593, -0.988929, 0.109082, 0.0)], [0.747616, 0.00279281, -0.664125, 0.0)], [0.656468, 0.148358, 0.73962, 0.0)], [0.0, 0.0, 0.0, 1.0)]])
0.0, 0.0, 0.0
float3(-0.148908, 0.725908, -1.56797)
262030.598699
limited(__ObjC.ARCamera.TrackingState.Reason.initializing)
simd_float4x4([[0.0923319, -0.989091, 0.114763, 0.0)], [0.792417, 0.00319871, -0.609971, 0.0)], [0.602951, 0.14726, 0.784068, 0.0)], [0.0, 0.0, 0.0, 1.0)]])
0.0, 0.0, 0.0
float3(-0.147798, 0.655553, -1.56756)
262030.698754208
limited(__ObjC.ARCamera.TrackingState.Reason.initializing)
simd_float4x4([[0.082013, -0.989409, 0.119757, 0.0)], [0.835647, 0.00278634, -0.54926, 0.0)], [0.54311, 0.145121, 0.827024, 0.0)], [0.0, 0.0, 0.0, 1.0)]])
0.0, 0.0, 0.0
float3(-0.145635, 0.581073, -1.56798)
262030.798809625
limited(__ObjC.ARCamera.TrackingState.Reason.initializing)
simd_float4x4([[0.0701273, -0.989633, 0.125326, 0.0)], [0.875169, 0.000746459, -0.483817, 0.0)], [0.478709, 0.14361, 0.866148, 0.0)], [0.0, 0.0, 0.0, 1.0)]])
0.0, 0.0, 0.0
float3(-0.144109, 0.504904, -1.57004)
262030.898864625
limited(__ObjC.ARCamera.TrackingState.Reason.initializing)
simd_float4x4([[0.0593151, -0.989746, 0.129934, 0.0)], [0.909337, -0.000124201, -0.41606, 0.0)], [0.411811, 0.142833, 0.900006, 0.0)], [0.0, 0.0, 0.0, 1.0)]])
0.0, 0.0, 0.0
float3(-0.143323, 0.429127, -1.57092)
262030.998919875
limited(__ObjC.ARCamera.TrackingState.Reason.initializing)
simd_float4x4([[0.0477284, -0.989275, 0.13804, 0.0)], [0.939014, -0.00267796, -0.343867, 0.0)], [0.340549, 0.146033, 0.928815, 0.0)], [0.0, 0.0, 0.0, 1.0)]])
0.0, 0.0, 0.0
float3(-0.146557, 0.351429, -1.5735)
262031.098975083
limited(__ObjC.ARCamera.TrackingState.Reason.initializing)
simd_float4x4([[0.0352044, -0.989354, 0.141196, 0.0)], [0.962755, -0.00432371, -0.270341, 0.0)], [0.268074, 0.145455, 0.952353, 0.0)], [0.0, 0.0, 0.0, 1.0)]])
0.0, 0.0, 0.0
float3(-0.145973, 0.274386, -1.57517)
262031.199030291
limited(__ObjC.ARCamera.TrackingState.Reason.initializing)
simd_float4x4([[0.0237302, -0.989183, 0.144751, 0.0)], [0.979786, -0.00575688, -0.199966, 0.0)], [0.198637, 0.14657, 0.969051, 0.0)], [0.0, 0.0, 0.0, 1.0)]])
0.0, 0.0, 0.0
float3(-0.1471, 0.20218, -1.57662)
262031.2990855
limited(__ObjC.ARCamera.TrackingState.Reason.initializing)
simd_float4x4([[0.0124998, -0.989423, 0.144517, 0.0)], [0.991252, -0.0067292, -0.131808, 0.0)], [0.131386, 0.1449, 0.980684, 0.0)], [0.0, 0.0, 0.0, 1.0)]])
0.0, 0.0, 0.0
float3(-0.145412, 0.133181, -1.5776)
262031.399140833
normal
simd_float4x4([[0.00224773, -0.993372, 0.114917, 0.0)], [0.998069, -0.00490454, -0.0619177, 0.0)], [0.062071, 0.114835, 0.991444, 0.0)], [0.00870907, -0.000475415, 0.00529746, 1.0)]])
0.00870907, -0.000475415, 0.00529746
float3(-0.115089, 0.0625251, -1.57573)
262031.499195916
normal
simd_float4x4([[-0.00659215, -0.993418, 0.114356, 0.0)], [0.999971, -0.00610283, 0.00462848, 0.0)], [-0.00390012, 0.114383, 0.993429, 0.0)], [0.0278494, -0.00283375, 0.0147473, 1.0)]])
0.0278494, -0.00283375, 0.0147473
float3(-0.114634, -0.0039259, -1.57694)
262031.599251333
normal
simd_float4x4([[-0.0154491, -0.993238, 0.115065, 0.0)], [0.997546, -0.00745031, 0.0696241, 0.0)], [-0.068296, 0.115858, 0.990915, 0.0)], [0.0464509, -0.00403072, 0.0241277, 1.0)]])
0.0464509, -0.00403072, 0.0241277
float3(-0.116119, -0.0688133, -1.5783)
262031.6993065
normal
simd_float4x4([[-0.0252063, -0.993537, 0.110676, 0.0)], [0.991587, -0.0107873, 0.128996, 0.0)], [-0.126968, 0.112996, 0.98545, 0.0)], [0.0653661, -0.002642, 0.0341872, 1.0)]])
0.0653661, -0.002642, 0.0341872
float3(-0.113238, -0.128137, -1.58165)
262031.799361708
normal
simd_float4x4([[-0.0340885, -0.993665, 0.107084, 0.0)], [0.983263, -0.0141567, 0.181642, 0.0)], [-0.178975, 0.111484, 0.977517, 0.0)], [0.0826626, -0.00105593, 0.0426206, 1.0)]])
0.0826626, -0.00105593, 0.0426206
float3(-0.111716, -0.181086, -1.58504)
262031.899417208
normal
simd_float4x4([[-0.0409867, -0.993827, 0.103092, 0.0)], [0.97564, -0.0175528, 0.218676, 0.0)], [-0.215516, 0.109543, 0.970337, 0.0)], [0.0954516, -0.00142137, 0.0513583, 1.0)]])
0.0954516, -0.00142137, 0.0513583
float3(-0.109764, -0.218557, -1.58846)
262031.999472458
normal
simd_float4x4([[-0.0434079, -0.99375, 0.102842, 0.0)], [0.971587, -0.0180169, 0.235994, 0.0)], [-0.232667, 0.110164, 0.966297, 0.0)], [0.10526, -0.00210966, 0.0574381, 1.0)]])
0.10526, -0.00210966, 0.0574381
float3(-0.110388, -0.236284, -1.58892)
262032.099527708
normal
simd_float4x4([[-0.0428598, -0.993519, 0.105279, 0.0)], [0.973257, -0.0177158, 0.229035, 0.0)], [-0.225686, 0.11228, 0.967708, 0.0)], [0.111676, -0.00272247, 0.0600439, 1.0)]])
0.111676, -0.00272247, 0.0600439
float3(-0.112517, -0.229122, -1.58863)
262032.199582916
normal
simd_float4x4([[-0.0386853, -0.993598, 0.106146, 0.0)], [0.979406, -0.0166368, 0.201217, 0.0)], [-0.198163, 0.111744, 0.973779, 0.0)], [0.115713, -0.00177488, 0.062297, 1.0)]])
0.115713, -0.00177488, 0.062297
float3(-0.111978, -0.200757, -1.58754)
262032.299638291
normal
simd_float4x4([[-0.0318279, -0.99365, 0.107919, 0.0)], [0.98802, -0.014965, 0.153601, 0.0)], [-0.151011, 0.111515, 0.982222, 0.0)], [0.110347, -0.000809044, 0.0589843, 1.0)]])
0.110347, -0.000809044, 0.0589843
float3(-0.111748, -0.15255, -1.58586)
262032.3996935
normal
simd_float4x4([[-0.0221619, -0.993034, 0.115725, 0.0)], [0.996123, -0.0120768, 0.0871326, 0.0)], [-0.085128, 0.117207, 0.989452, 0.0)], [0.0975812, -0.000276282, 0.0532157, 1.0)]])
0.0975812, -0.000276282, 0.0532157
float3(-0.117477, -0.0858242, -1.58296)
262032.499748916
normal
simd_float4x4([[-0.0124872, -0.992694, 0.120007, 0.0)], [0.999905, -0.0116957, 0.0072972, 0.0)], [-0.00584032, 0.120087, 0.992746, 0.0)], [0.0785067, 0.000663668, 0.0453837, 1.0)]])
0.0785067, 0.000663668, 0.0453837
float3(-0.120377, -0.00588292, -1.58258)
262032.599804041
normal
simd_float4x4([[-0.00443996, -0.992828, 0.119468, 0.0)], [0.996569, -0.0142675, -0.0815319, 0.0)], [0.0826516, 0.118696, 0.989485, 0.0)], [0.0562498, 0.00253003, 0.0367054, 1.0)]])
0.0562498, 0.00253003, 0.0367054
float3(-0.118977, 0.0833365, -1.58517)
262032.699859541
normal
simd_float4x4([[0.00389436, -0.993154, 0.116746, 0.0)], [0.984523, -0.0166481, -0.174466, 0.0)], [0.175215, 0.115619, 0.977718, 0.0)], [0.0312742, 0.00418829, 0.0305553, 1.0)]])
0.0312742, 0.00418829, 0.0305553
float3(-0.115878, 0.177326, -1.58756)
262032.799914708
normal
simd_float4x4([[0.0122506, -0.99399, 0.108784, 0.0)], [0.964473, -0.0169659, -0.263635, 0.0)], [0.263896, 0.108149, 0.958469, 0.0)], [0.00474926, 0.00569912, 0.0270971, 1.0)]])
0.00474926, 0.00569912, 0.0270971
float3(-0.108361, 0.268674, -1.58786)
262032.899970166
normal
simd_float4x4([[0.0224338, -0.994623, 0.101105, 0.0)], [0.939242, -0.01368, -0.342982, 0.0)], [0.342521, 0.102657, 0.933885, 0.0)], [-0.0227264, 0.00786842, 0.0256657, 1.0)]])
-0.0227264, 0.00786842, 0.0256657
float3(-0.102838, 0.351536, -1.58455)
262033.000025458
normal
simd_float4x4([[0.0312152, -0.995308, 0.0915812, 0.0)], [0.925943, -0.00570621, -0.37762, 0.0)], [0.376371, 0.0965865, 0.921421, 0.0)], [-0.152044, -0.0429433, -0.02973, 1.0)]])
-0.152044, -0.0429433, -0.02973
float3(-0.0967373, 0.387785, -1.57653)
262033.100080666
normal
simd_float4x4([[0.0384062, -0.996061, 0.079919, 0.0)], [0.898602, -0.000555861, -0.438764, 0.0)], [0.43708, 0.0886666, 0.895041, 0.0)], [-0.171532, -0.040755, -0.0242249, 1.0)]])
-0.171532, -0.040755, -0.0242249
float3(-0.0887832, 0.454272, -1.57135)
262033.200136208
normal
simd_float4x4([[0.0442606, -0.996412, 0.0721449, 0.0)], [0.872257, 0.00333708, -0.489037, 0.0)], [0.487041, 0.0845739, 0.869275, 0.0)], [-0.190478, -0.0381628, -0.0210999, 1.0)]])
-0.190478, -0.0381628, -0.0210999
float3(-0.084675, 0.510705, -1.56745)
262033.300191458
normal
simd_float4x4([[0.0473033, -0.996698, 0.0659966, 0.0)], [0.847029, 0.00500512, -0.531523, 0.0)], [0.529437, 0.0810438, 0.844469, 0.0)], [-0.208469, -0.0349724, -0.018721, 1.0)]])
-0.208469, -0.0349724, -0.018721
float3(-0.0811328, 0.559998, -1.56577)
262033.400246875
normal
simd_float4x4([[0.0467118, -0.997063, 0.0606966, 0.0)], [0.824611, 0.00419621, -0.565685, 0.0)], [0.563768, 0.0764752, 0.822385, 0.0)], [-0.223507, -0.0340567, -0.0162477, 1.0)]])
-0.223507, -0.0340567, -0.0162477
float3(-0.07655, 0.600947, -1.56659)
262033.500302
normal
simd_float4x4([[0.0519121, -0.99665, 0.0632043, 0.0)], [0.808733, 0.00482519, -0.588157, 0.0)], [0.585881, 0.0816478, 0.806274, 0.0)], [-0.238775, -0.0334966, -0.0150489, 1.0)]])
-0.238775, -0.0334966, -0.0150489
float3(-0.0817388, 0.628391, -1.56595)
262033.600357458
normal
simd_float4x4([[0.0515045, -0.996699, 0.0627521, 0.0)], [0.79829, 0.00333319, -0.602264, 0.0)], [0.600067, 0.0811137, 0.795826, 0.0)], [-0.248435, -0.0331583, -0.0133544, 1.0)]])
-0.248435, -0.0331583, -0.0133544
float3(-0.0812029, 0.646068, -1.56745)
262033.700412791
normal
simd_float4x4([[0.051913, -0.996695, 0.0624808, 0.0)], [0.79363, 0.00319742, -0.608393, 0.0)], [0.606182, 0.0811701, 0.791173, 0.0)], [-0.255905, -0.0335274, -0.0120268, 1.0)]])
-0.255905, -0.0335274, -0.0120268
float3(-0.0812595, 0.653777, -1.56759)
262033.800468166
normal
simd_float4x4([[0.0534138, -0.996305, 0.0672567, 0.0)], [0.79183, 0.00122277, -0.61074, 0.0)], [0.608401, 0.0858778, 0.78897, 0.0)], [-0.254105, -0.0343227, -0.015402, 1.0)]])
-0.254105, -0.0343227, -0.015402
float3(-0.0859837, 0.65689, -1.56957)
262033.900523541
normal
simd_float4x4([[0.0538942, -0.996324, 0.0665826, 0.0)], [0.793213, 0.00221295, -0.60894, 0.0)], [0.606554, 0.0856325, 0.790417, 0.0)], [-0.253967, -0.0343849, -0.015962, 1.0)]])
-0.253967, -0.0343849, -0.015962
float3(-0.0857375, 0.654535, -1.56858)
262034.000579
normal
simd_float4x4([[0.0551806, -0.99627, 0.0663477, 0.0)], [0.796421, 0.0038388, -0.604731, 0.0)], [0.60222, 0.08621, 0.793662, 0.0)], [-0.252555, -0.0339562, -0.0169227, 1.0)]])
-0.252555, -0.0339562, -0.0169227
float3(-0.0863172, 0.649101, -1.56694)
262034.100634416
normal
simd_float4x4([[0.0548558, -0.996572, 0.061923, 0.0)], [0.799343, 0.00666568, -0.600839, 0.0)], [0.598367, 0.0824572, 0.796968, 0.0)], [-0.250725, -0.0336196, -0.0162979, 1.0)]])
-0.250725, -0.0336196, -0.0162979
float3(-0.0825509, 0.644015, -1.56411)
262034.20068975
normal
simd_float4x4([[0.0536948, -0.996686, 0.0611033, 0.0)], [0.801843, 0.00656732, -0.597499, 0.0)], [0.595118, 0.0810778, 0.799538, 0.0)], [-0.247205, -0.0333723, -0.0173625, 1.0)]])
-0.247205, -0.0333723, -0.0173625
float3(-0.0811669, 0.639861, -1.56421)
262034.30074525
normal
simd_float4x4([[0.0527435, -0.996847, 0.0592883, 0.0)], [0.80419, 0.00720168, -0.594329, 0.0)], [0.592028, 0.079026, 0.802033, 0.0)], [-0.245096, -0.032926, -0.0180343, 1.0)]])
-0.245096, -0.032926, -0.0180343
float3(-0.0791085, 0.63588, -1.56357)
262034.400800458
normal
simd_float4x4([[0.0517624, -0.997091, 0.0559404, 0.0)], [0.805534, 0.00857732, -0.592488, 0.0)], [0.590285, 0.0757305, 0.803635, 0.0)], [-0.243457, -0.0330211, -0.018014, 1.0)]])
-0.243457, -0.0330211, -0.018014
float3(-0.0758031, 0.633519, -1.56219)
262034.500855875
normal
simd_float4x4([[0.0508725, -0.997461, 0.0498408, 0.0)], [0.807927, 0.0117666, -0.589166, 0.0)], [0.587083, 0.07024, 0.806474, 0.0)], [-0.242004, -0.03274, -0.0167128, 1.0)]])
-0.242004, -0.03274, -0.0167128
float3(-0.0702979, 0.629248, -1.559)
262034.600911291
normal
simd_float4x4([[0.0536976, -0.997256, 0.0509619, 0.0)], [0.812032, 0.0139087, -0.583448, 0.0)], [0.581138, 0.0727124, 0.81055, 0.0)], [-0.241075, -0.0331029, -0.0183566, 1.0)]])
-0.241075, -0.0331029, -0.0183566
float3(-0.0727766, 0.622023, -1.55685)
262034.700966791
normal
simd_float4x4([[0.0553541, -0.997077, 0.0526656, 0.0)], [0.822941, 0.0156898, -0.56791, 0.0)], [0.565424, 0.0747768, 0.821404, 0.0)], [-0.240385, -0.0336374, -0.0226432, 1.0)]])
-0.240385, -0.0336374, -0.0226432
float3(-0.0748467, 0.602873, -1.55506)
262034.801021958
normal
simd_float4x4([[0.0551728, -0.996755, 0.0586115, 0.0)], [0.841398, 0.0148077, -0.540213, 0.0)], [0.537592, 0.0791207, 0.839485, 0.0)], [-0.234803, -0.0357759, -0.0291086, 1.0)]])
-0.234803, -0.0357759, -0.0291086
float3(-0.0792035, 0.569585, -1.55594)
262034.901077625
normal
simd_float4x4([[0.0534695, -0.995733, 0.0752114, 0.0)], [0.867108, 0.00894367, -0.49804, 0.0)], [0.495243, 0.0918464, 0.863886, 0.0)], [-0.227919, -0.0404535, -0.0412755, 1.0)]])
-0.227919, -0.0404535, -0.0412755
float3(-0.091976, 0.520535, -1.56181)
262035.001132833
normal
simd_float4x4([[0.0591671, -0.994176, 0.0900739, 0.0)], [0.885027, 0.0105033, -0.465421, 0.0)], [0.461765, 0.107255, 0.880494, 0.0)], [-0.160521, -0.0160416, -0.0590074, 1.0)]])
-0.160521, -0.0160416, -0.0590074
float3(-0.107462, 0.483006, -1.56023)
262035.101188458
normal
simd_float4x4([[0.0621733, -0.993513, 0.0952188, 0.0)], [0.91817, 0.0195337, -0.395705, 0.0)], [0.391278, 0.112029, 0.913428, 0.0)], [-0.16926, -0.0229183, -0.0766249, 1.0)]])
-0.16926, -0.0229183, -0.0766249
float3(-0.112265, 0.404715, -1.55114)
262035.201243958
normal
simd_float4x4([[0.0651015, -0.993838, 0.0897044, 0.0)], [0.948821, 0.0338109, -0.313999, 0.0)], [0.309031, 0.105555, 0.945176, 0.0)], [-0.182736, -0.027231, -0.0937673, 1.0)]])
-0.182736, -0.027231, -0.0937673
float3(-0.105752, 0.316001, -1.53679)
262035.301299291
normal
simd_float4x4([[0.0613361, -0.995633, 0.0703689, 0.0)], [0.968188, 0.0422138, -0.246636, 0.0)], [0.242588, 0.0832581, 0.96655, 0.0)], [-0.195898, -0.0303426, -0.111871, 1.0)]])
-0.195898, -0.0303426, -0.111871
float3(-0.0833546, 0.245904, -1.52842)
262035.401354833
normal
simd_float4x4([[0.0486129, -0.997108, 0.0584245, 0.0)], [0.97602, 0.034996, -0.214849, 0.0)], [0.212183, 0.0674679, 0.974898, 0.0)], [-0.203556, -0.0361332, -0.137013, 1.0)]])
-0.203556, -0.0361332, -0.137013
float3(-0.0675191, 0.214304, -1.53571)
262035.501410166
normal
simd_float4x4([[0.0446154, -0.99579, 0.0800791, 0.0)], [0.984338, 0.0301339, -0.173698, 0.0)], [0.170554, 0.0865745, 0.981538, 0.0)], [-0.207301, -0.0424053, -0.182027, 1.0)]])
-0.207301, -0.0424053, -0.182027
float3(-0.086683, 0.172044, -1.54054)
262035.601465666
normal
simd_float4x4([[0.0533969, -0.995124, 0.0829229, 0.0)], [0.990475, 0.0422268, -0.131054, 0.0)], [0.126914, 0.089131, 0.987901, 0.0)], [-0.209799, -0.0471537, -0.234325, 1.0)]])
-0.209799, -0.0471537, -0.234325
float3(-0.0892494, 0.127768, -1.52839)
262035.701521041
normal
simd_float4x4([[0.0523127, -0.994226, 0.0936927, 0.0)], [0.993228, 0.042054, -0.108303, 0.0)], [0.103738, 0.0987239, 0.989693, 0.0)], [-0.204019, -0.0533567, -0.299115, 1.0)]])
-0.204019, -0.0533567, -0.299115
float3(-0.098885, 0.104437, -1.52852)
262035.8015765
normal
simd_float4x4([[0.0280136, -0.996573, 0.0778322, 0.0)], [0.994816, 0.0201805, -0.0996647, 0.0)], [0.0977525, 0.0802207, 0.991972, 0.0)], [-0.189111, -0.0577348, -0.368132, 1.0)]])
-0.189111, -0.0577348, -0.368132
float3(-0.080307, 0.0982264, -1.55055)
262035.901631916
normal
simd_float4x4([[0.000120097, -0.998151, 0.0607909, 0.0)], [0.99307, -0.00702521, -0.117312, 0.0)], [0.117522, 0.0603837, 0.991233, 0.0)], [-0.171407, -0.0578891, -0.443707, 1.0)]])
-0.171407, -0.0578891, -0.443707
float3(-0.0604205, 0.11801, -1.57783)
262036.0016875
normal
simd_float4x4([[0.00888468, -0.99501, 0.0993837, 0.0)], [0.990737, -0.00470858, -0.135711, 0.0)], [0.135502, 0.0996689, 0.985751, 0.0)], [-0.162735, -0.0521456, -0.535258, 1.0)]])
-0.162735, -0.0521456, -0.535258
float3(-0.0998346, 0.136604, -1.57553)
262036.101742833
normal
simd_float4x4([[0.0212085, -0.995123, 0.0963312, 0.0)], [0.988999, 0.00677361, -0.147768, 0.0)], [0.146394, 0.0984054, 0.98432, 0.0)], [-0.155127, -0.0422169, -0.614559, 1.0)]])
-0.155127, -0.0422169, -0.614559
float3(-0.0985649, 0.147644, -1.56399)
262036.201798375
normal
simd_float4x4([[0.0125896, -0.993888, 0.109675, 0.0)], [0.984788, -0.00668572, -0.17363, 0.0)], [0.173302, 0.110193, 0.978685, 0.0)], [-0.152709, -0.0381184, -0.694841, 1.0)]])
-0.152709, -0.0381184, -0.694841
float3(-0.110417, 0.17526, -1.57752)
262036.301853875
normal
simd_float4x4([[0.036345, -0.993118, 0.111335, 0.0)], [0.981621, 0.0145926, -0.19028, 0.0)], [0.187346, 0.116205, 0.975396, 0.0)], [-0.164127, -0.0394583, -0.778535, 1.0)]])
-0.164127, -0.0394583, -0.778535
float3(-0.116468, 0.189761, -1.5561)
262036.401909375
normal
simd_float4x4([[0.040498, -0.994406, 0.0975537, 0.0)], [0.979981, 0.0204826, -0.198037, 0.0)], [0.194931, 0.103621, 0.975328, 0.0)], [-0.169829, -0.0495061, -0.866862, 1.0)]])
-0.169829, -0.0495061, -0.866862
float3(-0.103807, 0.197262, -1.5502)
262036.501964958
normal
simd_float4x4([[0.0272307, -0.997207, 0.0695471, 0.0)], [0.982153, 0.0137372, -0.187584, 0.0)], [0.186104, 0.0734139, 0.979783, 0.0)], [-0.173587, -0.0585239, -0.954548, 1.0)]])
-0.173587, -0.0585239, -0.954548
float3(-0.0734801, 0.187708, -1.55702)
262036.602020333
normal
simd_float4x4([[0.0411234, -0.998232, 0.0429159, 0.0)], [0.9883, 0.0343253, -0.14861, 0.0)], [0.146874, 0.0485252, 0.987964, 0.0)], [-0.185629, -0.0631267, -1.04161, 1.0)]])
-0.185629, -0.0631267, -1.04161
float3(-0.0485442, 0.147582, -1.53642)
262036.702075833
normal
simd_float4x4([[0.0231401, -0.998388, 0.0518177, 0.0)], [0.989139, 0.0153386, -0.146182, 0.0)], [0.145152, 0.0546376, 0.9879, 0.0)], [-0.190617, -0.0597558, -1.13539, 1.0)]])
-0.190617, -0.0597558, -1.13539
float3(-0.0546648, 0.145886, -1.55543)
262036.802131291
normal
simd_float4x4([[0.0273147, -0.995879, 0.0864766, 0.0)], [0.988216, 0.0138679, -0.152436, 0.0)], [0.150608, 0.0896213, 0.984523, 0.0)], [-0.201117, -0.0560496, -1.23269, 1.0)]])
-0.201117, -0.0560496, -1.23269
float3(-0.0897417, 0.151799, -1.55687)
262036.902186791
normal
simd_float4x4([[-0.00031162, -0.994797, 0.101872, 0.0)], [0.987734, -0.016213, -0.155301, 0.0)], [0.156145, 0.100574, 0.9826, 0.0)], [-0.201074, -0.0596644, -1.32837, 1.0)]])
-0.201074, -0.0596644, -1.32837
float3(-0.100744, 0.157592, -1.58709)
262037.002242291
normal
simd_float4x4([[-0.00122743, -0.994353, 0.106112, 0.0)], [0.986789, -0.018395, -0.160961, 0.0)], [0.162004, 0.104513, 0.98124, 0.0)], [-0.204932, -0.0742095, -1.43136, 1.0)]])
-0.204932, -0.0742095, -1.43136
float3(-0.104704, 0.163625, -1.58929)
262037.102297791
normal
simd_float4x4([[0.00586231, -0.996017, 0.0889703, 0.0)], [0.986031, -0.00905303, -0.166318, 0.0)], [0.166461, 0.0887025, 0.98205, 0.0)], [-0.204328, -0.0813169, -1.52894, 1.0)]])
-0.204328, -0.0813169, -1.52894
float3(-0.0888192, 0.167908, -1.57989)
262037.202353166
normal
simd_float4x4([[0.00553109, -0.997466, 0.070927, 0.0)], [0.982102, -0.00793524, -0.188183, 0.0)], [0.188269, 0.0706984, 0.97957, 0.0)], [-0.19907, -0.0776308, -1.62564, 1.0)]])
-0.19907, -0.0776308, -1.62564
float3(-0.0707574, 0.18988, -1.57875)
262037.30240875
normal
simd_float4x4([[0.0130774, -0.997453, 0.0701224, 0.0)], [0.984427, 0.000548251, -0.175791, 0.0)], [0.175305, 0.0713293, 0.981927, 0.0)], [-0.198658, -0.0629351, -1.72228, 1.0)]])
-0.198658, -0.0629351, -1.72228
float3(-0.0713899, 0.17667, -1.57025)
262037.402464416
normal
simd_float4x4([[0.0151074, -0.996046, 0.0875475, 0.0)], [0.98382, -0.000824913, -0.179155, 0.0)], [0.178519, 0.0888376, 0.979918, 0.0)], [-0.204853, -0.0578333, -1.81949, 1.0)]])
-0.204853, -0.0578333, -1.81949
float3(-0.0889549, 0.180202, -1.57162)
262037.502519833
normal
simd_float4x4([[0.0388101, -0.994976, 0.0922847, 0.0)], [0.984611, 0.0223292, -0.173331, 0.0)], [0.170399, 0.0975914, 0.980531, 0.0)], [-0.217752, -0.066484, -1.91768, 1.0)]])
-0.217752, -0.066484, -1.91768
float3(-0.097747, 0.172064, -1.54836)
262037.602575458
normal
simd_float4x4([[0.0411138, -0.996638, 0.0708727, 0.0)], [0.990037, 0.0310753, -0.137336, 0.0)], [0.134672, 0.0758129, 0.987986, 0.0)], [-0.228342, -0.0791999, -2.01166, 1.0)]])
-0.228342, -0.0791999, -2.01166
float3(-0.0758858, 0.135474, -1.53963)
262037.702631041
normal
simd_float4x4([[0.0230974, -0.998517, 0.0493051, 0.0)], [0.994638, 0.017979, -0.10184, 0.0)], [0.100802, 0.051393, 0.993578, 0.0)], [-0.235575, -0.0882857, -2.10416, 1.0)]])
-0.235575, -0.0882857, -2.10416
float3(-0.0514156, 0.101108, -1.55279)
262037.802686583
normal
simd_float4x4([[0.00400973, -0.997999, 0.063103, 0.0)], [0.997581, -0.000387386, -0.0695155, 0.0)], [0.0694009, 0.063229, 0.995583, 0.0)], [-0.241651, -0.087685, -2.20235, 1.0)]])
-0.241651, -0.087685, -2.20235
float3(-0.0632713, 0.0695962, -1.57118)
262037.902742083
normal
simd_float4x4([[0.0238901, -0.99577, 0.088723, 0.0)], [0.998108, 0.0187282, -0.0585633, 0.0)], [0.0566539, 0.0899542, 0.994333, 0.0)], [-0.257186, -0.0872111, -2.29834, 1.0)]])
-0.257186, -0.0872111, -2.29834
float3(-0.090076, 0.0569153, -1.55199)
262038.002797583
normal
simd_float4x4([[0.00336157, -0.993739, 0.111671, 0.0)], [0.998327, -0.00311133, -0.0577392, 0.0)], [0.0577252, 0.111678, 0.992067, 0.0)], [-0.260364, -0.0927683, -2.3998, 1.0)]])
-0.260364, -0.0927683, -2.3998
float3(-0.111912, 0.0581213, -1.57393)
262038.102853083
normal
simd_float4x4([[-0.00451254, -0.995301, 0.0967232, 0.0)], [0.998811, -0.00918096, -0.0478752, 0.0)], [0.0485382, 0.0963921, 0.994159, 0.0)], [-0.264065, -0.104691, -2.49244, 1.0)]])
-0.264065, -0.104691, -2.49244
float3(-0.096542, 0.0487846, -1.58002)
262038.202908625
normal
simd_float4x4([[-0.0124866, -0.997345, 0.0717444, 0.0)], [0.997714, -0.0171928, -0.0653577, 0.0)], [0.0664176, 0.0707642, 0.995279, 0.0)], [-0.261167, -0.120534, -2.60232, 1.0)]])
-0.261167, -0.120534, -2.60232
float3(-0.0708234, 0.0666338, -1.58803)
262038.302964125
normal
simd_float4x4([[-0.0160674, -0.997074, 0.0747378, 0.0)], [0.994103, -0.0239471, -0.10576, 0.0)], [0.107241, 0.0725978, 0.991579, 0.0)], [-0.258216, -0.120825, -2.70498, 1.0)]])
-0.258216, -0.120825, -2.70498
float3(-0.0726617, 0.107733, -1.59481)
262038.403019791
normal
simd_float4x4([[-0.00037742, -0.994719, 0.102631, 0.0)], [0.99394, -0.0116544, -0.109301, 0.0)], [0.10992, 0.101968, 0.988696, 0.0)], [-0.261116, -0.105763, -2.80321, 1.0)]])
-0.261116, -0.105763, -2.80321
float3(-0.102145, 0.110722, -1.58251)
262038.503075458
normal
simd_float4x4([[0.0077787, -0.995801, 0.091208, 0.0)], [0.993155, -0.00293671, -0.116764, 0.0)], [0.116542, 0.091492, 0.988963, 0.0)], [-0.26574, -0.0969298, -2.89058, 1.0)]])
-0.26574, -0.0969298, -2.89058
float3(-0.0916201, 0.117302, -1.57375)
262038.603130958
normal
simd_float4x4([[0.0400525, -0.996567, 0.0724599, 0.0)], [0.991523, 0.0306695, -0.12626, 0.0)], [0.123604, 0.0769026, 0.989347, 0.0)], [-0.277371, -0.100443, -2.984, 1.0)]])
-0.277371, -0.100443, -2.984
float3(-0.0769786, 0.124291, -1.54003)
262038.703186625
normal
simd_float4x4([[0.0479772, -0.997122, 0.058708, 0.0)], [0.990319, 0.0398207, -0.132974, 0.0)], [0.130254, 0.0645194, 0.989379, 0.0)], [-0.287419, -0.110286, -3.08697, 1.0)]])
-0.287419, -0.110286, -3.08697
float3(-0.0645643, 0.130899, -1.53088)
262038.803242
normal
simd_float4x4([[0.0492479, -0.99809, 0.0373033, 0.0)], [0.990109, 0.0438734, -0.133264, 0.0)], [0.131373, 0.0434973, 0.990378, 0.0)], [-0.297748, -0.119117, -3.19466, 1.0)]])
-0.297748, -0.119117, -3.19466
float3(-0.043511, 0.131879, -1.52687)
262038.903297666
normal
simd_float4x4([[0.0364691, -0.998715, 0.0351781, 0.0)], [0.991081, 0.0316306, -0.12945, 0.0)], [0.128171, 0.0395853, 0.990962, 0.0)], [-0.306176, -0.118335, -3.29913, 1.0)]])
-0.306176, -0.118335, -3.29913
float3(-0.0395957, 0.128626, -1.53914)
262039.003353125
normal
simd_float4x4([[0.0433213, -0.996766, 0.0676822, 0.0)], [0.990261, 0.0338691, -0.13504, 0.0)], [0.132311, 0.0728732, 0.988526, 0.0)], [-0.317367, -0.116079, -3.40771, 1.0)]])
-0.317367, -0.116079, -3.40771
float3(-0.0729378, 0.133056, -1.53683)
262039.103408875
normal
simd_float4x4([[0.0165951, -0.992687, 0.119571, 0.0)], [0.990447, -5.16928e-05, -0.137892, 0.0)], [0.136889, 0.120717, 0.983203, 0.0)], [-0.31884, -0.119251, -3.51566, 1.0)]])
-0.31884, -0.119251, -3.51566
float3(-0.121012, 0.138339, -1.57085)
262039.203464416
normal
simd_float4x4([[-0.00563112, -0.99205, 0.125718, 0.0)], [0.991345, -0.0220281, -0.129422, 0.0)], [0.131162, 0.123901, 0.983588, 0.0)], [-0.319177, -0.130139, -3.61821, 1.0)]])
-0.319177, -0.130139, -3.61821
float3(-0.12422, 0.132569, -1.593)
262039.303520083
normal
simd_float4x4([[0.00669513, -0.991197, 0.132225, 0.0)], [0.986182, -0.0153436, -0.164954, 0.0)], [0.165531, 0.131503, 0.977398, 0.0)], [-0.324337, -0.142441, -3.73825, 1.0)]])
-0.324337, -0.142441, -3.73825
float3(-0.131885, 0.167767, -1.58627)
262039.403575666
normal
simd_float4x4([[0.0345741, -0.991909, 0.122153, 0.0)], [0.981871, 0.0109197, -0.189237, 0.0)], [0.186372, 0.126482, 0.974304, 0.0)], [-0.329018, -0.144653, -3.84024, 1.0)]])
-0.329018, -0.144653, -3.84024
float3(-0.126821, 0.189005, -1.55979)
262039.50363125
normal
simd_float4x4([[0.0351266, -0.992201, 0.119598, 0.0)], [0.983056, 0.0127613, -0.18286, 0.0)], [0.179907, 0.123995, 0.975837, 0.0)], [-0.333696, -0.128338, -3.93085, 1.0)]])
-0.333696, -0.128338, -3.93085
float3(-0.124315, 0.182315, -1.55794)
262039.603686875
normal
simd_float4x4([[0.0233495, -0.992567, 0.119441, 0.0)], [0.984405, 0.00198938, -0.175909, 0.0)], [0.174364, 0.121686, 0.977134, 0.0)], [-0.341138, -0.1187, -4.02146, 1.0)]])
-0.341138, -0.1187, -4.02146
float3(-0.121988, 0.176586, -1.56879)
262039.7037425
normal
simd_float4x4([[0.0334598, -0.993874, 0.105335, 0.0)], [0.987136, 0.0163771, -0.159042, 0.0)], [0.156342, 0.109301, 0.981636, 0.0)], [-0.353966, -0.122671, -4.1172, 1.0)]])
-0.353966, -0.122671, -4.1172
float3(-0.10952, 0.157941, -1.55432)
262039.803798166
normal
simd_float4x4([[0.0312735, -0.996462, 0.0780029, 0.0)], [0.991908, 0.0213332, -0.125158, 0.0)], [0.123051, 0.0812858, 0.989066, 0.0)], [-0.367679, -0.133371, -4.21393, 1.0)]])
-0.367679, -0.133371, -4.21393
float3(-0.0813756, 0.123775, -1.54939)
262039.903853625
normal
simd_float4x4([[0.0225822, -0.999239, 0.0318101, 0.0)], [0.992754, 0.0186567, -0.118706, 0.0)], [0.118022, 0.0342603, 0.99242, 0.0)], [-0.38168, -0.140395, -4.30417, 1.0)]])
-0.38168, -0.140395, -4.30417
float3(-0.034267, 0.118368, -1.55213)
262040.003909291
normal
simd_float4x4([[0.023203, -0.999107, 0.0353059, 0.0)], [0.993406, 0.0190757, -0.113051, 0.0)], [0.112276, 0.0376962, 0.992962, 0.0)], [-0.397855, -0.134632, -4.40456, 1.0)]])
-0.397855, -0.134632, -4.40456
float3(-0.0377051, 0.112594, -1.55171)
262040.103964875
normal
simd_float4x4([[0.0278471, -0.998776, 0.0408751, 0.0)], [0.992693, 0.0228283, -0.118488, 0.0)], [0.11741, 0.043876, 0.992114, 0.0)], [-0.410816, -0.12801, -4.50564, 1.0)]])
-0.410816, -0.12801, -4.50564
float3(-0.0438901, 0.117796, -1.54794)
262040.204020541
normal
simd_float4x4([[-0.0062963, -0.998273, 0.0584058, 0.0)], [0.993505, -0.012881, -0.11306, 0.0)], [0.113617, 0.0573146, 0.99187, 0.0)], [-0.410061, -0.131016, -4.60949, 1.0)]])
-0.410061, -0.131016, -4.60949
float3(-0.057346, 0.114051, -1.5837)
262040.304076166
normal
simd_float4x4([[-0.0164465, -0.99825, 0.0568033, 0.0)], [0.994227, -0.022352, -0.104947, 0.0)], [0.106033, 0.0547494, 0.992854, 0.0)], [-0.411063, -0.143007, -4.71701, 1.0)]])
-0.411063, -0.143007, -4.71701
float3(-0.0547767, 0.106393, -1.59318)
262040.404131875
normal
simd_float4x4([[-0.0242084, -0.998156, 0.0556624, 0.0)], [0.991938, -0.0309107, -0.122893, 0.0)], [0.124387, 0.0522386, 0.990858, 0.0)], [-0.408768, -0.151192, -4.83251, 1.0)]])
-0.408768, -0.151192, -4.83251
float3(-0.0522624, 0.124881, -1.60175)
262040.504187541
normal
simd_float4x4([[-0.00608478, -0.998968, 0.045001, 0.0)], [0.98756, -0.0130741, -0.156696, 0.0)], [0.157123, 0.0434878, 0.986621, 0.0)], [-0.407888, -0.141605, -4.92319, 1.0)]])
-0.407888, -0.141605, -4.92319
float3(-0.0435015, 0.157927, -1.58388)
262040.604243125
normal
simd_float4x4([[0.0217106, -0.998688, 0.0463897, 0.0)], [0.986757, 0.0139447, -0.161604, 0.0)], [0.160745, 0.0492839, 0.985765, 0.0)], [-0.41507, -0.125711, -5.01035, 1.0)]])
-0.41507, -0.125711, -5.01035
float3(-0.0493038, 0.161644, -1.55683)
262040.704298958
normal
simd_float4x4([[0.0364129, -0.996798, 0.0711868, 0.0)], [0.983594, 0.0231542, -0.178902, 0.0)], [0.176681, 0.0765333, 0.981288, 0.0)], [-0.424426, -0.121225, -5.10256, 1.0)]])
-0.424426, -0.121225, -5.10256
float3(-0.0766082, 0.178142, -1.54757)
262040.804354416
normal
simd_float4x4([[0.0470268, -0.996491, 0.0692358, 0.0)], [0.982131, 0.0334817, -0.185197, 0.0)], [0.182229, 0.0767079, 0.980259, 0.0)], [-0.43862, -0.12917, -5.19267, 1.0)]])
-0.43862, -0.12917, -5.19267
float3(-0.0767833, 0.1838, -1.53721)
262040.904410291
normal
simd_float4x4([[0.0354913, -0.997699, 0.0577679, 0.0)], [0.984379, 0.0249257, -0.174292, 0.0)], [0.172451, 0.0630513, 0.982998, 0.0)], [-0.451136, -0.143305, -5.28258, 1.0)]])
-0.451136, -0.143305, -5.28258
float3(-0.0630931, 0.173666, -1.54582)
262041.004465791
normal
simd_float4x4([[0.0311152, -0.999095, 0.0290161, 0.0)], [0.988346, 0.0264266, -0.149912, 0.0)], [0.14901, 0.0333425, 0.988273, 0.0)], [-0.467986, -0.150976, -5.37118, 1.0)]])
-0.467986, -0.150976, -5.37118
float3(-0.0333486, 0.149651, -1.54435)
262041.104521541
normal
simd_float4x4([[0.0290497, -0.996846, 0.0738525, 0.0)], [0.989832, 0.0183957, -0.141047, 0.0)], [0.139244, 0.077199, 0.987244, 0.0)], [-0.483562, -0.147514, -5.472, 1.0)]])
-0.483562, -0.147514, -5.472
float3(-0.0772759, 0.140118, -1.55234)
262041.204577083
normal
simd_float4x4([[0.0161284, -0.99631, 0.0842967, 0.0)], [0.989737, 0.00393608, -0.142845, 0.0)], [0.141986, 0.0857355, 0.986149, 0.0)], [-0.492034, -0.14363, -5.55718, 1.0)]])
-0.492034, -0.14363, -5.55718
float3(-0.0858409, 0.142997, -1.56685)
262041.304632791
normal
simd_float4x4([[-0.0101172, -0.99475, 0.101831, 0.0)], [0.989312, -0.0247717, -0.143695, 0.0)], [0.145463, 0.0992891, 0.984369, 0.0)], [-0.49816, -0.149387, -5.6493, 1.0)]])
-0.49816, -0.149387, -5.6493
float3(-0.0994529, 0.146711, -1.59569)
262041.404688416
normal
simd_float4x4([[-0.0149649, -0.996759, 0.0790355, 0.0)], [0.989886, -0.0259209, -0.139474, 0.0)], [0.141071, 0.076149, 0.987067, 0.0)], [-0.508373, -0.15831, -5.73881, 1.0)]])
-0.508373, -0.15831, -5.73881
float3(-0.0762228, 0.141958, -1.5968)
262041.504744125
normal
simd_float4x4([[-0.0234976, -0.997893, 0.0604703, 0.0)], [0.988421, -0.0322593, -0.148269, 0.0)], [0.149907, 0.0562861, 0.987097, 0.0)], [-0.515503, -0.16336, -5.84124, 1.0)]])
-0.515503, -0.16336, -5.84124
float3(-0.0563159, 0.150715, -1.60311)
262041.60479975
normal
simd_float4x4([[-0.0117955, -0.998335, 0.0564693, 0.0)], [0.986115, -0.0209692, -0.164737, 0.0)], [0.165646, 0.0537421, 0.98472, 0.0)], [-0.522558, -0.153687, -5.93628, 1.0)]])
-0.522558, -0.153687, -5.93628
float3(-0.053768, 0.166656, -1.5918)
262041.704855541
normal
simd_float4x4([[-0.00358707, -0.999241, 0.0387816, 0.0)], [0.987409, -0.00967265, -0.157895, 0.0)], [0.15815, 0.0377269, 0.986694, 0.0)], [-0.536408, -0.140765, -6.02391, 1.0)]])
-0.536408, -0.140765, -6.02391
float3(-0.0377359, 0.158931, -1.58048)
262041.804911125
normal
simd_float4x4([[0.0198284, -0.998366, 0.0535975, 0.0)], [0.986269, 0.0107409, -0.164797, 0.0)], [0.163952, 0.0561293, 0.98487, 0.0)], [-0.55779, -0.132844, -6.1141, 1.0)]])
-0.55779, -0.132844, -6.1141
float3(-0.0561588, 0.164958, -1.56004)
262041.904966791
normal
simd_float4x4([[0.0325845, -0.998184, 0.0506661, 0.0)], [0.984477, 0.0233071, -0.173962, 0.0)], [0.172465, 0.055548, 0.983448, 0.0)], [-0.578625, -0.135542, -6.20006, 1.0)]])
-0.578625, -0.135542, -6.20006
float3(-0.0555766, 0.173603, -1.54745)
262042.005022625
normal
simd_float4x4([[0.0305445, -0.999111, 0.0290576, 0.0)], [0.986812, 0.0255196, -0.159848, 0.0)], [0.158964, 0.0335569, 0.986714, 0.0)], [-0.601304, -0.148747, -6.28243, 1.0)]])
-0.601304, -0.148747, -6.28243
float3(-0.0335632, 0.159732, -1.54526)
262042.105078291
normal
simd_float4x4([[0.031088, -0.999515, 0.00172699, 0.0)], [0.991053, 0.0306003, -0.129915, 0.0)], [0.129799, 0.00575032, 0.991524, 0.0)], [-0.622249, -0.15655, -6.35313, 1.0)]])
-0.622249, -0.15655, -6.35313
float3(-0.00575035, 0.130168, -1.54019)
262042.205134083
normal
simd_float4x4([[0.00328302, -0.999859, -0.0164455, 0.0)], [0.991368, 0.00540979, -0.131, 0.0)], [0.131071, -0.0158734, 0.991246, 0.0)], [-0.634151, -0.154822, -6.42664, 1.0)]])
-0.634151, -0.154822, -6.42664
float3(0.0158741, 0.131466, -1.56539)
262042.305189666
normal
simd_float4x4([[0.0306321, -0.999135, 0.0281088, 0.0)], [0.991674, 0.0268602, -0.125941, 0.0)], [0.125077, 0.0317326, 0.991639, 0.0)], [-0.65675, -0.152551, -6.51397, 1.0)]])
-0.65675, -0.152551, -6.51397
float3(-0.0317379, 0.125469, -1.54392)
262042.405245333
normal
simd_float4x4([[0.00839111, -0.997787, 0.0659631, 0.0)], [0.992121, 6.07988e-05, -0.125287, 0.0)], [0.125006, 0.0664946, 0.989925, 0.0)], [-0.661168, -0.154123, -6.599, 1.0)]])
-0.661168, -0.154123, -6.599
float3(-0.0665437, 0.125613, -1.57074)
262042.505300875
normal
simd_float4x4([[0.00329913, -0.997464, 0.0710918, 0.0)], [0.992039, -0.00568522, -0.125804, 0.0)], [0.12589, 0.0709409, 0.989505, 0.0)], [-0.673533, -0.167015, -6.68732, 1.0)]])
-0.673533, -0.167015, -6.68732
float3(-0.0710005, 0.126545, -1.5765)
262042.605356708
normal
simd_float4x4([[-0.00246239, -0.998336, 0.0576209, 0.0)], [0.989346, -0.0108195, -0.145179, 0.0)], [0.145561, 0.0566495, 0.987726, 0.0)], [-0.67745, -0.172425, -6.7714, 1.0)]])
-0.67745, -0.172425, -6.7714
float3(-0.0566799, 0.146316, -1.58163)
262042.705412458
normal
simd_float4x4([[0.00583208, -0.998359, 0.0569641, 0.0)], [0.98538, -0.00396223, -0.170328, 0.0)], [0.170274, 0.0571246, 0.98374, 0.0)], [-0.68208, -0.169547, -6.85902, 1.0)]])
-0.68208, -0.169547, -6.85902
float3(-0.0571557, 0.17139, -1.57477)
262042.805468166
normal
simd_float4x4([[0.024321, -0.998741, 0.0438803, 0.0)], [0.985502, 0.01658, -0.168851, 0.0)], [0.167911, 0.0473507, 0.984664, 0.0)], [-0.691313, -0.15871, -6.9395, 1.0)]])
-0.691313, -0.15871, -6.9395
float3(-0.0473684, 0.168902, -1.5542)
262042.905524041
normal
simd_float4x4([[0.0384956, -0.995684, 0.0844492, 0.0)], [0.984022, 0.0230711, -0.176544, 0.0)], [0.173834, 0.0898961, 0.980663, 0.0)], [-0.705139, -0.156995, -7.02917, 1.0)]])
-0.705139, -0.156995, -7.02917
float3(-0.0900176, 0.175439, -1.54763)
262043.005579625
normal
simd_float4x4([[0.0665701, -0.992873, 0.0988479, 0.0)], [0.983728, 0.0487404, -0.17293, 0.0)], [0.166879, 0.108751, 0.979961, 0.0)], [-0.72334, -0.165014, -7.11013, 1.0)]])
-0.72334, -0.165014, -7.11013
float3(-0.108967, 0.168674, -1.52175)
262043.105635458
normal
simd_float4x4([[0.061842, -0.993967, 0.0905815, 0.0)], [0.987182, 0.0475356, -0.152354, 0.0)], [0.147129, 0.0988423, 0.984166, 0.0)], [-0.734457, -0.17831, -7.18666, 1.0)]])
-0.734457, -0.17831, -7.18666
float3(-0.0990039, 0.148397, -1.52301)
262043.205691125
normal
simd_float4x4([[0.0474481, -0.99648, 0.0691081, 0.0)], [0.99092, 0.0382442, -0.128895, 0.0)], [0.125798, 0.0745965, 0.989247, 0.0)], [-0.747766, -0.185645, -7.26256, 1.0)]])
-0.747766, -0.185645, -7.26256
float3(-0.0746659, 0.126487, -1.53244)
262043.305746833
normal
simd_float4x4([[0.0476119, -0.99374, 0.10106, 0.0)], [0.992128, 0.0353164, -0.120145, 0.0)], [0.115823, 0.105984, 0.987599, 0.0)], [-0.764823, -0.180765, -7.34833, 1.0)]])
-0.764823, -0.180765, -7.34833
float3(-0.106184, 0.116745, -1.53527)
262043.405802458
normal
simd_float4x4([[0.0524851, -0.995731, 0.0759242, 0.0)], [0.992874, 0.043887, -0.110788, 0.0)], [0.106983, 0.081198, 0.99094, 0.0)], [-0.775276, -0.174728, -7.41774, 1.0)]])
-0.775276, -0.174728, -7.41774
float3(-0.0812875, 0.107545, -1.52675)
262043.505858375
normal
simd_float4x4([[0.0306197, -0.995429, 0.09046, 0.0)], [0.994127, 0.0209309, -0.106175, 0.0)], [0.103797, 0.0931798, 0.990224, 0.0)], [-0.776203, -0.173015, -7.4983, 1.0)]])
-0.776203, -0.173015, -7.4983
float3(-0.0933152, 0.10444, -1.54977)
262043.605913875
normal
simd_float4x4([[0.00855747, -0.997187, 0.0744634, 0.0)], [0.993487, 1.67657e-05, -0.113949, 0.0)], [0.113627, 0.0749535, 0.990692, 0.0)], [-0.772477, -0.179066, -7.57343, 1.0)]])
-0.772477, -0.179066, -7.57343
float3(-0.0750239, 0.114196, -1.57078)
262043.70596975
normal
simd_float4x4([[0.00684747, -0.998644, 0.051598, 0.0)], [0.991006, -0.000118817, -0.133814, 0.0)], [0.133639, 0.0520502, 0.989662, 0.0)], [-0.767743, -0.188306, -7.65336, 1.0)]])
-0.767743, -0.188306, -7.65336
float3(-0.0520738, 0.134223, -1.57092)
262043.806025416
normal
simd_float4x4([[0.0157021, -0.998785, 0.0467107, 0.0)], [0.986046, 0.00772451, -0.166296, 0.0)], [0.165733, 0.0486701, 0.984969, 0.0)], [-0.759612, -0.189383, -7.73678, 1.0)]])
-0.759612, -0.189383, -7.73678
float3(-0.0486893, 0.166701, -1.56306)
262043.90608125
normal
simd_float4x4([[0.0444375, -0.996794, 0.0665397, 0.0)], [0.988092, 0.0340327, -0.150056, 0.0)], [0.147311, 0.0724155, 0.986436, 0.0)], [-0.753259, -0.177522, -7.82751, 1.0)]])
-0.753259, -0.177522, -7.82751
float3(-0.0724789, 0.148241, -1.53667)
262044.006137166
normal
simd_float4x4([[0.0490648, -0.995463, 0.0815168, 0.0)], [0.989803, 0.0375337, -0.137408, 0.0)], [0.133725, 0.0874275, 0.987155, 0.0)], [-0.742314, -0.171679, -7.91545, 1.0)]])
-0.742314, -0.171679, -7.91545
float3(-0.0875392, 0.134645, -1.53311)
262044.10619275
normal
simd_float4x4([[0.0648796, -0.994614, 0.0808302, 0.0)], [0.992325, 0.0557609, -0.110368, 0.0)], [0.105266, 0.0873705, 0.990599, 0.0)], [-0.732602, -0.177404, -8.0019, 1.0)]])
-0.732602, -0.177404, -8.0019
float3(-0.087482, 0.105868, -1.51479)
262044.206248666
normal
simd_float4x4([[0.0618237, -0.995691, 0.0691109, 0.0)], [0.996434, 0.0575892, -0.0616715, 0.0)], [0.0574257, 0.0726772, 0.995701, 0.0)], [-0.718705, -0.189646, -8.08945, 1.0)]])
-0.718705, -0.189646, -8.08945
float3(-0.0727413, 0.0576099, -1.51302)
262044.306304333
normal
simd_float4x4([[0.0486799, -0.997534, 0.0505613, 0.0)], [0.998812, 0.0487303, -0.000235309, 0.0)], [-0.00222914, 0.0505127, 0.998721, 0.0)], [-0.702445, -0.197248, -8.16959, 1.0)]])
-0.702445, -0.197248, -8.16959
float3(-0.0505342, -0.00223199, -1.52198)
262044.406360083
normal
simd_float4x4([[0.0481318, -0.997492, 0.0518997, 0.0)], [0.996764, 0.0513157, 0.061869, 0.0)], [-0.0643771, 0.0487539, 0.996734, 0.0)], [-0.688053, -0.198312, -8.24682, 1.0)]])
-0.688053, -0.198312, -8.24682
float3(-0.0487732, -0.0644985, -1.5194)
262044.50641575
normal
simd_float4x4([[0.0465692, -0.996507, 0.069319, 0.0)], [0.99119, 0.0547114, 0.120622, 0.0)], [-0.123993, 0.063091, 0.990275, 0.0)], [-0.664784, -0.194498, -8.32325, 1.0)]])
-0.664784, -0.194498, -8.32325
float3(-0.0631329, -0.124562, -1.51595)
262044.606471666
normal
simd_float4x4([[-0.000971652, -0.994699, 0.102829, 0.0)], [0.980368, 0.0193276, 0.196227, 0.0)], [-0.197174, 0.101, 0.975152, 0.0)], [-0.621693, -0.193967, -8.39671, 1.0)]])
-0.621693, -0.193967, -8.39671
float3(-0.101173, -0.199508, -1.55137)
262044.706527333
normal
simd_float4x4([[-0.0273396, -0.995276, 0.0931617, 0.0)], [0.965209, -0.00203884, 0.261473, 0.0)], [-0.260048, 0.097069, 0.960704, 0.0)], [-0.580813, -0.204619, -8.45754, 1.0)]])
-0.580813, -0.204619, -8.45754
float3(-0.0972221, -0.264349, -1.57284)
262044.806583083
normal
simd_float4x4([[-0.0333456, -0.99692, 0.0709798, 0.0)], [0.949483, -0.00942526, 0.313678, 0.0)], [-0.312043, 0.0778539, 0.946873, 0.0)], [-0.531445, -0.219554, -8.51878, 1.0)]])
-0.531445, -0.219554, -8.51878
float3(-0.0779327, -0.318343, -1.58025)
262044.906638875
normal
simd_float4x4([[-0.0418171, -0.997826, 0.0509301, 0.0)], [0.939812, -0.0219817, 0.340984, 0.0)], [-0.339123, 0.0621237, 0.938689, 0.0)], [-0.478194, -0.227322, -8.57208, 1.0)]])
-0.478194, -0.227322, -8.57208
float3(-0.0621637, -0.346682, -1.59282)
262045.00669475
normal
simd_float4x4([[-0.0431425, -0.997367, 0.0582978, 0.0)], [0.921579, -0.017196, 0.387811, 0.0)], [-0.385787, 0.0704571, 0.919894, 0.0)], [-0.425424, -0.221734, -8.62386, 1.0)]])
-0.425424, -0.221734, -8.62386
float3(-0.0705155, -0.397103, -1.58804)
262045.106750541
normal
simd_float4x4([[-0.0318481, -0.996293, 0.0799142, 0.0)], [0.887158, 0.00864884, 0.461384, 0.0)], [-0.460365, 0.0855907, 0.883594, 0.0)], [-0.377562, -0.214627, -8.66856, 1.0)]])
-0.377562, -0.214627, -8.66856
float3(-0.0856956, -0.480317, -1.56212)
262045.206806333
normal
simd_float4x4([[-0.00585974, -0.995316, 0.096494, 0.0)], [0.834945, 0.0482328, 0.548215, 0.0)], [-0.550302, 0.0837796, 0.830752, 0.0)], [-0.323814, -0.213029, -8.71073, 1.0)]])
-0.323814, -0.213029, -8.71073
float3(-0.0838779, -0.585052, -1.52237)
262045.306862125
normal
simd_float4x4([[-0.0216683, -0.995746, 0.0895541, 0.0)], [0.774009, 0.0399887, 0.63191, 0.0)], [-0.632803, 0.0830082, 0.769851, 0.0)], [-0.255506, -0.221649, -8.74768, 1.0)]])
-0.255506, -0.221649, -8.74768
float3(-0.0831038, -0.688002, -1.53066)
262045.406917916
normal
simd_float4x4([[-0.0312366, -0.996292, 0.0801662, 0.0)], [0.700431, 0.035398, 0.712842, 0.0)], [-0.713036, 0.0784176, 0.696728, 0.0)], [-0.192762, -0.232337, -8.79216, 1.0)]])
-0.192762, -0.232337, -8.79216
float3(-0.0784982, -0.796965, -1.53528)
262045.506973791
normal
simd_float4x4([[-0.0209498, -0.997631, 0.0655205, 0.0)], [0.62039, 0.0384195, 0.783352, 0.0)], [-0.784013, 0.0570594, 0.618116, 0.0)], [-0.137449, -0.235595, -8.83751, 1.0)]])
-0.137449, -0.235595, -8.83751
float3(-0.0570904, -0.903169, -1.5323)
262045.607029333
normal
simd_float4x4([[-0.0460509, -0.995374, 0.0843182, 0.0)], [0.556854, 0.0444973, 0.829418, 0.0)], [-0.829333, 0.0851483, 0.552229, 0.0)], [-0.0740412, -0.223886, -8.89054, 1.0)]])
-0.0740412, -0.223886, -8.89054
float3(-0.0852515, -0.983345, -1.52612)
262045.70708525
normal
simd_float4x4([[-0.0428849, -0.995315, 0.0866536, 0.0)], [0.496485, 0.0540348, 0.866362, 0.0)], [-0.866985, 0.0801761, 0.491842, 0.0)], [-0.0108869, -0.217384, -8.92955, 1.0)]])
-0.0108869, -0.217384, -8.92955
float3(-0.0802622, -1.05477, -1.51656)
262045.807140916
normal
simd_float4x4([[-0.0832935, -0.993969, 0.0713354, 0.0)], [0.433846, 0.0282746, 0.900543, 0.0)], [-0.897129, 0.105958, 0.428874, 0.0)], [0.069377, -0.221332, -8.95883, 1.0)]])
0.069377, -0.221332, -8.95883
float3(-0.106157, -1.12486, -1.54236)
262045.907196875
normal
simd_float4x4([[-0.0973819, -0.993821, 0.0532543, 0.0)], [0.381241, 0.0121773, 0.924396, 0.0)], [-0.919333, 0.110322, 0.377699, 0.0)], [0.15146, -0.231489, -8.98, 1.0)]])
0.15146, -0.231489, -8.98
float3(-0.110547, -1.18098, -1.55854)
262046.007252625
normal
simd_float4x4([[-0.0854977, -0.995509, 0.0406558, 0.0)], [0.350589, 0.0081359, 0.936494, 0.0)], [-0.932619, 0.0943215, 0.348319, 0.0)], [0.235906, -0.237542, -8.99418, 1.0)]])
0.235906, -0.237542, -8.99418
float3(-0.094462, -1.21336, -1.56262)
262046.107308458
normal
simd_float4x4([[-0.0983393, -0.99445, 0.0374062, 0.0)], [0.338302, 0.00194296, 0.941036, 0.0)], [-0.935885, 0.105195, 0.336233, 0.0)], [0.326515, -0.228368, -9.00503, 1.0)]])
0.326515, -0.228368, -9.00503
float3(-0.10539, -1.22589, -1.56884)
262046.207364291
normal
simd_float4x4([[-0.0925734, -0.993967, 0.0588259, 0.0)], [0.306139, 0.027805, 0.951581, 0.0)], [-0.947475, 0.1061, 0.301718, 0.0)], [0.40538, -0.212065, -9.01959, 1.0)]])
0.40538, -0.212065, -9.01959
float3(-0.1063, -1.26251, -1.54283)
262046.30742
normal
simd_float4x4([[-0.099769, -0.992037, 0.0768622, 0.0)], [0.297762, 0.0439404, 0.953628, 0.0)], [-0.949412, 0.118029, 0.291007, 0.0)], [0.482239, -0.204732, -9.03776, 1.0)]])
0.482239, -0.204732, -9.03776
float3(-0.118305, -1.27338, -1.52653)
262046.407475833
normal
simd_float4x4([[-0.111581, -0.988297, 0.104017, 0.0)], [0.292099, 0.0674292, 0.954008, 0.0)], [-0.949857, 0.136832, 0.281156, 0.0)], [0.561902, -0.208674, -9.06138, 1.0)]])
0.561902, -0.208674, -9.06138
float3(-0.137263, -1.28301, -1.50267)
262046.507531666
normal
simd_float4x4([[-0.108499, -0.98868, 0.103636, 0.0)], [0.27102, 0.070884, 0.95996, 0.0)], [-0.956439, 0.132242, 0.260261, 0.0)], [0.643211, -0.221977, -9.08298, 1.0)]])
0.643211, -0.221977, -9.08298
float3(-0.13263, -1.30511, -1.49922)
262046.607587416
normal
simd_float4x4([[-0.0842464, -0.991909, 0.0949672, 0.0)], [0.232277, 0.0731315, 0.969897, 0.0)], [-0.968994, 0.103769, 0.224236, 0.0)], [0.721086, -0.230105, -9.10399, 1.0)]])
0.721086, -0.230105, -9.10399
float3(-0.103956, -1.34339, -1.4972)
262046.707643333
normal
simd_float4x4([[-0.0750665, -0.993221, 0.0887576, 0.0)], [0.201788, 0.0720372, 0.976777, 0.0)], [-0.976549, 0.0912334, 0.195012, 0.0)], [0.799147, -0.228551, -9.12646, 1.0)]])
0.799147, -0.228551, -9.12646
float3(-0.0913604, -1.37369, -1.49839)
262046.807699208
normal
simd_float4x4([[-0.0935063, -0.990669, 0.099154, 0.0)], [0.189903, 0.0800154, 0.978537, 0.0)], [-0.97734, 0.110329, 0.180649, 0.0)], [0.882164, -0.221324, -9.14874, 1.0)]])
0.882164, -0.221324, -9.14874
float3(-0.110554, -1.38802, -1.4902)
262046.907755
normal
simd_float4x4([[-0.113778, -0.989926, 0.0842667, 0.0)], [0.174634, 0.0635697, 0.982579, 0.0)], [-0.978038, 0.126511, 0.165642, 0.0)], [0.965552, -0.218865, -9.15968, 1.0)]])
0.965552, -0.218865, -9.15968
float3(-0.126851, -1.40303, -1.50667)
262047.007810791
normal
simd_float4x4([[-0.126519, -0.989992, 0.0625191, 0.0)], [0.169052, 0.0405848, 0.984771, 0.0)], [-0.977453, 0.135162, 0.162225, 0.0)], [1.0474, -0.229015, -9.1698, 1.0)]])
1.0474, -0.229015, -9.1698
float3(-0.135577, -1.40633, -1.52982)
262047.107866583
normal
simd_float4x4([[-0.1076, -0.992349, 0.0605412, 0.0)], [0.179465, 0.0405072, 0.98293, 0.0)], [-0.977862, 0.116628, 0.173734, 0.0)], [1.12396, -0.239767, -9.17595, 1.0)]])
1.12396, -0.239767, -9.17595
float3(-0.116894, -1.39496, -1.53)
262047.207922375
normal
simd_float4x4([[-0.0847856, -0.994787, 0.056659, 0.0)], [0.193872, 0.0393067, 0.980239, 0.0)], [-0.977356, 0.0940947, 0.189529, 0.0)], [1.19144, -0.240823, -9.17055, 1.0)]])
1.19144, -0.240823, -9.17055
float3(-0.0942341, -1.37925, -1.5313)
262047.307978333
normal
simd_float4x4([[-0.0905868, -0.994421, 0.0540374, 0.0)], [0.206412, 0.0343345, 0.977862, 0.0)], [-0.974263, 0.0997354, 0.202151, 0.0)], [1.26106, -0.227621, -9.16646, 1.0)]])
1.26106, -0.227621, -9.16646
float3(-0.0999015, -1.36621, -1.53628)
262047.408034083
normal
simd_float4x4([[-0.0845056, -0.994822, 0.0564574, 0.0)], [0.207134, 0.0378837, 0.977579, 0.0)], [-0.974656, 0.0943052, 0.20286, 0.0)], [1.32379, -0.220134, -9.17452, 1.0)]])
1.32379, -0.220134, -9.17452
float3(-0.0944455, -1.36559, -1.53273)
262047.508090041
normal
simd_float4x4([[-0.11515, -0.989142, 0.0913205, 0.0)], [0.224813, 0.0635965, 0.972324, 0.0)], [-0.967574, 0.132493, 0.215049, 0.0)], [1.39662, -0.220876, -9.19148, 1.0)]])
1.39662, -0.220876, -9.19148
float3(-0.132884, -1.3521, -1.50659)
262047.608145791
normal
simd_float4x4([[-0.104112, -0.989109, 0.104037, 0.0)], [0.221477, 0.0789214, 0.971967, 0.0)], [-0.969592, 0.124235, 0.210848, 0.0)], [1.46643, -0.229336, -9.20326, 1.0)]])
1.46643, -0.229336, -9.20326
float3(-0.124557, -1.35667, -1.49117)
262047.70820175
normal
simd_float4x4([[-0.0758186, -0.992803, 0.0927029, 0.0)], [0.193989, 0.0765076, 0.978016, 0.0)], [-0.978069, 0.0921351, 0.186792, 0.0)], [1.54161, -0.2419, -9.21457, 1.0)]])
1.54161, -0.2419, -9.21457
float3(-0.092266, -1.38209, -1.49389)
262047.808257333
normal
simd_float4x4([[-0.0411091, -0.995025, 0.0907514, 0.0)], [0.153416, 0.0834651, 0.984631, 0.0)], [-0.987306, 0.0544, 0.149221, 0.0)], [1.61106, -0.243627, -9.23094, 1.0)]])
1.61106, -0.243627, -9.23094
float3(-0.0544268, -1.42079, -1.48711)
262047.908313458
normal
simd_float4x4([[-0.0824017, -0.993337, 0.0805736, 0.0)], [0.148962, 0.067664, 0.986525, 0.0)], [-0.985404, 0.0932938, 0.142394, 0.0)], [1.69632, -0.234948, -9.24474, 1.0)]])
1.69632, -0.234948, -9.24474
float3(-0.0934296, -1.42729, -1.50278)
262048.008369041
normal
simd_float4x4([[-0.10459, -0.992512, 0.0631017, 0.0)], [0.133177, 0.0489006, 0.989885, 0.0)], [-0.985558, 0.111936, 0.127066, 0.0)], [1.7723, -0.231945, -9.25255, 1.0)]])
1.7723, -0.231945, -9.25255
float3(-0.112171, -1.44258, -1.52157)
262048.108425083
normal
simd_float4x4([[-0.127083, -0.991388, 0.0316073, 0.0)], [0.118527, 0.0164591, 0.992815, 0.0)], [-0.984785, 0.129916, 0.115414, 0.0)], [1.85102, -0.239838, -9.25258, 1.0)]])
1.85102, -0.239838, -9.25258
float3(-0.130285, -1.45413, -1.5542)
262048.208480791
normal
simd_float4x4([[-0.109238, -0.993619, 0.0280605, 0.0)], [0.11303, 0.0156297, 0.993469, 0.0)], [-0.987568, 0.111697, 0.110602, 0.0)], [1.92581, -0.251363, -9.25341, 1.0)]])
1.92581, -0.251363, -9.25341
float3(-0.11193, -1.45927, -1.55507)
262048.30853675
normal
simd_float4x4([[-0.0876231, -0.995847, 0.0247321, 0.0)], [0.12824, 0.0133443, 0.991653, 0.0)], [-0.987865, 0.0900634, 0.126538, 0.0)], [1.99674, -0.253663, -9.24812, 1.0)]])
1.99674, -0.253663, -9.24812
float3(-0.0901856, -1.4434, -1.5574)
262048.408592541
normal
simd_float4x4([[-0.103871, -0.993764, 0.0405459, 0.0)], [0.144661, 0.0252376, 0.989159, 0.0)], [-0.984014, 0.108611, 0.141138, 0.0)], [2.07609, -0.246028, -9.24784, 1.0)]])
2.07609, -0.246028, -9.24784
float3(-0.108825, -1.42834, -1.54541)
262048.508648416
normal
simd_float4x4([[-0.0910059, -0.994728, 0.0472673, 0.0)], [0.139489, 0.0342635, 0.989631, 0.0)], [-0.986033, 0.0966555, 0.135635, 0.0)], [2.14788, -0.23641, -9.25185, 1.0)]])
2.14788, -0.23641, -9.25185
float3(-0.0968066, -1.4341, -1.53636)
262048.60870425
normal
simd_float4x4([[-0.13107, -0.989447, 0.0617656, 0.0)], [0.148266, 0.0420381, 0.988054, 0.0)], [-0.980223, 0.138662, 0.141191, 0.0)], [2.23196, -0.23343, -9.26256, 1.0)]])
2.23196, -0.23343, -9.26256
float3(-0.139111, -1.42774, -1.52834)
262048.708760125
normal
simd_float4x4([[-0.11421, -0.989252, 0.0913093, 0.0)], [0.149685, 0.0737263, 0.985981, 0.0)], [-0.982116, 0.126276, 0.139655, 0.0)], [2.30392, -0.23974, -9.28015, 1.0)]])
2.30392, -0.23974, -9.28015
float3(-0.126614, -1.42954, -1.49641)
262048.808816083
normal
simd_float4x4([[-0.0982137, -0.990148, 0.0998033, 0.0)], [0.126282, 0.0870774, 0.988165, 0.0)], [-0.987121, 0.109655, 0.116485, 0.0)], [2.38949, -0.255392, -9.29758, 1.0)]])
2.38949, -0.255392, -9.29758
float3(-0.109876, -1.45333, -1.48308)
262048.908871833
normal
simd_float4x4([[-0.0657579, -0.993784, 0.089827, 0.0)], [0.107976, 0.0824064, 0.990732, 0.0)], [-0.991976, 0.0748476, 0.101886, 0.0)], [2.47014, -0.260595, -9.3127, 1.0)]])
2.47014, -0.260595, -9.3127
float3(-0.0749177, -1.46845, -1.48806)
262049.00892775
normal
simd_float4x4([[-0.149639, -0.983122, 0.105253, 0.0)], [0.1046, 0.0901141, 0.990423, 0.0)], [-0.983192, 0.159216, 0.08935, 0.0)], [2.5795, -0.255108, -9.33241, 1.0)]])
2.5795, -0.255108, -9.33241
float3(-0.159896, -1.48017, -1.47939)
262049.108983541
normal
simd_float4x4([[-0.116965, -0.988109, 0.099804, 0.0)], [0.108766, 0.0871445, 0.99024, 0.0)], [-0.987162, 0.126678, 0.0972798, 0.0)], [2.65181, -0.250614, -9.33926, 1.0)]])
2.65181, -0.250614, -9.33926
float3(-0.12702, -1.47257, -1.48283)
262049.209039583
normal
simd_float4x4([[-0.14841, -0.986507, 0.0691218, 0.0)], [0.102715, 0.0541408, 0.993236, 0.0)], [-0.983577, 0.154506, 0.0932945, 0.0)], [2.7419, -0.25395, -9.33734, 1.0)]])
2.7419, -0.25395, -9.33734
float3(-0.155127, -1.47623, -1.51597)
262049.309095416
normal
simd_float4x4([[-0.140325, -0.988722, 0.0523245, 0.0)], [0.0907265, 0.0397846, 0.995081, 0.0)], [-0.98594, 0.144382, 0.0841205, 0.0)], [2.82203, -0.261482, -9.33034, 1.0)]])
2.82203, -0.261482, -9.33034
float3(-0.144888, -1.48568, -1.53058)
262049.40915125
normal
simd_float4x4([[-0.13006, -0.989825, 0.0577101, 0.0)], [0.0799572, 0.0475444, 0.995664, 0.0)], [-0.988277, 0.134111, 0.07296, 0.0)], [2.90064, -0.267401, -9.32278, 1.0)]])
2.90064, -0.267401, -9.32278
float3(-0.134516, -1.4971, -1.5228)
262049.509207375
normal
simd_float4x4([[-0.126135, -0.989888, 0.0648983, 0.0)], [0.0744258, 0.0557935, 0.995665, 0.0)], [-0.989217, 0.130418, 0.0666357, 0.0)], [2.98004, -0.268941, -9.31325, 1.0)]])
2.98004, -0.268941, -9.31325
float3(-0.130791, -1.50354, -1.51449)
262049.609263
normal
simd_float4x4([[-0.151862, -0.985383, 0.0771892, 0.0)], [0.0363521, 0.0724739, 0.996708, 0.0)], [-0.987733, 0.154168, 0.0248147, 0.0)], [3.05518, -0.258769, -9.30615, 1.0)]])
3.05518, -0.258769, -9.30615
float3(-0.154786, -1.54568, -1.49738)
262049.709319041
normal
simd_float4x4([[-0.183682, -0.981035, 0.0619062, 0.0)], [0.00017504, 0.0629451, 0.998017, 0.0)], [-0.982986, 0.183328, -0.0113901, 0.0)], [3.11427, -0.249121, -9.29682, 1.0)]])
3.11427, -0.249121, -9.29682
float3(-0.184371, -1.58238, -1.50672)
262049.809374791
normal
simd_float4x4([[-0.197548, -0.977495, 0.0740217, 0.0)], [-0.0564381, 0.0867254, 0.994632, 0.0)], [-0.978667, 0.19231, -0.0723003, 0.0)], [3.1608, -0.24267, -9.29839, 1.0)]])
3.1608, -0.24267, -9.29839
float3(-0.193515, -1.64454, -1.48231)
262049.909430875
normal
simd_float4x4([[-0.195048, -0.978304, 0.0698334, 0.0)], [-0.133263, 0.0969751, 0.986325, 0.0)], [-0.971698, 0.183075, -0.149287, 0.0)], [3.20171, -0.241765, -9.30169, 1.0)]])
3.20171, -0.241765, -9.30169
float3(-0.184113, -1.72324, -1.47199)
262050.009486583
normal
simd_float4x4([[-0.188897, -0.981029, 0.0435799, 0.0)], [-0.218384, 0.0852347, 0.972133, 0.0)], [-0.957406, 0.174116, -0.230342, 0.0)], [3.23731, -0.240025, -9.31345, 1.0)]])
3.23731, -0.240025, -9.31345
float3(-0.175008, -1.8069, -1.48413)
262050.109542541
normal
simd_float4x4([[-0.168335, -0.985548, 0.0189098, 0.0)], [-0.273187, 0.0650762, 0.959757, 0.0)], [-0.947118, 0.156395, -0.280193, 0.0)], [3.30175, -0.238305, -9.33609, 1.0)]])
3.30175, -0.238305, -9.33609
float3(-0.15704, -1.85843, -1.50486)
262050.209598416
normal
simd_float4x4([[-0.168581, -0.985589, 0.0139639, 0.0)], [-0.29551, 0.0640506, 0.95319, 0.0)], [-0.940348, 0.156563, -0.302049, 0.0)], [3.35321, -0.237098, -9.36548, 1.0)]])
3.35321, -0.237098, -9.36548
float3(-0.15721, -1.8816, -1.5059)
262050.309654416
normal
simd_float4x4([[-0.172689, -0.984885, 0.0134491, 0.0)], [-0.308738, 0.0670898, 0.948778, 0.0)], [-0.935339, 0.159691, -0.315657, 0.0)], [3.39297, -0.238862, -9.38978, 1.0)]])
3.39297, -0.238862, -9.38978
float3(-0.160378, -1.89627, -1.50278)
262050.409710208
normal
simd_float4x4([[-0.171232, -0.984824, 0.0283172, 0.0)], [-0.317436, 0.0823562, 0.944697, 0.0)], [-0.932692, 0.152773, -0.326721, 0.0)], [3.42106, -0.242057, -9.41346, 1.0)]])
3.42106, -0.242057, -9.41346
float3(-0.153374, -1.90774, -1.48737)
262050.50976625
normal
simd_float4x4([[-0.194096, -0.980674, 0.0246075, 0.0)], [-0.32321, 0.0876136, 0.942263, 0.0)], [-0.926208, 0.174936, -0.33397, 0.0)], [3.45312, -0.246197, -9.4285, 1.0)]])
3.45312, -0.246197, -9.4285
float3(-0.17584, -1.91686, -1.48169)
262050.60982225
normal
simd_float4x4([[-0.196198, -0.980084, 0.0306683, 0.0)], [-0.327662, 0.0950072, 0.940006, 0.0)], [-0.924199, 0.174379, -0.339777, 0.0)], [3.4683, -0.245781, -9.44315, 1.0)]])
3.4683, -0.245781, -9.44315
float3(-0.175275, -1.9231, -1.47416)
262050.709877916
normal
simd_float4x4([[-0.191879, -0.980401, 0.0446831, 0.0)], [-0.325234, 0.106477, 0.93962, 0.0)], [-0.925962, 0.165761, -0.33929, 0.0)], [3.47843, -0.244219, -9.45552, 1.0)]])
3.47843, -0.244219, -9.45552
float3(-0.166529, -1.92202, -1.46261)
262050.809934
normal
simd_float4x4([[-0.196284, -0.979435, 0.0466861, 0.0)], [-0.325615, 0.110017, 0.93908, 0.0)], [-0.924904, 0.169125, -0.340513, 0.0)], [3.48968, -0.242602, -9.46041, 1.0)]])
3.48968, -0.242602, -9.46041
float3(-0.169942, -1.92356, -1.45894)
262050.909989875
normal
simd_float4x4([[-0.202098, -0.978315, 0.0453531, 0.0)], [-0.323177, 0.110333, 0.939885, 0.0)], [-0.924507, 0.175292, -0.338467, 0.0)], [3.50054, -0.241972, -9.46355, 1.0)]])
3.50054, -0.241972, -9.46355
float3(-0.176202, -1.92175, -1.45849)
262051.010045791
normal
simd_float4x4([[-0.200604, -0.978275, 0.0523113, 0.0)], [-0.31979, 0.11586, 0.940378, 0.0)], [-0.926009, 0.171915, -0.336084, 0.0)], [3.50952, -0.239219, -9.46655, 1.0)]])
3.50952, -0.239219, -9.46655
float3(-0.172773, -1.91895, -1.45291)
262051.110101625
normal
simd_float4x4([[-0.199791, -0.978131, 0.057827, 0.0)], [-0.319224, 0.120774, 0.939952, 0.0)], [-0.92638, 0.169334, -0.336372, 0.0)], [3.51956, -0.238139, -9.45927, 1.0)]])
3.51956, -0.238139, -9.45927
float3(-0.170154, -1.9191, -1.44794)
262051.210157708
normal
simd_float4x4([[-0.204891, -0.977079, 0.0577617, 0.0)], [-0.317982, 0.12226, 0.940181, 0.0)], [-0.925693, 0.174268, -0.335743, 0.0)], [3.52957, -0.238998, -9.45059, 1.0)]])
3.52957, -0.238998, -9.45059
float3(-0.175162, -1.91873, -1.44631)
262051.310213583
normal
simd_float4x4([[-0.203044, -0.977311, 0.0603056, 0.0)], [-0.315764, 0.123652, 0.940746, 0.0)], [-0.926859, 0.17197, -0.333706, 0.0)], [3.53519, -0.236692, -9.44446, 1.0)]])
3.53519, -0.236692, -9.44446
float3(-0.172829, -1.91639, -1.44494)
262051.410269583
normal
simd_float4x4([[-0.199845, -0.977674, 0.0649227, 0.0)], [-0.312094, 0.126323, 0.941616, 0.0)], [-0.928795, 0.167915, -0.330372, 0.0)], [3.54003, -0.239063, -9.44164, 1.0)]])
3.54003, -0.239063, -9.44164
float3(-0.168714, -1.91254, -1.4423)
262051.510325375
normal
simd_float4x4([[-0.199805, -0.977721, 0.0643372, 0.0)], [-0.308644, 0.12512, 0.942912, 0.0)], [-0.929955, 0.168541, -0.326768, 0.0)], [3.54265, -0.238937, -9.43699, 1.0)]])
3.54265, -0.238937, -9.43699
float3(-0.169349, -1.9087, -1.44352)
262051.610381416
normal
simd_float4x4([[-0.200513, -0.977692, 0.0625442, 0.0)], [-0.306326, 0.123208, 0.94392, 0.0)], [-0.930569, 0.17011, -0.324197, 0.0)], [3.54397, -0.239007, -9.43392, 1.0)]])
3.54397, -0.239007, -9.43392
float3(-0.170941, -1.90603, -1.44544)
