USER POSITION260893.287022	6.40109326598	5.67480845745
260893.387077	6.41212150977	5.69623528942
260893.487132	6.41776672768	5.70855340641
260893.587187	6.43029761331	5.71968803608
260893.687243	6.43917081497	5.71611502952
260893.787298	6.4583622462	5.7095368321
260893.887353	6.47701590172	5.71441795901
260893.987408	6.48990533897	5.70535155368
260894.087463	6.51426443822	5.70672532113
260894.187518	6.5443200378	5.71619200198
260894.287574	6.56271241128	5.7148832173
260894.387629	6.57491851106	5.70867845414
260894.487684	6.58694248261	5.71021361769
260894.587739	6.60371734111	5.70621887384
260894.687794	6.60732876528	5.70966594899
260894.78785	6.61819028993	5.71755239173
260894.887905	6.61788549495	5.72952460883
260894.98796	6.59915529821	5.73339055474
260895.088015	6.58849044525	5.75115102381
260895.188071	6.57380117289	5.7763730323
260895.288126	6.54761407835	5.81320693952
260895.388181	6.52300705228	5.84941179736
260895.488236	6.49761347479	5.88633641243
260895.588292	6.47067347277	5.92362278216
260895.688347	6.44493804595	5.95723315767
260895.788402	6.41837491469	5.98733040605
260895.888457	6.39288542187	6.02375439249
260895.988513	6.38595744552	6.06192392921
260896.088568	6.37939966155	6.10479629839
260896.188623	6.38058099241	6.15488383831
260896.288678	6.38531382013	6.20922786909
260896.388734	6.38894661861	6.24500204642
260896.488789	6.42763038968	6.31232622448
260896.588844	6.41568427854	6.33146212299
260896.6889	6.44523277007	6.38840924229
260896.788955	6.4633120311	6.45020254655
260896.88901	6.47530122138	6.50474417932
260896.989066	6.48187397548	6.56883588116
260897.089121	6.48462786678	6.64193079802
260897.189176	6.48243914827	6.72083636454
260897.289231	6.47595361529	6.7982382019
260897.389287	6.46578367511	6.88994430811
260897.489342	6.46422128107	6.9714082635
260897.589397	6.4721813737	7.05406740453
260897.689453	6.48441966108	7.13667709175
260897.789508	6.5020008429	7.22212047269
260897.889563	6.52209722868	7.30553546387
260897.989619	6.53738558809	7.39596696013
260898.089674	6.54937538796	7.47705640068
260898.189729	6.55935729157	7.55508348369
260898.289785	6.56268690573	7.63952674049
260898.38984	6.56629532417	7.71920698646
260898.489895	6.57000736622	7.81133137266
260898.589951	6.57339463871	7.91065905906
260898.690006	6.58454984614	8.02516496194
260898.790062	6.59181364628	8.13192544952
260898.890117	6.59827724643	8.24105401838
260898.990172	6.61032820223	8.34114784287
260899.090227	6.62556772014	8.44128465126
260899.190283	6.64021207765	8.53790083753
260899.290338	6.65135921806	8.63371797898
260899.390393	6.65877687291	8.72725348453
260899.490449	6.66033327052	8.82029086909
260899.590504	6.65745598344	8.9201219375
260899.69056	6.65433599555	9.01590843605
260899.790615	6.64487478251	9.10093951905
260899.89067	6.63561953569	9.20124436541
260899.990726	6.63160116804	9.31868757051
260900.090781	6.64224234357	9.42781607931
260900.190837	6.65401777047	9.53452403139
260900.290892	6.67518182235	9.62122858761
260900.390947	6.69135081143	9.70831035546
260900.491003	6.71420818231	9.80516674007
260900.591058	6.72463433062	9.90533127964
260900.691114	6.73426282945	10.0043837957
260900.791169	6.73930710036	10.1008774819
260900.891225	6.73697526242	10.2024885079
260900.99128	6.73072061175	10.3058323251
260901.091335	6.73223284695	10.4032020894
260901.191391	6.75467492664	10.4769795475
260901.291446	6.7580406906	10.5536733469
260901.391502	6.76252044001	10.6364968414
260901.491557	6.77427160814	10.7279071261
260901.591613	6.783894842	10.830175723
260901.691668	6.79599153374	10.9253976324
260901.791724	6.80631316947	11.0124568659
260901.891779	6.81849986045	11.106390103
260901.991834	6.83335434169	11.203801178
260902.09189	6.85036143544	11.3096195245
260902.191945	6.87383593574	11.4010593349
260902.292001	6.90354144032	11.4944642482
260902.392056	6.93314607466	11.5934127494
260902.492112	6.93652394139	11.7052057742
260902.592167	6.93469122598	11.8140080242
260902.692223	6.93608568143	11.915144037
260902.792278	6.92777096524	12.0276953682
260902.892334	6.91862017616	12.1510763903
260902.992389	6.91133792829	12.2711564158
260903.092445	6.91926234636	12.3696128331
260903.1925	6.93000893783	12.4844192056
260903.292555	6.94078579123	12.6029131904
260903.392611	6.96009523621	12.7221470272
260903.492666	6.97141108435	12.8325021924
260903.592722	6.98125997393	12.9423592284
260903.692777	6.99093751356	13.0530928711
260903.792833	6.99157124302	13.1462015543
260903.892888	6.98892305362	13.2452469293
260903.992944	6.99283794114	13.3431021272
260904.092999	7.00455227242	13.4490177641
260904.193055	7.01798087305	13.5637484609
260904.29311	7.03603808034	13.6760340604
260904.393166	7.05506513448	13.7854619166
260904.493221	7.0725273205	13.8889870795
260904.593277	7.08889931666	13.9826847969
260904.693332	7.09894867051	14.0691439375
260904.793388	7.11311143733	14.1857819884
260904.893444	7.14203620494	14.3135903497
260904.993499	7.16999763552	14.4105476238
260905.093555	7.17811585646	14.4877948794
260905.19361	7.19930190091	14.5773237793
260905.293666	7.24129273664	14.6492663419
260905.393721	7.28789004498	14.7183202872
260905.493777	7.3416817048	14.7811412791
260905.593832	7.39898798459	14.8381650756
260905.693888	7.46402904719	14.8967905537
260905.793943	7.53850156104	14.9482649779
260905.893999	7.6221948102	15.0119387765
260905.994054	7.71761993902	15.0744399249
260906.09411	7.81694026897	15.1303195999
260906.194165	7.92365747621	15.1840082518
260906.294221	8.03381202671	15.2347426694
260906.394277	8.14253302905	15.2763957179
260906.494332	8.24245540126	15.2993603899
260906.594388	8.34880732482	15.3132239368
260906.694443	8.45289375839	15.3188031252
260906.794499	8.54372470896	15.322096549
260906.894554	8.63248671823	15.3243739333
260906.99461	8.7113948	15.3278889148
260907.094665	8.78282869229	15.3272097552
260907.194721	8.86412927916	15.3351597198
260907.294777	8.94968341681	15.3358003692
260907.394832	9.03665931333	15.326000028
260907.494888	9.1324292515	15.3226898825
260907.594943	9.23308943078	15.3128667045
260907.694999	9.33681202684	15.3037918497
260907.795054	9.46390705071	15.2940981134
260907.89511	9.57952911135	15.2811636742
260907.995166	9.68428910335	15.2658913962
260908.095221	9.79547443587	15.2463617717
260908.195277	9.87954017044	15.2337496834
260908.295332	9.97195326165	15.2283220253
260908.395388	10.0790527554	15.2191225664
260908.495443	10.1956886931	15.2128147913
260908.595499	10.3242110591	15.2023446464
260908.695555	10.4450706148	15.1897506044
260908.79561	10.5736711823	15.1694984206
260908.895666	10.696542591	15.1437073886
260908.995722	10.8175553405	15.1224364214
260909.095777	10.9179506674	15.090889814
260909.195833	11.0191572314	15.0677375138
260909.295888	11.0923179282	15.0535078497
260909.395944	11.1749538628	15.0472685215
260909.495999	11.2667706872	15.0326940353
260909.596055	11.3578538578	15.0138821734
260909.696111	11.461418321	14.9960870377
260909.796166	11.5741013863	14.9784131331
260909.896222	11.6958259693	14.9680987025
260909.996278	11.8170751052	14.9581786702
260910.096333	11.9252924376	14.9449033142
260910.196389	12.0247364658	14.9329681201
260910.296444	12.1219682889	14.9321308784
260910.3965	12.237333016	14.9345062205
260910.496556	12.3589683804	14.9348915861
260910.596611	12.477928774	14.9277408963
260910.696667	12.6135436396	14.9138039735
260910.796723	12.7399405709	14.9039359308
260910.896778	12.8762656182	14.8912902252
260910.996834	12.9981656789	14.8761609417
260911.09689	13.1199640658	14.8678675388
260911.196945	13.2241124477	14.8577971387
260911.297001	13.3189275066	14.8540556155
260911.397056	13.4275264206	14.8571911369
260911.497112	13.5376474072	14.8568871533
260911.597168	13.6506307984	14.8517731136
260911.697223	13.7648757143	14.8412335641
260911.797279	13.886155489	14.8295781467
260911.897335	14.0064008793	14.8199481056
260911.99739	14.1176282598	14.80671869
260912.097446	14.2269502149	14.7961867277
260912.197502	14.3190192324	14.7891957036
260912.297557	14.4070130718	14.7834776774
260912.397613	14.4949947769	14.7812212047
260912.497669	14.5922363217	14.7779402966
260912.597724	14.6951085251	14.7753330237
260912.69778	14.8046001223	14.767007602
260912.797836	14.9016436207	14.7581679461
260912.897891	15.0094236676	14.7470094703
260912.997947	15.117531946	14.7403678921
260913.098003	15.2120004473	14.7344530079
260913.198058	15.3043605091	14.7244568394
260913.298114	15.3897350335	14.7196370274
260913.39817	15.4809259146	14.7196275057
260913.498226	15.5683070623	14.7224690945
260913.598281	15.6619759852	14.7218930843
260913.698337	15.7501626894	14.7156301699
260913.798392	15.8300724537	14.7110213004
260913.898448	15.9176091366	14.7025401947
260913.998504	16.0017255592	14.6971423861
260914.09856	16.0890966288	14.694288231
260914.198615	16.1805339512	14.682735479
260914.298671	16.2692512595	14.6731172615
260914.398727	16.3513846736	14.6662599745
260914.498782	16.4422082227	14.6666245746
260914.598838	16.5454858842	14.6645517207
260914.698894	16.6533398063	14.6570421547
260914.798949	16.7574194946	14.6494264808
260914.899005	16.8618295061	14.6379843482
260914.999061	16.9673277634	14.6200300254
260915.099117	17.0750744026	14.6034854114
260915.199172	17.1743460909	14.5838500355
260915.299228	17.2689823687	14.5655927266
260915.399284	17.3621631042	14.5550356706
260915.49934	17.4644959208	14.551613866
260915.599395	17.5756488078	14.5486745112
260915.699451	17.6841254998	14.538301074
260915.799507	17.7932828163	14.527596502
260915.899562	17.9015773754	14.5103386674
260915.999618	18.002447353	14.4882669271
260916.099674	18.1013995927	14.4682844884
260916.199729	18.1895759694	14.4506282429
260916.299785	18.2716943732	14.4376691632
260916.399841	18.3490004866	14.426935271
260916.499897	18.4467185245	14.4190882865
260916.599953	18.5462226417	14.4045982363
260916.700008	18.6531704988	14.3835232308
260916.800064	18.7516351927	14.368210685
260916.90012	18.8515062857	14.3452071028
260917.000176	18.9525506236	14.3208643058
260917.100231	19.0628893263	14.2983394153
260917.200287	19.1560893983	14.2804532035
260917.300343	19.2369546326	14.267322176
260917.400399	19.3149144041	14.2576866149
260917.500454	19.4071873391	14.2500468862
260917.60051	19.5016715403	14.2379227064
260917.700566	19.6020585477	14.2127874975
260917.800622	19.7041715099	14.1827501379
260917.917275	19.8116036092	14.137674601
260918.033929	19.9119955968	14.085983414
260918.150582	20.0147586283	14.0312022186
260918.267235	20.1207525137	13.9686930493
260918.3839	20.201590842	13.9022534926
260918.483955	20.2531278634	13.8488382755
260918.584011	20.3061942667	13.7905577741
260918.684067	20.3576878735	13.727688557
260918.784123	20.4146361267	13.6580987125
260918.884179	20.4700979138	13.5914329779
260918.984234	20.5209771771	13.5274580565
260919.08429	20.5645648127	13.4647489023
260919.184346	20.5986370284	13.4022981687
260919.284402	20.6269287076	13.3394053958
260919.384458	20.6480207824	13.275014058
260919.484513	20.6615813134	13.2040992359
260919.584569	20.6762232088	13.1378652952
260919.684625	20.6958104556	13.0779276629
260919.784681	20.723158571	13.0148862719
260919.884736	20.7562186638	12.9437838502
260919.984792	20.7928922156	12.8626535168
260920.084848	20.838766286	12.7725331858
260920.184904	20.8776446269	12.6792888562
260920.28496	20.910010472	12.5920071601
260920.385015	20.9341625122	12.5032441438
260920.485071	20.9492811848	12.4249048827
260920.585127	20.9633144296	12.3472880801
260920.685183	20.9740666233	12.2673665859
260920.785239	20.9969112637	12.2025549936
260920.885295	21.0306227293	12.1224482055
260920.98535	21.0601826506	12.0391927225
260921.085406	21.090118537	11.9563144002
260921.185462	21.1272771151	11.869090238
260921.285518	21.1635677971	11.7701859065
260921.385574	21.1956662901	11.6798511754
260921.485629	21.2198156825	11.5867340354
260921.585685	21.2452510473	11.4993887561
260921.685741	24.6231517397	13.5139815335
260921.785797	24.6608134226	13.3915425695
260921.885853	24.7231495012	13.3361975333
260921.985909	24.7553400637	13.2374598375
260922.085964	24.792835332	13.147548196
260922.18602	24.8732011619	13.0785108544
260922.286076	24.8944366002	12.9699091792
260922.386132	24.9618770583	12.895749083
260922.486188	25.1099122997	12.8861777647
260922.586243	25.0869739171	12.7697806086
260922.686299	25.0415442848	12.651891792
260922.786355	25.0763500933	12.5867761448
260922.886411	25.1027395711	12.5187516769
260922.986467	25.1141611549	12.4395163264
260923.086523	25.1548792232	12.3882495169
260923.186579	25.142706136	12.3147852712
260923.286635	25.1813715919	12.2657484833
260923.386691	25.2063809039	12.2231776157
260923.486746	25.2154874756	12.1826593208
260923.586802	25.2476559234	12.154276629
260923.686858	25.2715396523	12.1291260779
260923.786914	25.2550941015	12.1103131894
260923.88697	25.1881625008	12.0866075413
260923.987026	25.4629929049	12.0084856394
260924.087082	25.4886186836	12.0180637168
260924.187137	25.5145742888	12.0316194336
260924.287193	25.5318001359	12.052033818
260924.387249	25.5344647911	12.0827470418
260924.487305	25.5292321975	12.1147384917
260924.587361	25.5074807833	12.1434678926
260924.687417	25.4725005768	12.1736969788
260924.787473	25.4336540699	12.2031749181
260924.887529	25.3898549657	12.2435172157
260924.987584	25.337657503	12.2947056957
260925.08764	25.2832491543	12.3479070302
260925.187696	25.2281923445	12.4021230066
260925.287752	25.1718524206	12.4578192593
260925.387808	25.1188656219	12.5161305933
260925.487864	25.0716994222	12.574112187
260925.58792	25.0268690793	12.6264156319
260925.687976	24.983512718	12.6765299496
260925.788032	24.939673067	12.7229746037
260925.888087	24.8964876535	12.7817903683
260925.988143	24.8560509546	12.8502336023
260926.088199	24.8210585424	12.9267914307
260926.188255	24.7964165251	13.0073002369
260926.288311	24.7784036733	13.0868340742
260926.388367	24.763983573	13.1571378174
260926.488423	24.7443565464	13.2176386061
260926.588479	24.7234923753	13.2805439473
260926.688535	24.4753122791	13.7330364887
260926.788591	24.4283120022	13.7982831772
260926.888647	24.5033214798	13.906793607
260926.988702	23.9241086067	13.9776030413
260927.088758	24.3151312711	14.0612855718
260927.188814	24.1914742842	14.145050044
260927.28887	24.3104488623	14.2265789563
260927.388926	24.2753781401	14.2995702591
260927.488982	24.2767056819	14.3973050272
260927.589038	24.2301815865	14.4811094842
260927.689094	24.2082053696	14.5743645733
260927.78915	24.243794678	14.6396506111
260927.889206	24.2722260122	14.6892572504
260927.989262	24.265414024	14.7547427382
260928.089318	24.2032984177	14.8024326589
260928.189374	24.1974563588	14.8357211601
260928.289429	24.179002291	14.8674251602
260928.389485	24.1564002783	14.8889760806
260928.489541	24.1070569178	14.8676053146
260928.589597	23.8683618696	14.8887353117
260928.689653	23.8899860628	14.8821396791
260928.789709	23.9199636547	14.8592357411
260928.889765	23.9553758768	14.8214744245
260928.989821	23.9930834155	14.7713845061
260929.089877	24.0209358116	14.7164264709
260929.189933	24.0382015114	14.6682057025
260929.289989	24.0473850266	14.6353985089
260929.390045	24.0529986517	14.6181881831
260929.490101	24.0618397589	14.6066422867
260929.590157	24.0698020462	14.5960451135
260929.690212	24.0767667904	14.5927172255
260929.790269	24.0815068838	14.5925988435
260929.890324	24.0854054381	14.5909390622
260929.99038	24.0874285851	14.5885012402
260930.090436	24.0879359715	14.5869601175
260930.190492	24.0881047272	14.5868200406
260930.290548	24.086449919	14.5875892025
260930.390604	24.0852526288	14.5885119138
260930.49066	24.0848587413	14.5889633034
260930.590716	24.0847399088	14.5900337607
260930.690772	24.0840995549	14.5907193604
260930.790828	24.0824298654	14.5903098033
260930.890884	24.0823517814	14.590777567
260930.99094	24.0825494988	14.5911171371
260931.090996	24.0812775378	14.5917699886
