USER POSITION
26.155849586643054	8.715712516812996
0.08635960000000001	0.015610999999999986
-0.355553	[-6.65792729]
26.138979717125157	8.647219211209826
0.068157	0.018181000000000003
-0.458196	[-6.76057029]
26.11905659320742	8.58136780673461
0.06545699999999999	0.021183000000000007
-0.567069	[-6.86944329]
26.0936924910209	8.521769152972368
0.059101000000000015	0.026503
-0.675607	[-6.97798129]
26.069346764095446	8.467685054842962
0.053607000000000016	0.025378999999999985
-0.780689	[-7.08306329]
26.04419172502689	8.42481449223341
0.04237999999999997	0.025973000000000024
-0.88212	[-7.18449429]
26.00980866246707	8.384410318166768
0.03973700000000002	0.03515199999999996
-1.00105	[-7.30342429]
25.971141192235166	8.355034966154156
0.028627999999999987	0.03922400000000004
-1.12117	[-7.42354429]
25.942582876691894	8.334556224534344
0.019927000000000028	0.028946000000000027
-1.2502	[-7.55257429]
25.9419354203386	8.308724045488228
0.02581499999999992	0.0011430000000000051
-1.36631	[-7.66868429]
25.954460885124227	8.259257274703145
0.04969800000000002	-0.011574000000000029
-1.46146	[-7.76383429]
25.995327755181126	8.183722514117354
0.07630500000000007	-0.03941
-1.56392	[-7.86629429]
26.04312688447099	8.110690229091272
0.073936	-0.046389000000000014
-1.62689	[-7.92926429]
26.0647268240543	8.027045285269201
0.08404400000000001	-0.019991000000000037
-1.67962	[-7.98199429]
26.060321336333903	7.9242548296035835
0.10268699999999997	0.0063770000000000215
-1.70233	[-8.00470429]
25.962926287420252	7.7584265028041255
0.163929	0.10055900000000001
-1.68164	[-7.98401429]
25.962578317799416	7.613173084454873
0.1452199999999999	0.0031349999999999434
-1.64987	[-7.95224429]
25.84682479804332	7.4961304804678015
0.11480000000000001	0.11797800000000003
-1.64889	[-7.95126429]
25.770983243386176	7.38197423091839
0.11268000000000011	0.07801800000000003
-1.66231	[-7.96468429]
25.73624270577631	7.232720158107704
0.14856000000000003	0.03759800000000002
-1.69554	[-7.99791429]
25.713512372375956	7.086437081736893
0.14581999999999984	0.025533000000000028
-1.7337	[-8.03607429]
25.67325833413324	6.953260176797808
0.13238000000000016	0.042801999999999896
-1.72807	[-8.03044429]
25.61418506580566	6.805009396974909
0.14708999999999994	0.061907000000000045
-1.6835	[-7.98587429]
25.553129348773563	6.664371979952636
0.13944	0.063743
-1.65943	[-7.96180429]
25.513803246773332	6.541734820472048
0.12185999999999986	0.04167200000000004
-1.67565	[-7.97802429]
25.462441894984178	6.399243075664179
0.14148000000000005	0.05408599999999997
-1.72437	[-8.02674429]
25.40418864715096	6.2680411689826
0.1300600000000003	0.060759999999999925
-1.82011	[-8.12248429]
25.317667195198876	6.162011491759177
0.10434999999999972	0.08854000000000006
-1.98285	[-8.28522429]
25.20355492362091	6.1057915773576354
0.05401999999999996	0.11517
-2.17913	[-8.48150429]
25.054664508284986	6.0798899283542145
0.02303999999999995	0.14935999999999994
-2.41084	[-8.71321429]
24.919114115029195	6.078088682063228
-0.0007999999999999119	0.13556000000000012
-2.60297	[-8.90534429]
24.789077804433823	6.0886355122384
-0.013039999999999718	0.12980999999999998
-2.84209	[-9.14446429]
24.666211621107113	6.087257726069589
-0.000980000000000203	0.12287000000000003
-2.98884	[-9.29121429]
24.52786461577132	6.0753509584722085
0.009250000000000203	0.13854999999999995
-3.09328	[-9.39565429]
24.391468374823152	6.067592385458497
0.005139999999999922	0.13651999999999997
3.10615	[-3.19622429]
24.257564250231262	6.076424685118241
-0.011400000000000077	0.13371000000000022
3.0679	[-3.23447429]
24.134121130571568	6.106151555264323
-0.032090000000000174	0.12284999999999968
3.0959	[-3.20647429]
24.023464402468672	6.133583345682778
-0.029549999999999965	0.11011000000000015
3.1087	[-3.19367429]
23.885000795129123	6.143908433697846
-0.01297999999999977	0.13824000000000014
3.09265	[-3.20972429]
23.705930128014455	6.1505636856920844
-0.010089999999999932	0.17890999999999968
3.06441	[-3.23796429]
23.518107418736637	6.161931872862465
-0.014970000000000372	0.18757000000000001
3.02143	[-3.28094429]
23.34016111523977	6.177230290159702
-0.018710000000000004	0.1776200000000001
2.99066	[-3.31171429]
23.164772092021625	6.198948958042084
-0.02507999999999999	0.17493999999999987
3.01099	[-3.29138429]
22.96812474753269	6.231841782570401
-0.036659999999999915	0.19598000000000004
3.0434	[-3.25897429]
22.80881108705848	6.235715616111972
-0.006930000000000103	0.1592100000000003
3.04619	[-3.25618429]
22.604784200901406	6.230989917745734
0.0008099999999999774	0.20407999999999982
3.0546	[-3.24777429]
22.383595626977424	6.244428268294622
-0.017679999999999918	0.22089000000000025
3.04383	[-3.25854429]
22.15768892978928	6.254075390432537
-0.013980000000000103	0.22567999999999966
3.04434	[-3.25803429]
21.955044528340675	6.270080035431301
-0.01988999999999974	0.20230000000000015
3.08313	[-3.21924429]
21.753465988200706	6.2982973803637705
-0.03208000000000011	0.20099999999999962
3.10306	[-3.19931429]
21.587852630683187	6.3047008022438975
-0.009580000000000144	0.16546000000000038
3.09041	[-3.21196429]
21.403371040784588	6.311352229796295
-0.0101899999999997	0.1843199999999996
3.04746	[-3.25491429]
21.173815514946284	6.328720760450912
-0.021770000000000067	0.22918000000000038
3.04175	[-3.26062429]
20.969071390234692	6.346775493793839
-0.02198000000000011	0.20436000000000032
3.02962	[-3.27275429]
20.776194612825275	6.377590284660523
-0.03451000000000004	0.1922499999999996
3.06527	[-3.23710429]
20.596465648981564	6.395094902784473
-0.020950000000000024	0.17935999999999996
3.07878	[-3.22359429]
20.400541403529033	6.392915145032845
-0.0015799999999996928	0.19592999999999972
3.07946	[-3.22291429]
20.177632181132672	6.396468660285457
-0.007830000000000226	0.22280000000000033
3.05951	[-3.24286429]
19.940025698668094	6.4054711705359715
-0.013560000000000016	0.23739000000000043
3.07603	[-3.22634429]
19.740303390171704	6.429733404334052
-0.028089999999999726	0.1992199999999995
3.06288	[-3.23949429]
19.540060739533804	6.447754504897233
-0.021860000000000213	0.19986000000000015
3.06482	[-3.23755429]
19.325047130434708	6.445358424309784
-0.0017299999999997873	0.21502
3.04448	[-3.25789429]
19.105589713179256	6.442597009533552
-0.0014500000000001734	0.21947000000000028
3.01979	[-3.28258429]
18.856566786195312	6.4492200251872625
-0.011400000000000077	0.24885000000000002
2.99089	[-3.31148429]
18.641409773663018	6.472015830901863
-0.026920000000000055	0.21467999999999954
2.98453	[-3.31784429]
18.43480714839025	6.4998767090358935
-0.03181999999999974	0.20603000000000016
3.02463	[-3.27774429]
18.234718760333863	6.514550153246349
-0.018510000000000026	0.19976999999999911
3.03232	[-3.27005429]
18.007683498710296	6.51629416572318
-0.006099999999999994	0.22696000000000005
3.01927	[-3.28310429]
17.78623739982958	6.518135439877707
-0.006089999999999929	0.2213700000000003
3.02263	[-3.27974429]
17.541351242483625	6.535389788324734
-0.021950000000000358	0.24451
3.02912	[-3.27325429]
17.323362770682678	6.556670985703832
-0.025459999999999816	0.21753999999999962
3.03959	[-3.26278429]
17.113957406351318	6.57995724322305
-0.02729999999999988	0.20892000000000088
3.05146	[-3.25091429]
16.870338460921925	6.5812129612924934
-0.005930000000000213	0.24355000000000082
3.07838	[-3.22399429]
16.637149219703108	6.57997834402711
-0.0032399999999999096	0.23316999999999943
3.09157	[-3.21080429]
16.402920216689854	6.589665786796849
-0.014180000000000081	0.23399999999999999
3.06525	[-3.23712429]
16.182285857945025	6.610186075324512
-0.02475000000000005	0.22020000000000017
3.09269	[-3.20968429]
15.959626923257938	6.631967748906
-0.026049999999999685	0.22219999999999906
3.11073	[-3.19164429]
15.729292021535697	6.641999974412141
-0.014450000000000074	0.2301000000000002
3.11006	[-3.19231429]
15.51067760742084	6.651076914492262
-0.013270000000000337	0.21840000000000082
3.09789	[-3.20448429]
15.266610689857172	6.662645935668223
-0.016249999999999876	0.24380000000000024
3.07409	[-3.22828429]
15.044435532242023	6.680066088901867
-0.02167999999999992	0.2218
3.06436	[-3.23801429]
14.793309296169864	6.705082132878272
-0.029830000000000023	0.2505999999999986
3.10769	[-3.19468429]
14.577420711629873	6.728474011069638
-0.027530000000000054	0.2154000000000007
3.12832	[-3.17405429]
14.340658590213017	6.739863162143798
-0.01593	0.2364999999999995
3.13015	[-3.17222429]
14.11277217554963	6.747391907847218
-0.011900000000000022	0.22770000000000046
3.11725	[-3.18512429]
13.881992844877564	6.76494699071666
-0.02197999999999989	0.2303999999999995
3.13777	[-3.16460429]
13.634903493613356	6.793291106364064
-0.03308	0.24650000000000105
-3.09892	[-9.40129429]
13.413904361553238	6.827606935491081
-0.038550000000000084	0.22029999999999994
-3.06436	[-9.36673429]
13.205593807520367	6.836581565205947
-0.012969999999999926	0.20809999999999995
-3.0743	[-9.37667429]
12.976815246791471	6.848904075129456
-0.016710000000000003	0.22850000000000037
-3.1191	[-9.42147429]
12.77051278030693	6.862688121066509
-0.01774000000000009	0.20599999999999952
3.13757	[-3.16480429]
12.575299047013818	6.8719541036784975
-0.013009999999999966	0.19500000000000028
3.13234	[-3.17003429]
12.347991825296795	6.890996082443525
-0.023399999999999865	0.22689999999999877
-3.11568	[-9.41805429]
12.122236108263364	6.896945420786667
-0.010280000000000067	0.22560000000000002
-3.08358	[-9.38595429]
11.875636072296095	6.91021615026705
-0.018000000000000016	0.24629999999999974
-3.11449	[-9.41686429]
11.643174310505138	6.9216278199540495
-0.01587000000000005	0.23220000000000063
3.13706	[-3.16531429]
11.408416822831494	6.9380063541118755
-0.02088000000000001	0.23440000000000083
-3.12837	[-9.43074429]
11.195040071349624	6.966017279249111
-0.03210000000000002	0.21279999999999966
-3.09226	[-9.39463429]
10.997811600373016	6.996878579225442
-0.034640000000000004	0.1966000000000001
-3.0849	[-9.38727429]
10.809729959851502	7.009752075205016
-0.016479999999999828	0.1877999999999993
-3.09958	[-9.40195429]
10.593130157139083	7.0232984941023116
-0.01770000000000005	0.21630000000000038
-3.13701	[-9.43938429]
10.374638763100776	7.036388533491042
-0.017279999999999962	0.21820000000000128
3.12821	[-3.17416429]
10.158510112866407	7.061866189346106
-0.02961999999999998	0.21559999999999846
-3.14097	[-9.44334429]
9.918571863421338	7.098038960227478
-0.040770000000000195	0.2392000000000003
-3.08765	[-9.39002429]
9.708163065389794	7.117325227645542
-0.023320000000000007	0.21000000000000085
-3.06753	[-9.36990429]
9.501878827321145	7.1301594484803505
-0.01678999999999986	0.20599999999999952
-3.08202	[-9.38439429]
9.263354684747867	7.155187301158561
-0.02960000000000007	0.23799999999999955
-3.11794	[-9.42031429]
9.042551935780994	7.215751730889814
-0.0647899999999999	0.2195999999999998
3.11488	[-3.18749429]
8.842462684267867	7.291446392715574
-0.07952000000000004	0.198599999999999
3.06913	[-3.23324429]
8.653745112284179	7.3947843413336045
-0.10694000000000004	0.18670000000000186
2.9827	[-3.31967429]
8.49366591820048	7.454703804127534
-0.06298000000000004	0.15889999999999915
2.8692	[-3.43317429]
