ARKit Data
1532821.10232842
normal
simd_float4x4([[0.111327, -0.126968, -0.98564, 0.0)], [0.00377619, 0.991852, -0.127342, 0.0)], [0.993777, 0.0104547, 0.1109, 0.0)], [-2.81789, -0.000567086, 0.949338, 1.0)]])
-2.81789, -0.000567086, 0.949338
float3(-0.0104549, 1.45966, -0.127319)
1532821.43643946
notAvailable
simd_float4x4([[1.0, 0.0, 0.0, 0.0)], [0.0, 1.0, 0.0, 0.0)], [0.0, 0.0, 1.0, 0.0)], [0.0, 0.0, 0.0, 1.0)]])
0.0, 0.0, 0.0
float3(-0.0, 0.0, 0.0)
1532821.55309992
notAvailable
simd_float4x4([[1.0, 0.0, 0.0, 0.0)], [0.0, 1.0, 0.0, 0.0)], [0.0, 0.0, 1.0, 0.0)], [0.0, 0.0, 0.0, 1.0)]])
0.0, 0.0, 0.0
float3(-0.0, 0.0, 0.0)
1532821.653151
limited(__ObjC.ARCamera.TrackingState.Reason.initializing)
simd_float4x4([[0.999666, -0.0256572, -0.00319749, 0.0)], [0.0256662, 0.999666, 0.0028137, 0.0)], [0.00312424, -0.00289483, 0.99999, 0.0)], [0.0, 0.0, 0.0, 1.0)]])
0.0, 0.0, 0.0
float3(0.00289483, 0.00312426, -0.0256601)
1532821.75320221
limited(__ObjC.ARCamera.TrackingState.Reason.initializing)
simd_float4x4([[0.99487, -0.0967767, -0.0294746, 0.0)], [0.0966395, 0.995301, -0.0060493, 0.0)], [0.0299215, 0.00316986, 0.999547, 0.0)], [0.0, 0.0, 0.0, 1.0)]])
0.0, 0.0, 0.0
float3(-0.00316986, 0.0299261, -0.096929)
1532821.85325346
limited(__ObjC.ARCamera.TrackingState.Reason.initializing)
simd_float4x4([[0.989838, -0.120868, -0.0749162, 0.0)], [0.120189, 0.992658, -0.0135184, 0.0)], [0.076, 0.00437687, 0.997097, 0.0)], [0.0, 0.0, 0.0, 1.0)]])
0.0, 0.0, 0.0
float3(-0.00437689, 0.0760742, -0.121165)
1532821.95330463
limited(__ObjC.ARCamera.TrackingState.Reason.initializing)
simd_float4x4([[0.977927, -0.155817, -0.139212, 0.0)], [0.154358, 0.987785, -0.021285, 0.0)], [0.140828, -0.000673315, 0.990033, 0.0)], [0.0, 0.0, 0.0, 1.0)]])
0.0, 0.0, 0.0
float3(0.000673315, 0.141298, -0.156455)
1532822.053356
limited(__ObjC.ARCamera.TrackingState.Reason.initializing)
simd_float4x4([[0.967661, -0.155891, -0.19832, 0.0)], [0.151326, 0.987749, -0.0380663, 0.0)], [0.201825, 0.00682433, 0.979397, 0.0)], [0.0, 0.0, 0.0, 1.0)]])
0.0, 0.0, 0.0
float3(-0.00682438, 0.203226, -0.156533)
1532822.15340721
limited(__ObjC.ARCamera.TrackingState.Reason.initializing)
simd_float4x4([[0.955212, -0.153077, -0.253252, 0.0)], [0.148147, 0.988213, -0.038545, 0.0)], [0.256167, -0.000699695, 0.966631, 0.0)], [0.0, 0.0, 0.0, 1.0)]])
0.0, 0.0, 0.0
float3(0.000699695, 0.259055, -0.153681)
1532822.25345821
limited(__ObjC.ARCamera.TrackingState.Reason.initializing)
simd_float4x4([[0.941314, -0.146686, -0.303991, 0.0)], [0.141746, 0.989158, -0.0383853, 0.0)], [0.306326, -0.00695676, 0.9519, 0.0)], [0.0, 0.0, 0.0, 1.0)]])
0.0, 0.0, 0.0
float3(0.00695681, 0.311339, -0.147221)
1532822.35350971
limited(__ObjC.ARCamera.TrackingState.Reason.initializing)
simd_float4x4([[0.926148, -0.14297, -0.349012, 0.0)], [0.138563, 0.989635, -0.0377036, 0.0)], [0.350786, -0.013441, 0.936358, 0.0)], [0.0, 0.0, 0.0, 1.0)]])
0.0, 0.0, 0.0
float3(0.0134414, 0.358444, -0.143475)
1532822.45356071
limited(__ObjC.ARCamera.TrackingState.Reason.initializing)
simd_float4x4([[0.910734, -0.138805, -0.388969, 0.0)], [0.133922, 0.990192, -0.0397899, 0.0)], [0.390678, -0.0158534, 0.92039, 0.0)], [0.0, 0.0, 0.0, 1.0)]])
0.0, 0.0, 0.0
float3(0.015854, 0.401421, -0.139272)
1532822.553612
limited(__ObjC.ARCamera.TrackingState.Reason.initializing)
simd_float4x4([[0.896556, -0.134602, -0.421982, 0.0)], [0.130265, 0.990701, -0.0392454, 0.0)], [0.423341, -0.0197837, 0.905753, 0.0)], [0.0, 0.0, 0.0, 1.0)]])
0.0, 0.0, 0.0
float3(0.019785, 0.437222, -0.135038)
1532822.65366312
limited(__ObjC.ARCamera.TrackingState.Reason.initializing)
simd_float4x4([[0.883645, -0.13253, -0.449007, 0.0)], [0.129897, 0.990842, -0.0368244, 0.0)], [0.449776, -0.0257849, 0.892767, 0.0)], [0.0, 0.0, 0.0, 1.0)]])
0.0, 0.0, 0.0
float3(0.0257878, 0.466683, -0.132966)
1532822.75371463
limited(__ObjC.ARCamera.TrackingState.Reason.initializing)
simd_float4x4([[0.876217, -0.126517, -0.465013, 0.0)], [0.125327, 0.991545, -0.033622, 0.0)], [0.465335, -0.0288182, 0.884665, 0.0)], [0.0, 0.0, 0.0, 1.0)]])
0.0, 0.0, 0.0
float3(0.0288222, 0.484232, -0.12691)
1532822.85376579
limited(__ObjC.ARCamera.TrackingState.Reason.initializing)
simd_float4x4([[0.873862, -0.118731, -0.471453, 0.0)], [0.11901, 0.992457, -0.0293536, 0.0)], [0.471383, -0.0304564, 0.8814, 0.0)], [0.0, 0.0, 0.0, 1.0)]])
0.0, 0.0, 0.0
float3(0.0304611, 0.491108, -0.119068)
1532822.95381696
limited(__ObjC.ARCamera.TrackingState.Reason.initializing)
simd_float4x4([[0.879423, -0.113464, -0.462321, 0.0)], [0.114728, 0.993069, -0.0254872, 0.0)], [0.462009, -0.0306271, 0.886346, 0.0)], [0.0, 0.0, 0.0, 1.0)]])
0.0, 0.0, 0.0
float3(0.0306319, 0.480503, -0.113763)
1532823.05386825
limited(__ObjC.ARCamera.TrackingState.Reason.initializing)
simd_float4x4([[0.891762, -0.108206, -0.439377, 0.0)], [0.110827, 0.993643, -0.0197706, 0.0)], [0.438723, -0.0310644, 0.898085, 0.0)], [0.0, 0.0, 0.0, 1.0)]])
0.0, 0.0, 0.0
float3(0.0310694, 0.454414, -0.108471)
1532823.15391946
limited(__ObjC.ARCamera.TrackingState.Reason.initializing)
simd_float4x4([[0.908836, -0.103746, -0.404047, 0.0)], [0.106566, 0.994184, -0.0155727, 0.0)], [0.403313, -0.0289046, 0.914605, 0.0)], [0.0, 0.0, 0.0, 1.0)]])
0.0, 0.0, 0.0
float3(0.0289087, 0.415319, -0.103977)
1532823.25397071
limited(__ObjC.ARCamera.TrackingState.Reason.initializing)
simd_float4x4([[0.927649, -0.0981698, -0.360321, 0.0)], [0.101292, 0.994803, -0.0102602, 0.0)], [0.359456, -0.0269796, 0.932772, 0.0)], [0.0, 0.0, 0.0, 1.0)]])
0.0, 0.0, 0.0
float3(0.0269829, 0.367825, -0.0983642)
1532823.35402179
limited(__ObjC.ARCamera.TrackingState.Reason.initializing)
simd_float4x4([[0.94397, -0.0962544, -0.315684, 0.0)], [0.0993547, 0.995031, -0.0062999, 0.0)], [0.314722, -0.0254177, 0.948842, 0.0)], [0.0, 0.0, 0.0, 1.0)]])
0.0, 0.0, 0.0
float3(0.0254205, 0.320271, -0.096435)
1532823.45407329
limited(__ObjC.ARCamera.TrackingState.Reason.initializing)
simd_float4x4([[0.958723, -0.0946587, -0.268124, 0.0)], [0.0979457, 0.99519, -0.00112299, 0.0)], [0.266941, -0.025185, 0.963383, 0.0)], [0.0, 0.0, 0.0, 1.0)]])
0.0, 0.0, 0.0
float3(0.0251876, 0.270306, -0.094831)
1532823.55412442
limited(__ObjC.ARCamera.TrackingState.Reason.initializing)
simd_float4x4([[0.970635, -0.09241, -0.2221, 0.0)], [0.0956581, 0.995406, 0.00388724, 0.0)], [0.220721, -0.0250188, 0.975015, 0.0)], [0.0, 0.0, 0.0, 1.0)]])
0.0, 0.0, 0.0
float3(0.0250214, 0.222625, -0.0925712)
1532823.65417567
limited(__ObjC.ARCamera.TrackingState.Reason.initializing)
simd_float4x4([[0.980394, -0.0897035, -0.175444, 0.0)], [0.0925935, 0.995669, 0.00833967, 0.0)], [0.173936, -0.0244212, 0.984454, 0.0)], [0.0, 0.0, 0.0, 1.0)]])
0.0, 0.0, 0.0
float3(0.0244236, 0.174878, -0.0898511)
1532823.75422692
limited(__ObjC.ARCamera.TrackingState.Reason.initializing)
simd_float4x4([[0.987247, -0.0890856, -0.131935, 0.0)], [0.0913971, 0.995747, 0.0115568, 0.0)], [0.130344, -0.0234678, 0.991191, 0.0)], [0.0, 0.0, 0.0, 1.0)]])
0.0, 0.0, 0.0
float3(0.02347, 0.130752, -0.0892285)
1532823.85427813
limited(__ObjC.ARCamera.TrackingState.Reason.initializing)
simd_float4x4([[0.992005, -0.0877937, -0.0906494, 0.0)], [0.0893749, 0.995906, 0.0135258, 0.0)], [0.0890908, -0.0215194, 0.995791, 0.0)], [0.0, 0.0, 0.0, 1.0)]])
0.0, 0.0, 0.0
float3(0.0215211, 0.0892298, -0.0879273)
1532823.95432946
limited(__ObjC.ARCamera.TrackingState.Reason.initializing)
simd_float4x4([[0.994829, -0.0858181, -0.0543179, 0.0)], [0.0868779, 0.996066, 0.0174561, 0.0)], [0.0526062, -0.0220848, 0.998371, 0.0)], [0.0, 0.0, 0.0, 1.0)]])
0.0, 0.0, 0.0
float3(0.0220866, 0.0526433, -0.0859448)
1532824.05438054
limited(__ObjC.ARCamera.TrackingState.Reason.initializing)
simd_float4x4([[0.996032, -0.0847712, -0.027092, 0.0)], [0.0852904, 0.996182, 0.0186187, 0.0)], [0.0254102, -0.0208555, 0.99946, 0.0)], [0.0, 0.0, 0.0, 1.0)]])
0.0, 0.0, 0.0
float3(0.020857, 0.0254185, -0.0848915)
1532824.15443179
limited(__ObjC.ARCamera.TrackingState.Reason.initializing)
simd_float4x4([[0.996724, -0.0808334, -0.00283798, 0.0)], [0.0808667, 0.996615, 0.0147903, 0.0)], [0.00163281, -0.0149714, 0.999886, 0.0)], [0.0, 0.0, 0.0, 1.0)]])
0.0, 0.0, 0.0
float3(0.0149719, 0.001633, -0.0809308)
1532824.25448308
limited(__ObjC.ARCamera.TrackingState.Reason.initializing)
simd_float4x4([[0.997691, -0.0621045, 0.0274794, 0.0)], [0.062412, 0.997996, -0.0104767, 0.0)], [-0.0267736, 0.0121675, 0.999568, 0.0)], [0.0, 0.0, 0.0, 1.0)]])
0.0, 0.0, 0.0
float3(-0.0121678, -0.0267788, -0.0621491)
1532824.35453433
limited(__ObjC.ARCamera.TrackingState.Reason.initializing)
simd_float4x4([[0.997641, -0.0515799, 0.0452932, 0.0)], [0.0530194, 0.998107, -0.0311768, 0.0)], [-0.0435994, 0.0335047, 0.998487, 0.0)], [0.0, 0.0, 0.0, 1.0)]])
0.0, 0.0, 0.0
float3(-0.033511, -0.0436377, -0.0516318)
1532824.45458563
limited(__ObjC.ARCamera.TrackingState.Reason.initializing)
simd_float4x4([[0.997212, -0.0465555, 0.0583135, 0.0)], [0.0490603, 0.9979, -0.0422844, 0.0)], [-0.0562225, 0.0450273, 0.997402, 0.0)], [0.0, 0.0, 0.0, 1.0)]])
0.0, 0.0, 0.0
float3(-0.0450426, -0.0563093, -0.0466196)
1532824.55463696
limited(__ObjC.ARCamera.TrackingState.Reason.initializing)
simd_float4x4([[0.996562, -0.0394545, 0.0728506, 0.0)], [0.0435332, 0.997522, -0.0552752, 0.0)], [-0.0704892, 0.0582566, 0.99581, 0.0)], [0.0, 0.0, 0.0, 1.0)]])
0.0, 0.0, 0.0
float3(-0.0582896, -0.0706679, -0.0395319)
1532824.65468817
limited(__ObjC.ARCamera.TrackingState.Reason.initializing)
simd_float4x4([[0.995646, -0.027255, 0.0891426, 0.0)], [0.0333762, 0.997133, -0.0679132, 0.0)], [-0.087036, 0.0705927, 0.993701, 0.0)], [0.0, 0.0, 0.0, 1.0)]])
0.0, 0.0, 0.0
float3(-0.0706515, -0.0873648, -0.0273266)
1532824.75473938
limited(__ObjC.ARCamera.TrackingState.Reason.initializing)
simd_float4x4([[0.994334, -0.0140392, 0.105371, 0.0)], [0.0222671, 0.996758, -0.0773188, 0.0)], [-0.103944, 0.079227, 0.991423, 0.0)], [0.0, 0.0, 0.0, 1.0)]])
0.0, 0.0, 0.0
float3(-0.0793101, -0.104462, -0.014084)
1532824.85479054
limited(__ObjC.ARCamera.TrackingState.Reason.initializing)
simd_float4x4([[0.99297, -0.00600871, 0.118211, 0.0)], [0.0157614, 0.996529, -0.0817421, 0.0)], [-0.117309, 0.0830306, 0.989618, 0.0)], [0.0, 0.0, 0.0, 1.0)]])
0.0, 0.0, 0.0
float3(-0.0831263, -0.11799, -0.00602957)
1532824.95484188
limited(__ObjC.ARCamera.TrackingState.Reason.initializing)
simd_float4x4([[0.991063, -0.00197613, 0.133382, 0.0)], [0.0131487, 0.996467, -0.082936, 0.0)], [-0.132747, 0.0839486, 0.987588, 0.0)], [0.0, 0.0, 0.0, 1.0)]])
0.0, 0.0, 0.0
float3(-0.0840475, -0.133614, -0.00198314)
1532825.05489313
limited(__ObjC.ARCamera.TrackingState.Reason.initializing)
simd_float4x4([[0.988848, -0.00168622, 0.148921, 0.0)], [0.0135548, 0.996804, -0.0787187, 0.0)], [-0.148313, 0.0798595, 0.98571, 0.0)], [0.0, 0.0, 0.0, 1.0)]])
0.0, 0.0, 0.0
float3(-0.0799446, -0.149342, -0.00169162)
1532825.15494442
limited(__ObjC.ARCamera.TrackingState.Reason.initializing)
simd_float4x4([[0.985952, -0.000544913, 0.167029, 0.0)], [0.0124751, 0.997442, -0.0703854, 0.0)], [-0.166563, 0.0714803, 0.983437, 0.0)], [0.0, 0.0, 0.0, 1.0)]])
0.0, 0.0, 0.0
float3(-0.0715413, -0.167776, -0.000546311)
1532825.25499575
limited(__ObjC.ARCamera.TrackingState.Reason.initializing)
simd_float4x4([[0.981633, 0.00180791, 0.19077, 0.0)], [0.00977215, 0.998166, -0.0597435, 0.0)], [-0.190528, 0.0605105, 0.979815, 0.0)], [0.0, 0.0, 0.0, 1.0)]])
0.0, 0.0, 0.0
float3(-0.0605475, -0.192056, 0.00181123)
1532825.35504675
normal
simd_float4x4([[0.975729, -0.00341775, 0.218953, 0.0)], [0.0173789, 0.997933, -0.061869, 0.0)], [-0.218289, 0.0641726, 0.973772, 0.0)], [1.86265e-09, 9.31323e-10, -7.45058e-09, 1.0)]])
1.86265e-09, 9.31323e-10, -7.45058e-09
float3(-0.0642167, -0.220523, -0.00342481)
1532825.45509825
normal
simd_float4x4([[0.968788, -0.00743248, 0.247779, 0.0)], [0.0210515, 0.998406, -0.0523603, 0.0)], [-0.246995, 0.0559421, 0.967401, 0.0)], [0.012156, 0.00316629, -0.000944316, 1.0)]])
0.012156, 0.00316629, -0.000944316
float3(-0.0559713, -0.249978, -0.00744421)
1532825.55514942
normal
simd_float4x4([[0.960433, -0.00937113, 0.278353, 0.0)], [0.0231791, 0.998656, -0.0463563, 0.0)], [-0.277544, 0.0509741, 0.95936, 0.0)], [0.0236151, 0.00572376, -0.00437834, 1.0)]])
0.0236151, 0.00572376, -0.00437834
float3(-0.0509962, -0.281613, -0.00938347)
1532825.65520079
normal
simd_float4x4([[0.951717, -0.0143434, 0.306641, 0.0)], [0.0272085, 0.998918, -0.0377214, 0.0)], [-0.305768, 0.0442434, 0.951077, 0.0)], [0.0327494, 0.00867482, -0.00723775, 1.0)]])
0.0327494, 0.00867482, -0.00723775
float3(-0.0442578, -0.31106, -0.0143579)
1532825.75525204
normal
simd_float4x4([[0.942748, -0.0180848, 0.333016, 0.0)], [0.0300053, 0.999079, -0.0306871, 0.0)], [-0.332154, 0.0389225, 0.942422, 0.0)], [0.0394709, 0.0115187, -0.00881032, 1.0)]])
0.0394709, 0.0115187, -0.00881032
float3(-0.0389323, -0.338854, -0.0180995)
1532825.85530321
normal
simd_float4x4([[0.935912, -0.0229412, 0.351487, 0.0)], [0.0337721, 0.999124, -0.024714, 0.0)], [-0.350612, 0.0350006, 0.935867, 0.0)], [0.0481697, 0.0127568, -0.00656148, 1.0)]])
0.0481697, 0.0127568, -0.00656148
float3(-0.0350077, -0.358454, -0.0229572)
1532825.9553545
normal
simd_float4x4([[0.933288, -0.0264938, 0.35815, 0.0)], [0.0368346, 0.999077, -0.0220799, 0.0)], [-0.357235, 0.0337992, 0.933403, 0.0)], [0.0489578, 0.0138565, -0.00744674, 1.0)]])
0.0489578, 0.0138565, -0.00744674
float3(-0.0338057, -0.365525, -0.026512)
1532826.05540562
normal
simd_float4x4([[0.933808, -0.0315604, 0.35638, 0.0)], [0.0402158, 0.999048, -0.0169016, 0.0)], [-0.355508, 0.030115, 0.934188, 0.0)], [0.0551462, 0.017954, -0.00448883, 1.0)]])
0.0551462, 0.017954, -0.00448883
float3(-0.0301195, -0.36363, -0.03158)
1532826.15545717
normal
simd_float4x4([[0.938511, -0.03845, 0.343101, 0.0)], [0.044223, 0.998981, -0.00901476, 0.0)], [-0.342404, 0.0236334, 0.939255, 0.0)], [0.0569336, 0.0222246, -0.00137348, 1.0)]])
0.0569336, 0.0222246, -0.00137348
float3(-0.0236356, -0.349577, -0.0384702)
1532826.25550813
normal
simd_float4x4([[0.945198, -0.0488652, 0.322821, 0.0)], [0.0499131, 0.998741, 0.00503668, 0.0)], [-0.322661, 0.0113523, 0.946447, 0.0)], [0.0581604, 0.0277814, 0.00241098, 1.0)]])
0.0581604, 0.0277814, 0.00241098
float3(-0.0113526, -0.328561, -0.0488878)
1532826.35555958
normal
simd_float4x4([[0.95238, -0.0622971, 0.298482, 0.0)], [0.0582187, 0.998049, 0.022545, 0.0)], [-0.299304, -0.00409418, 0.954149, 0.0)], [0.053946, 0.0344316, 0.00568183, 1.0)]])
0.053946, 0.0344316, 0.00568183
float3(0.00409419, -0.303966, -0.062338)
1532826.45561083
normal
simd_float4x4([[0.958334, -0.0722607, 0.276359, 0.0)], [0.0634573, 0.997155, 0.0406785, 0.0)], [-0.278512, -0.0214466, 0.960193, 0.0)], [0.0476082, 0.0406164, 0.00880381, 1.0)]])
0.0476082, 0.0406164, 0.00880381
float3(0.0214483, -0.282312, -0.0723404)
1532826.55566217
normal
simd_float4x4([[0.964232, -0.0835943, 0.251533, 0.0)], [0.0705237, 0.99567, 0.0605534, 0.0)], [-0.255506, -0.0406485, 0.965953, 0.0)], [0.0406706, 0.0469828, 0.012935, 1.0)]])
0.0406706, 0.0469828, 0.012935
float3(0.0406597, -0.258589, -0.0837614)
1532826.65571346
normal
simd_float4x4([[0.969456, -0.0935296, 0.22673, 0.0)], [0.0774804, 0.993883, 0.0786997, 0.0)], [-0.232704, -0.0587288, 0.970773, 0.0)], [0.0329454, 0.0535215, 0.015556, 1.0)]])
0.0329454, 0.0535215, 0.015556
float3(0.0587626, -0.235271, -0.0938289)
1532826.75576454
normal
simd_float4x4([[0.974156, -0.103331, 0.200854, 0.0)], [0.085015, 0.991569, 0.0977897, 0.0)], [-0.209266, -0.0781868, 0.974728, 0.0)], [0.0247945, 0.0614901, 0.0181287, 1.0)]])
0.0247945, 0.0614901, 0.0181287
float3(0.0782667, -0.211481, -0.103834)
1532826.85581592
normal
simd_float4x4([[0.978208, -0.113213, 0.174049, 0.0)], [0.0933208, 0.988555, 0.11853, 0.0)], [-0.185476, -0.099705, 0.977577, 0.0)], [0.0159145, 0.0704639, 0.0227108, 1.0)]])
0.0159145, 0.0704639, 0.0227108
float3(0.0998709, -0.187502, -0.114027)
1532826.95586717
normal
simd_float4x4([[0.981642, -0.123312, 0.145509, 0.0)], [0.103128, 0.984916, 0.138942, 0.0)], [-0.160448, -0.121386, 0.979552, 0.0)], [0.00942894, 0.0783605, 0.0267553, 1.0)]])
0.00942894, 0.0783605, 0.0267553
float3(0.121686, -0.162355, -0.124552)
1532827.05591842
normal
simd_float4x4([[0.98418, -0.132194, 0.11796, 0.0)], [0.113174, 0.981332, 0.155497, 0.0)], [-0.136313, -0.139687, 0.980768, 0.0)], [-0.00685615, 0.0733481, 0.0546205, 1.0)]])
-0.00685615, 0.0733481, 0.0546205
float3(0.140145, -0.138102, -0.133903)
1532827.15596971
normal
simd_float4x4([[0.986722, -0.139408, 0.0833325, 0.0)], [0.12438, 0.978543, 0.164267, 0.0)], [-0.104445, -0.151721, 0.98289, 0.0)], [-0.0152674, 0.0784399, 0.0593994, 1.0)]])
-0.0152674, 0.0784399, 0.0593994
float3(0.152309, -0.105866, -0.141513)
1532827.25602092
normal
simd_float4x4([[0.988768, -0.141081, 0.0493305, 0.0)], [0.131281, 0.977602, 0.164497, 0.0)], [-0.0714331, -0.156173, 0.985143, 0.0)], [-0.0261614, 0.0815594, 0.0649416, 1.0)]])
-0.0261614, 0.0815594, 0.0649416
float3(0.156815, -0.0723837, -0.143324)
1532827.35607238
normal
simd_float4x4([[0.98973, -0.142588, 0.0101879, 0.0)], [0.139178, 0.977421, 0.158992, 0.0)], [-0.0326282, -0.155941, 0.987227, 0.0)], [-0.0387846, 0.0838337, 0.0716832, 1.0)]])
-0.0387846, 0.0838337, 0.0716832
float3(0.15658, -0.0330383, -0.14486)
1532827.45612358
normal
simd_float4x4([[0.989355, -0.142298, -0.0304484, 0.0)], [0.145296, 0.977562, 0.15252, 0.0)], [0.00806185, -0.155321, 0.987831, 0.0)], [-0.0514656, 0.0853962, 0.0804648, 1.0)]])
-0.0514656, 0.0853962, 0.0804648
float3(0.155952, 0.00816098, -0.144549)
1532827.55617488
normal
simd_float4x4([[0.987544, -0.141051, -0.069721, 0.0)], [0.149923, 0.978014, 0.144951, 0.0)], [0.0477427, -0.153598, 0.986979, 0.0)], [-0.0635647, 0.084571, 0.0895835, 1.0)]])
-0.0635647, 0.084571, 0.0895835
float3(0.154209, 0.0483349, -0.143234)
1532827.65622613
normal
simd_float4x4([[0.984158, -0.142161, -0.10594, 0.0)], [0.156019, 0.978255, 0.136655, 0.0)], [0.0842092, -0.151019, 0.984938, 0.0)], [-0.0750614, 0.0840054, 0.0976143, 1.0)]])
-0.0750614, 0.0840054, 0.0976143
float3(0.151599, 0.0852896, -0.144311)
1532827.75627754
normal
simd_float4x4([[0.980012, -0.141677, -0.13966, 0.0)], [0.159687, 0.978898, 0.127511, 0.0)], [0.118648, -0.147264, 0.981955, 0.0)], [-0.0841969, 0.0826517, 0.105694, 1.0)]])
-0.0841969, 0.0826517, 0.105694
float3(0.147802, 0.120245, -0.143733)
1532827.85632871
normal
simd_float4x4([[0.975715, -0.139169, -0.169152, 0.0)], [0.160286, 0.979953, 0.118321, 0.0)], [0.149294, -0.14256, 0.978462, 0.0)], [-0.0925859, 0.080765, 0.112766, 1.0)]])
-0.0925859, 0.080765, 0.112766
float3(0.143048, 0.151413, -0.141072)
1532827.95637996
normal
simd_float4x4([[0.97094, -0.135244, -0.197446, 0.0)], [0.158683, 0.981393, 0.108104, 0.0)], [0.179152, -0.136294, 0.974335, 0.0)], [-0.102206, 0.0781693, 0.119391, 1.0)]])
-0.102206, 0.0781693, 0.119391
float3(0.13672, 0.18184, -0.136945)
1532828.05643133
normal
simd_float4x4([[0.964918, -0.132682, -0.226559, 0.0)], [0.157815, 0.982731, 0.0966092, 0.0)], [0.209829, -0.128974, 0.969194, 0.0)], [-0.110517, 0.0746472, 0.126849, 1.0)]])
-0.110517, 0.0746472, 0.126849
float3(0.129335, 0.213207, -0.134202)
1532828.15648254
normal
simd_float4x4([[0.959643, -0.129932, -0.249404, 0.0)], [0.155208, 0.984267, 0.0844275, 0.0)], [0.234511, -0.11973, 0.964712, 0.0)], [-0.118075, 0.070649, 0.132845, 1.0)]])
-0.118075, 0.070649, 0.132845
float3(0.120018, 0.238464, -0.13125)
1532828.25653392
normal
simd_float4x4([[0.956341, -0.123065, -0.265079, 0.0)], [0.146433, 0.986727, 0.0701983, 0.0)], [0.252922, -0.10595, 0.961668, 0.0)], [-0.125927, 0.0638862, 0.139004, 1.0)]])
-0.125927, 0.0638862, 0.139004
float3(0.106149, 0.257179, -0.12408)
1532828.35658508
normal
simd_float4x4([[0.954287, -0.111824, -0.277187, 0.0)], [0.131025, 0.990031, 0.0516813, 0.0)], [0.268644, -0.0856371, 0.959425, 0.0)], [-0.135242, 0.0555806, 0.143265, 1.0)]])
-0.135242, 0.0555806, 0.143265
float3(0.0857421, 0.273014, -0.112474)
1532828.45663629
normal
simd_float4x4([[0.952811, -0.10249, -0.285739, 0.0)], [0.117398, 0.99245, 0.0354946, 0.0)], [0.279944, -0.0673649, 0.95765, 0.0)], [-0.144747, 0.047673, 0.147254, 1.0)]])
-0.144747, 0.047673, 0.147254
float3(0.067416, 0.2844, -0.102905)
1532828.55668771
normal
simd_float4x4([[0.952385, -0.0930625, -0.290348, 0.0)], [0.103885, 0.994345, 0.0220519, 0.0)], [0.286654, -0.0511648, 0.956667, 0.0)], [-0.155764, 0.0399133, 0.149547, 1.0)]])
-0.155764, 0.0399133, 0.149547
float3(0.0511872, 0.291125, -0.09332)
1532828.65673892
normal
simd_float4x4([[0.952304, -0.0855953, -0.2929, 0.0)], [0.0922927, 0.99569, 0.00909627, 0.0)], [0.290859, -0.0356949, 0.9561, 0.0)], [-0.166396, 0.0325487, 0.150871, 1.0)]])
-0.166396, 0.0325487, 0.150871
float3(0.0357025, 0.295318, -0.0857549)
1532828.75679029
normal
simd_float4x4([[0.95308, -0.0800288, -0.291948, 0.0)], [0.0827235, 0.996568, -0.00312382, 0.0)], [0.291196, -0.0211737, 0.956429, 0.0)], [-0.175968, 0.0253798, 0.150542, 1.0)]])
-0.175968, 0.0253798, 0.150542
float3(0.0211753, 0.295545, -0.0801325)
1532828.85684162
normal
simd_float4x4([[0.955385, -0.0770012, -0.285151, 0.0)], [0.0766836, 0.99698, -0.0122963, 0.0)], [0.285236, -0.0101187, 0.958404, 0.0)], [-0.185584, 0.0204166, 0.146671, 1.0)]])
-0.185584, 0.0204166, 0.146671
float3(0.0101189, 0.289268, -0.0770815)
1532828.95689296
normal
simd_float4x4([[0.959284, -0.0765497, -0.271872, 0.0)], [0.0750507, 0.997053, -0.0159236, 0.0)], [0.272289, -0.00512894, 0.962202, 0.0)], [-0.194163, 0.0172372, 0.140732, 1.0)]])
-0.194163, 0.0172372, 0.140732
float3(0.00512896, 0.275775, -0.0766257)
1532829.05694417
normal
simd_float4x4([[0.964927, -0.0763235, -0.25118, 0.0)], [0.0741163, 0.997083, -0.01825, 0.0)], [0.25184, -0.00100662, 0.967768, 0.0)], [-0.202889, 0.0154736, 0.135436, 1.0)]])
-0.202889, 0.0154736, 0.135436
float3(0.00100662, 0.254581, -0.0763978)
1532829.15699542
normal
simd_float4x4([[0.970312, -0.0808104, -0.227957, 0.0)], [0.0784738, 0.996729, -0.019311, 0.0)], [0.228772, 0.000849037, 0.97348, 0.0)], [-0.213244, 0.014946, 0.124284, 1.0)]])
-0.213244, 0.014946, 0.124284
float3(-0.000849037, 0.230816, -0.0808987)
1532829.25704671
normal
simd_float4x4([[0.977322, -0.0881053, -0.192562, 0.0)], [0.0864342, 0.996111, -0.0170784, 0.0)], [0.193318, 4.71347e-05, 0.981136, 0.0)], [-0.227608, -0.0252527, 0.130494, 1.0)]])
-0.227608, -0.0252527, 0.130494
float3(-4.71347e-05, 0.194542, -0.0882197)
1532829.35709812
normal
simd_float4x4([[0.981266, -0.0927722, -0.168847, 0.0)], [0.0921487, 0.995678, -0.0115423, 0.0)], [0.169188, -0.00423295, 0.985575, 0.0)], [-0.233174, -0.027043, 0.112172, 1.0)]])
-0.233174, -0.027043, 0.112172
float3(0.00423296, 0.170008, -0.0929067)
1532829.45714954
normal
simd_float4x4([[0.98377, -0.0902063, -0.155113, 0.0)], [0.0898968, 0.99591, -0.00902336, 0.0)], [0.155293, -0.00506725, 0.987856, 0.0)], [-0.241298, -0.0390564, 0.0730872, 1.0)]])
-0.241298, -0.0390564, 0.0730872
float3(0.00506727, 0.155926, -0.0903303)
1532829.55720071
normal
simd_float4x4([[0.986627, -0.0856373, -0.138685, 0.0)], [0.0844106, 0.996322, -0.0147134, 0.0)], [0.139435, 0.00281015, 0.990227, 0.0)], [-0.216948, -0.0303701, 0.0633498, 1.0)]])
-0.216948, -0.0303701, 0.0633498
float3(-0.00281015, 0.139891, -0.0857427)
1532829.65725192
normal
simd_float4x4([[0.990392, -0.0838787, -0.109943, 0.0)], [0.0825765, 0.996451, -0.0163527, 0.0)], [0.110925, 0.0071168, 0.993803, 0.0)], [-0.230215, -0.036335, 0.0338176, 1.0)]])
-0.230215, -0.036335, 0.0338176
float3(-0.00711686, 0.111156, -0.0839795)
1532829.75730342
normal
simd_float4x4([[0.992938, -0.0834962, -0.0842787, 0.0)], [0.0821652, 0.996435, -0.0191456, 0.0)], [0.0855769, 0.0120857, 0.996258, 0.0)], [-0.231765, -0.0416394, -0.0153407, 1.0)]])
-0.231765, -0.0416394, -0.0153407
float3(-0.012086, 0.0856879, -0.0835996)
1532829.85735454
normal
simd_float4x4([[0.995559, -0.0752702, -0.0565388, 0.0)], [0.0738181, 0.996897, -0.0273499, 0.0)], [0.058422, 0.0230549, 0.998026, 0.0)], [-0.241822, -0.0455973, -0.0873524, 1.0)]])
-0.241822, -0.0455973, -0.0873524
float3(-0.0230569, 0.0584709, -0.0753615)
1532829.95740587
normal
simd_float4x4([[0.997152, -0.0647472, -0.0386781, 0.0)], [0.0631604, 0.997164, -0.0409301, 0.0)], [0.0412186, 0.0383706, 0.998413, 0.0)], [-0.225671, -0.0561045, -0.158828, 1.0)]])
-0.225671, -0.0561045, -0.158828
float3(-0.03838, 0.0412606, -0.0648403)
1532830.05745717
normal
simd_float4x4([[0.998191, -0.0586008, -0.0134176, 0.0)], [0.0577669, 0.996768, -0.0558187, 0.0)], [0.0166453, 0.0549426, 0.998351, 0.0)], [-0.253729, -0.0566585, -0.250313, 1.0)]])
-0.253729, -0.0566585, -0.250313
float3(-0.0549703, 0.0166712, -0.0587232)
1532830.15750867
normal
simd_float4x4([[0.998448, -0.0550738, 0.00823999, 0.0)], [0.0554274, 0.997124, -0.0516939, 0.0)], [-0.00536928, 0.0520704, 0.998629, 0.0)], [-0.251717, -0.0539366, -0.328863, 1.0)]])
-0.251717, -0.0539366, -0.328863
float3(-0.052094, -0.0053766, -0.0551766)
1532830.25755992
normal
simd_float4x4([[0.998592, -0.0514221, -0.0129863, 0.0)], [0.0510163, 0.998251, -0.0298554, 0.0)], [0.0144988, 0.0291509, 0.99947, 0.0)], [-0.254806, -0.047702, -0.389179, 1.0)]])
-0.254806, -0.047702, -0.389179
float3(-0.029155, 0.0145055, -0.0514667)
1532830.35761108
normal
simd_float4x4([[0.999044, -0.0430121, -0.00782314, 0.0)], [0.0427394, 0.998567, -0.0322027, 0.0)], [0.00919704, 0.0318375, 0.999451, 0.0)], [-0.263069, -0.0518132, -0.45574, 1.0)]])
-0.263069, -0.0518132, -0.45574
float3(-0.0318429, 0.00920184, -0.0430472)
1532830.45766246
normal
simd_float4x4([[0.999799, -0.015051, -0.0132835, 0.0)], [0.0146506, 0.99945, -0.0297455, 0.0)], [0.0137238, 0.0295449, 0.999469, 0.0)], [-0.27432, -0.0639263, -0.526266, 1.0)]])
-0.27432, -0.0639263, -0.526266
float3(-0.0295492, 0.0137303, -0.0150581)
1532830.55771363
normal
simd_float4x4([[0.998478, 0.035692, -0.0420436, 0.0)], [-0.0350619, 0.999263, 0.0156298, 0.0)], [0.0425705, -0.0141319, 0.998994, 0.0)], [-0.296217, -0.0795865, -0.595439, 1.0)]])
-0.296217, -0.0795865, -0.595439
float3(0.0141324, 0.0425876, 0.0357031)
1532830.65776508
normal
simd_float4x4([[0.998775, 0.0425541, -0.0252353, 0.0)], [-0.041847, 0.998734, 0.0279157, 0.0)], [0.0263913, -0.0268255, 0.999292, 0.0)], [-0.31517, -0.0859559, -0.678679, 1.0)]])
-0.31517, -0.0859559, -0.678679
float3(0.0268287, 0.0264039, 0.0425822)
1532830.75781633
normal
simd_float4x4([[0.999342, 0.0152714, -0.0328992, 0.0)], [-0.0147052, 0.999741, 0.0173862, 0.0)], [0.0331562, -0.0168909, 0.999308, 0.0)], [-0.333667, -0.0810746, -0.763606, 1.0)]])
-0.333667, -0.0810746, -0.763606
float3(0.0168917, 0.033167, 0.0152742)
1532830.85786787
normal
simd_float4x4([[0.999496, -0.0251743, -0.0193391, 0.0)], [0.025026, 0.999656, -0.00786923, 0.0)], [0.0195306, 0.00738128, 0.999782, 0.0)], [-0.352717, -0.0737357, -0.860798, 1.0)]])
-0.352717, -0.0737357, -0.860798
float3(-0.00738135, 0.0195323, -0.0251776)
1532830.95791904
normal
simd_float4x4([[0.998487, -0.0364033, -0.0412043, 0.0)], [0.0347307, 0.998571, -0.0406045, 0.0)], [0.0426236, 0.039112, 0.998325, 0.0)], [-0.369933, -0.071936, -0.954362, 1.0)]])
-0.369933, -0.071936, -0.954362
float3(-0.039122, 0.0426692, -0.0364392)
1532831.05797033
normal
simd_float4x4([[0.997918, -0.0229322, -0.0602756, 0.0)], [0.0199111, 0.998538, -0.0502531, 0.0)], [0.0613399, 0.0489484, 0.996916, 0.0)], [-0.388974, -0.0765662, -1.04196, 1.0)]])
-0.388974, -0.0765662, -1.04196
float3(-0.0489679, 0.0614522, -0.0229618)
1532831.15802175
normal
simd_float4x4([[0.997528, -0.010703, -0.069443, 0.0)], [0.00583866, 0.997539, -0.0698763, 0.0)], [0.0700199, 0.0692981, 0.995136, 0.0)], [-0.402939, -0.0859256, -1.13761, 1.0)]])
-0.402939, -0.0859256, -1.13761
float3(-0.0693537, 0.0702464, -0.010729)
1532831.25807304
normal
simd_float4x4([[0.996771, -0.0174931, -0.0783749, 0.0)], [0.0126398, 0.997996, -0.0619978, 0.0)], [0.0793024, 0.0608069, 0.994994, 0.0)], [-0.409171, -0.0910145, -1.23746, 1.0)]])
-0.409171, -0.0910145, -1.23746
float3(-0.0608445, 0.0795333, -0.0175265)
1532831.35812433
normal
simd_float4x4([[0.994469, -0.00888289, -0.104651, 0.0)], [0.0039716, 0.998885, -0.0470456, 0.0)], [0.104952, 0.0463697, 0.993396, 0.0)], [-0.414818, -0.0918692, -1.33262, 1.0)]])
-0.414818, -0.0918692, -1.33262
float3(-0.0463864, 0.105259, -0.00889257)
1532831.45817571
normal
simd_float4x4([[0.995683, 0.00782181, -0.0924901, 0.0)], [-0.0133335, 0.998161, -0.0591257, 0.0)], [0.0918575, 0.0601037, 0.993957, 0.0)], [-0.41455, -0.084783, -1.4344, 1.0)]])
-0.41455, -0.084783, -1.4344
float3(-0.06014, 0.0921543, 0.00783605)
1532831.55822683
normal
simd_float4x4([[0.995368, -0.00692301, -0.0958845, 0.0)], [0.00336162, 0.9993, -0.0372544, 0.0)], [0.0960753, 0.0367596, 0.994695, 0.0)], [-0.416312, -0.0724434, -1.52389, 1.0)]])
-0.416312, -0.0724434, -1.52389
float3(-0.0367678, 0.096289, -0.00692775)
1532831.65827829
normal
simd_float4x4([[0.994813, 0.0318867, -0.096591, 0.0)], [-0.0337089, 0.999282, -0.0172927, 0.0)], [0.0959703, 0.020459, 0.995174, 0.0)], [-0.423419, -0.0719687, -1.60817, 1.0)]])
-0.423419, -0.0719687, -1.60817
float3(-0.0204604, 0.0961384, 0.0318987)
1532831.7583295
normal
simd_float4x4([[0.995415, 0.0322379, -0.090053, 0.0)], [-0.0326028, 0.999465, -0.00258404, 0.0)], [0.0899215, 0.00550817, 0.995934, 0.0)], [-0.432799, -0.0764714, -1.6999, 1.0)]])
-0.432799, -0.0764714, -1.6999
float3(-0.00550819, 0.0900445, 0.032244)
1532831.85838104
normal
simd_float4x4([[0.996287, 0.0371029, -0.0776914, 0.0)], [-0.0368561, 0.99931, 0.00460841, 0.0)], [0.0778088, -0.00172789, 0.996967, 0.0)], [-0.452314, -0.0827238, -1.80737, 1.0)]])
-0.452314, -0.0827238, -1.80737
float3(0.00172789, 0.0778877, 0.0371115)
1532831.95843229
normal
simd_float4x4([[0.997943, 0.025559, -0.0587876, 0.0)], [-0.0240115, 0.99935, 0.0268806, 0.0)], [0.0594365, -0.0254137, 0.997909, 0.0)], [-0.474101, -0.0851047, -1.91017, 1.0)]])
-0.474101, -0.0851047, -1.91017
float3(0.0254165, 0.0594908, 0.02557)
1532832.05848371
normal
simd_float4x4([[0.999605, 0.00692529, -0.0272227, 0.0)], [-0.00661198, 0.999911, 0.0115823, 0.0)], [0.0273004, -0.0113978, 0.999562, 0.0)], [-0.493787, -0.0803262, -2.00969, 1.0)]])
-0.493787, -0.0803262, -2.00969
float3(0.011398, 0.0273056, 0.00692579)
1532832.15853496
normal
simd_float4x4([[0.999095, -0.0272899, -0.0326382, 0.0)], [0.0272111, 0.999626, -0.00285717, 0.0)], [0.032704, 0.00196646, 0.999463, 0.0)], [-0.508412, -0.0720269, -2.10447, 1.0)]])
-0.508412, -0.0720269, -2.10447
float3(-0.00196646, 0.0327099, -0.0272934)
1532832.25858617
normal
simd_float4x4([[0.998917, -0.040858, -0.0222665, 0.0)], [0.0406575, 0.999129, -0.00938206, 0.0)], [0.0226304, 0.00846659, 0.999708, 0.0)], [-0.522752, -0.0724396, -2.19781, 1.0)]])
-0.522752, -0.0724396, -2.19781
float3(-0.00846669, 0.0226331, -0.0408708)
1532832.35863758
normal
simd_float4x4([[0.999374, -0.0267686, -0.0231426, 0.0)], [0.0266465, 0.999629, -0.00556829, 0.0)], [0.0232831, 0.00494814, 0.999717, 0.0)], [-0.5349, -0.0813432, -2.29674, 1.0)]])
-0.5349, -0.0813432, -2.29674
float3(-0.00494816, 0.0232855, -0.0267721)
1532832.45868887
normal
simd_float4x4([[0.999559, -0.0114113, -0.0274149, 0.0)], [0.0115071, 0.999928, 0.00334213, 0.0)], [0.0273748, -0.00365612, 0.999619, 0.0)], [-0.540914, -0.0896942, -2.39152, 1.0)]])
-0.540914, -0.0896942, -2.39152
float3(0.00365613, 0.0273785, -0.0114116)
1532832.55874042
normal
simd_float4x4([[0.999189, -0.00203828, -0.0402195, 0.0)], [0.00199407, 0.999997, -0.00113914, 0.0)], [0.0402218, 0.00105801, 0.99919, 0.0)], [-0.548308, -0.0863899, -2.49406, 1.0)]])
-0.548308, -0.0863899, -2.49406
float3(-0.00105801, 0.0402327, -0.00203828)
1532832.65879167
normal
simd_float4x4([[0.999126, -0.018724, -0.0373868, 0.0)], [0.0188394, 0.999819, 0.00273449, 0.0)], [0.0373288, -0.00343644, 0.999297, 0.0)], [-0.548146, -0.0694806, -2.58927, 1.0)]])
-0.548146, -0.0694806, -2.58927
float3(0.00343644, 0.0373377, -0.0187252)
1532832.75884308
normal
simd_float4x4([[0.999264, -0.0199972, -0.0327423, 0.0)], [0.0201639, 0.999785, 0.00476824, 0.0)], [0.0326399, -0.00542495, 0.999452, 0.0)], [-0.553711, -0.0641905, -2.67796, 1.0)]])
-0.553711, -0.0641905, -2.67796
float3(0.00542497, 0.0326461, -0.0199989)
1532832.85889437
normal
simd_float4x4([[0.999247, 0.00765152, -0.0380296, 0.0)], [-0.00719957, 0.999902, 0.012007, 0.0)], [0.0381178, -0.0117241, 0.999204, 0.0)], [-0.566624, -0.0684496, -2.76598, 1.0)]])
-0.566624, -0.0684496, -2.76598
float3(0.0117244, 0.0381297, 0.00765212)
1532832.9589455
normal
simd_float4x4([[0.999182, 0.0214896, -0.0342588, 0.0)], [-0.020622, 0.999463, 0.0254803, 0.0)], [0.0347879, -0.0247529, 0.999088, 0.0)], [-0.581904, -0.0784875, -2.86245, 1.0)]])
-0.581904, -0.0784875, -2.86245
float3(0.0247555, 0.0348056, 0.0214978)
1532833.058997
normal
simd_float4x4([[0.999315, 0.0203941, -0.0308847, 0.0)], [-0.0190713, 0.998913, 0.0425353, 0.0)], [0.0317186, -0.0419172, 0.998618, 0.0)], [-0.605967, -0.0829927, -2.9728, 1.0)]])
-0.605967, -0.0829927, -2.9728
float3(0.0419294, 0.0317518, 0.0204135)
1532833.15904821
normal
simd_float4x4([[0.999932, -0.0081124, -0.0084028, 0.0)], [0.00856155, 0.998457, 0.0548723, 0.0)], [0.00794469, -0.0549405, 0.998458, 0.0)], [-0.626194, -0.0768011, -3.0771, 1.0)]])
-0.626194, -0.0768011, -3.0771
float3(0.0549681, 0.00795679, -0.00812476)
1532833.25909971
normal
simd_float4x4([[0.999118, -0.0396263, 0.0139173, 0.0)], [0.038679, 0.997278, 0.0627736, 0.0)], [-0.016367, -0.0621799, 0.997931, 0.0)], [-0.640107, -0.066563, -3.17852, 1.0)]])
-0.640107, -0.066563, -3.17852
float3(0.06222, -0.0163994, -0.0397136)
1532833.35915104
normal
simd_float4x4([[0.999315, -0.0342233, 0.0140937, 0.0)], [0.0334543, 0.998108, 0.0515936, 0.0)], [-0.0158328, -0.0510868, 0.998569, 0.0)], [-0.66131, -0.0638118, -3.27613, 1.0)]])
-0.66131, -0.0638118, -3.27613
float3(0.051109, -0.0158541, -0.0342747)
1532833.45920233
normal
simd_float4x4([[0.999115, -0.0415598, 0.0064135, 0.0)], [0.0411856, 0.997884, 0.0503082, 0.0)], [-0.00849073, -0.0499996, 0.998713, 0.0)], [-0.676806, -0.0690129, -3.37855, 1.0)]])
-0.676806, -0.0690129, -3.37855
float3(0.0500204, -0.00850147, -0.0416238)
1532833.55925379
normal
simd_float4x4([[0.99977, -0.0187358, 0.0104103, 0.0)], [0.0182404, 0.998784, 0.0457977, 0.0)], [-0.0112557, -0.0455973, 0.998897, 0.0)], [-0.692969, -0.0863872, -3.48983, 1.0)]])
-0.692969, -0.0863872, -3.48983
float3(0.0456131, -0.0112676, -0.0187564)
1532833.65930492
normal
simd_float4x4([[0.999693, -0.0237777, 0.00698808, 0.0)], [0.0233925, 0.998434, 0.0508161, 0.0)], [-0.00818541, -0.0506371, 0.998684, 0.0)], [-0.700328, -0.0906601, -3.59584, 1.0)]])
-0.700328, -0.0906601, -3.59584
float3(0.0506587, -0.00819602, -0.0238105)
1532833.7593565
normal
simd_float4x4([[0.999649, -0.0260281, 0.00488805, 0.0)], [0.0258179, 0.998905, 0.0390191, 0.0)], [-0.00589824, -0.0388792, 0.999227, 0.0)], [-0.707118, -0.0865122, -3.70249, 1.0)]])
-0.707118, -0.0865122, -3.70249
float3(0.038889, -0.00590274, -0.0260507)
1532833.85940779
normal
simd_float4x4([[0.999505, -0.0309241, 0.00581527, 0.0)], [0.0306481, 0.998617, 0.0427183, 0.0)], [-0.00712823, -0.0425189, 0.99907, 0.0)], [-0.712465, -0.0766481, -3.79906, 1.0)]])
-0.712465, -0.0766481, -3.79906
float3(0.0425317, -0.00713474, -0.030957)
1532833.95945917
normal
simd_float4x4([[0.999555, -0.0238703, 0.0178956, 0.0)], [0.023014, 0.998648, 0.0466169, 0.0)], [-0.0189841, -0.0461843, 0.998753, 0.0)], [-0.719886, -0.0730427, -3.89431, 1.0)]])
-0.719886, -0.0730427, -3.89431
float3(0.0462007, -0.0190055, -0.023898)
1532834.0595105
normal
simd_float4x4([[0.999546, -0.00264836, 0.030025, 0.0)], [0.000917909, 0.998345, 0.0575013, 0.0)], [-0.0301277, -0.0574476, 0.997894, 0.0)], [-0.732374, -0.0800338, -3.996, 1.0)]])
-0.732374, -0.0800338, -3.996
float3(0.0574792, -0.0301821, -0.00265274)
1532834.15956183
normal
simd_float4x4([[0.999283, 0.00178485, 0.037814, 0.0)], [-0.00440466, 0.997585, 0.0693118, 0.0)], [-0.037599, -0.0694287, 0.996878, 0.0)], [-0.748291, -0.0881119, -4.10845, 1.0)]])
-0.748291, -0.0881119, -4.10845
float3(0.0694846, -0.0376989, 0.00178917)
1532834.25961312
normal
simd_float4x4([[0.998717, -0.00254042, 0.0505761, 0.0)], [-0.00215571, 0.995703, 0.0925821, 0.0)], [-0.050594, -0.0925723, 0.99442, 0.0)], [-0.774219, -0.0863041, -4.22078, 1.0)]])
-0.774219, -0.0863041, -4.22078
float3(0.0927051, -0.0508341, -0.00255138)
1532834.35966442
normal
simd_float4x4([[0.997033, -0.0280536, 0.0716772, 0.0)], [0.0216604, 0.995844, 0.0884639, 0.0)], [-0.073861, -0.0866489, 0.993497, 0.0)], [-0.794688, -0.0793444, -4.33426, 1.0)]])
-0.794688, -0.0793444, -4.33426
float3(0.0867577, -0.0742079, -0.0281632)
1532834.45971592
normal
simd_float4x4([[0.996906, -0.0445087, 0.0647929, 0.0)], [0.0390958, 0.995821, 0.0825384, 0.0)], [-0.0681958, -0.0797498, 0.994479, 0.0)], [-0.814231, -0.071391, -4.44539, 1.0)]])
-0.814231, -0.071391, -4.44539
float3(0.0798346, -0.0684672, -0.0446658)
1532834.55976725
normal
simd_float4x4([[0.996775, -0.0429276, 0.0678026, 0.0)], [0.03878, 0.997363, 0.0613467, 0.0)], [-0.0702573, -0.0585194, 0.995811, 0.0)], [-0.831866, -0.0722452, -4.55594, 1.0)]])
-0.831866, -0.0722452, -4.55594
float3(0.0585529, -0.0704361, -0.0430146)
1532834.65981858
normal
simd_float4x4([[0.997855, -0.0344918, 0.0556379, 0.0)], [0.0313695, 0.997935, 0.0560474, 0.0)], [-0.0574562, -0.0541819, 0.996877, 0.0)], [-0.848024, -0.080446, -4.66511, 1.0)]])
-0.848024, -0.080446, -4.66511
float3(0.0542084, -0.0575725, -0.0345494)
1532834.75986992
normal
simd_float4x4([[0.999026, -0.0355457, 0.0261476, 0.0)], [0.0339508, 0.997675, 0.0590986, 0.0)], [-0.0281874, -0.0581533, 0.99791, 0.0)], [-0.860863, -0.0929571, -4.7754, 1.0)]])
-0.860863, -0.0929571, -4.7754
float3(0.0581861, -0.028239, -0.0356135)
1532834.85992129
normal
simd_float4x4([[0.999468, -0.0324992, 0.00265999, 0.0)], [0.0323228, 0.998192, 0.0506816, 0.0)], [-0.00430225, -0.0505687, 0.998711, 0.0)], [-0.867539, -0.094404, -4.87875, 1.0)]])
-0.867539, -0.094404, -4.87875
float3(0.0505902, -0.00430777, -0.0325466)
1532834.95997271
normal
simd_float4x4([[0.999336, -0.0349085, -0.0104417, 0.0)], [0.0353474, 0.998348, 0.0453035, 0.0)], [0.00884301, -0.0456425, 0.998919, 0.0)], [-0.873877, -0.0810289, -4.98248, 1.0)]])
-0.873877, -0.0810289, -4.98248
float3(0.0456583, 0.00885236, -0.0349521)
1532835.06002404
normal
simd_float4x4([[0.999561, -0.0263741, -0.0135375, 0.0)], [0.0269933, 0.998492, 0.0478033, 0.0)], [0.0122563, -0.0481477, 0.998765, 0.0)], [-0.884514, -0.0745954, -5.06999, 1.0)]])
-0.884514, -0.0745954, -5.06999
float3(0.0481663, 0.0122708, -0.0264077)
1532835.16007546
normal
simd_float4x4([[0.999807, 0.0116111, -0.0158747, 0.0)], [-0.0108243, 0.998751, 0.0487815, 0.0)], [0.0164213, -0.0486002, 0.998683, 0.0)], [-0.900809, -0.0809975, -5.16455, 1.0)]])
-0.900809, -0.0809975, -5.16455
float3(0.0486194, 0.0164414, 0.0116251)
1532835.26012667
normal
simd_float4x4([[0.999827, 0.0133252, -0.0130149, 0.0)], [-0.0125358, 0.998182, 0.0589563, 0.0)], [0.0137768, -0.0587829, 0.998176, 0.0)], [-0.916823, -0.088417, -5.25544, 1.0)]])
-0.916823, -0.088417, -5.25544
float3(0.0588168, 0.0138011, 0.0133487)
1532835.360178
normal
simd_float4x4([[0.999853, 0.0148392, 0.00855453, 0.0)], [-0.0153789, 0.99764, 0.0669201, 0.0)], [-0.00754132, -0.0670419, 0.997722, 0.0)], [-0.940467, -0.094987, -5.35904, 1.0)]])
-0.940467, -0.094987, -5.35904
float3(0.0670922, -0.0075584, 0.0148732)
1532835.46022954
normal
simd_float4x4([[0.999727, -0.00661978, 0.0223957, 0.0)], [0.00507656, 0.997654, 0.0682753, 0.0)], [-0.0227952, -0.0681429, 0.997415, 0.0)], [-0.965141, -0.0919566, -5.45704, 1.0)]])
-0.965141, -0.0919566, -5.45704
float3(0.0681958, -0.0228503, -0.00663525)
1532835.56028075
normal
simd_float4x4([[0.999011, -0.0269692, 0.0353623, 0.0)], [0.0247056, 0.99771, 0.0629582, 0.0)], [-0.0369793, -0.0620222, 0.997389, 0.0)], [-0.988557, -0.084896, -5.55559, 1.0)]])
-0.988557, -0.084896, -5.55559
float3(0.0620621, -0.0370591, -0.0270246)
1532835.66033225
normal
simd_float4x4([[0.998454, -0.0331357, 0.0446308, 0.0)], [0.0314112, 0.998753, 0.0388029, 0.0)], [-0.0458609, -0.037341, 0.99825, 0.0)], [-1.00817, -0.0798457, -5.6473, 1.0)]])
-1.00817, -0.0798457, -5.6473
float3(0.0373497, -0.0459091, -0.0331649)
1532835.76038358
normal
simd_float4x4([[0.998258, -0.0340996, 0.0481588, 0.0)], [0.0325142, 0.998915, 0.0333282, 0.0)], [-0.0492431, -0.0317043, 0.998284, 0.0)], [-1.02927, -0.0808728, -5.74327, 1.0)]])
-1.02927, -0.0808728, -5.74327
float3(0.0317096, -0.0492878, -0.0341233)
1532835.86043496
normal
simd_float4x4([[0.998789, -0.0138881, 0.0472086, 0.0)], [0.0120295, 0.99915, 0.0394286, 0.0)], [-0.0477161, -0.0388129, 0.998107, 0.0)], [-1.04832, -0.094271, -5.8465, 1.0)]])
-1.04832, -0.094271, -5.8465
float3(0.0388227, -0.0477702, -0.0138991)
1532835.96048646
normal
simd_float4x4([[0.999648, -0.00127343, 0.0264989, 0.0)], [0.000166986, 0.99913, 0.0417146, 0.0)], [-0.0265289, -0.0416955, 0.998778, 0.0)], [-1.06476, -0.108541, -5.94268, 1.0)]])
-1.06476, -0.108541, -5.94268
float3(0.0417076, -0.0265552, -0.00127453)
1532836.06053758
normal
simd_float4x4([[0.9998, -0.0197874, -0.00283274, 0.0)], [0.0198152, 0.999752, 0.0101284, 0.0)], [0.00263162, -0.0101825, 0.999945, 0.0)], [-1.07359, -0.110846, -6.04762, 1.0)]])
-1.07359, -0.110846, -6.04762
float3(0.0101827, 0.00263176, -0.0197897)
1532836.16058917
normal
simd_float4x4([[0.999389, -0.0314665, -0.0152222, 0.0)], [0.0315029, 0.999501, 0.00215964, 0.0)], [0.0151467, -0.00263786, 0.999882, 0.0)], [-1.08405, -0.1034, -6.15042, 1.0)]])
-1.08405, -0.1034, -6.15042
float3(0.00263786, 0.0151473, -0.0314718)
1532836.26064042
normal
simd_float4x4([[0.999593, -0.0161496, -0.0235328, 0.0)], [0.0159376, 0.999831, -0.00916911, 0.0)], [0.0236769, 0.00879032, 0.999681, 0.0)], [-1.10175, -0.104213, -6.24566, 1.0)]])
-1.10175, -0.104213, -6.24566
float3(-0.00879043, 0.02368, -0.016151)
1532836.36069196
normal
simd_float4x4([[0.999672, 0.0191069, -0.0170608, 0.0)], [-0.0194513, 0.999606, -0.020258, 0.0)], [0.016667, 0.0205832, 0.999649, 0.0)], [-1.12345, -0.115561, -6.35265, 1.0)]])
-1.12345, -0.115561, -6.35265
float3(-0.0205846, 0.0166713, 0.0191121)
1532836.46074325
normal
simd_float4x4([[0.999536, 0.0261283, -0.0156536, 0.0)], [-0.0263098, 0.999588, -0.0115059, 0.0)], [0.0153466, 0.0119124, 0.999811, 0.0)], [-1.1467, -0.128301, -6.46602, 1.0)]])
-1.1467, -0.128301, -6.46602
float3(-0.0119127, 0.0153483, 0.0261331)
1532836.5607945
normal
simd_float4x4([[0.999773, 0.0210448, 0.00337753, 0.0)], [-0.0210444, 0.999779, -0.000160204, 0.0)], [-0.00338016, 8.90891e-05, 0.999994, 0.0)], [-1.17673, -0.132931, -6.57923, 1.0)]])
-1.17673, -0.132931, -6.57923
float3(-8.90891e-05, -0.00338016, 0.0210464)
1532836.66084613
normal
simd_float4x4([[0.999363, -0.0115198, 0.0337854, 0.0)], [0.0120507, 0.999806, -0.0155543, 0.0)], [-0.0335997, 0.0159515, 0.999308, 0.0)], [-1.20024, -0.128118, -6.69157, 1.0)]])
-1.20024, -0.128118, -6.69157
float3(-0.0159522, -0.0336103, -0.0115215)
1532836.76089733
normal
simd_float4x4([[0.998128, -0.0476958, 0.0382957, 0.0)], [0.0486082, 0.998547, -0.023257, 0.0)], [-0.0371307, 0.0250749, 0.998996, 0.0)], [-1.22032, -0.11822, -6.79874, 1.0)]])
-1.22032, -0.11822, -6.79874
float3(-0.0250776, -0.0371509, -0.0477289)
1532836.86094883
normal
simd_float4x4([[0.997532, -0.0558115, 0.0425941, 0.0)], [0.0577154, 0.997325, -0.0448607, 0.0)], [-0.0399764, 0.0472084, 0.998085, 0.0)], [-1.24063, -0.116672, -6.90149, 1.0)]])
-1.24063, -0.116672, -6.90149
float3(-0.0472259, -0.0400318, -0.0559029)
1532836.96100012
normal
simd_float4x4([[0.998235, -0.0455071, 0.0381697, 0.0)], [0.0470762, 0.998038, -0.0412703, 0.0)], [-0.0362167, 0.0429943, 0.998419, 0.0)], [-1.25943, -0.121702, -7.00036, 1.0)]])
-1.25943, -0.121702, -7.00036
float3(-0.0430076, -0.0362582, -0.045565)
1532837.06105163
normal
simd_float4x4([[0.998981, -0.0364142, 0.0266539, 0.0)], [0.0372593, 0.998796, -0.0319268, 0.0)], [-0.0254593, 0.0328874, 0.999135, 0.0)], [-1.27505, -0.133751, -7.10699, 1.0)]])
-1.27505, -0.133751, -7.10699
float3(-0.0328933, -0.0254758, -0.036442)
1532837.16110296
normal
simd_float4x4([[0.999384, -0.0333576, 0.0109286, 0.0)], [0.0336166, 0.999136, -0.0244409, 0.0)], [-0.0101039, 0.0247932, 0.999642, 0.0)], [-1.28573, -0.134454, -7.20176, 1.0)]])
-1.28573, -0.134454, -7.20176
float3(-0.0247957, -0.0101072, -0.0333741)
1532837.26115429
normal
simd_float4x4([[0.999431, -0.0334873, 0.00404588, 0.0)], [0.0335531, 0.999284, -0.0174631, 0.0)], [-0.00345819, 0.0175889, 0.999839, 0.0)], [-1.29383, -0.125312, -7.29966, 1.0)]])
-1.29383, -0.125312, -7.29966
float3(-0.0175899, -0.00345874, -0.0334988)
1532837.36120571
normal
simd_float4x4([[0.999545, -0.0300603, -0.0023661, 0.0)], [0.0300255, 0.999457, -0.0135815, 0.0)], [0.00277303, 0.0135043, 0.999905, 0.0)], [-1.2984, -0.116056, -7.39156, 1.0)]])
-1.2984, -0.116056, -7.39156
float3(-0.0135047, 0.00277328, -0.0300676)
1532837.46125708
normal
simd_float4x4([[0.999932, -0.0113933, -0.00266876, 0.0)], [0.011372, 0.999904, -0.00786501, 0.0)], [0.00275815, 0.00783413, 0.999965, 0.0)], [-1.30834, -0.11436, -7.48384, 1.0)]])
-1.30834, -0.11436, -7.48384
float3(-0.00783421, 0.00275824, -0.0113939)
1532837.5613085
normal
simd_float4x4([[0.999832, 0.0173314, 0.00590675, 0.0)], [-0.017344, 0.999847, 0.00209492, 0.0)], [-0.00586954, -0.00219702, 0.99998, 0.0)], [-1.32438, -0.122176, -7.57973, 1.0)]])
-1.32438, -0.122176, -7.57973
float3(0.00219702, -0.00586959, 0.0173323)
1532837.66135992
normal
simd_float4x4([[0.999515, 0.0287143, 0.0120805, 0.0)], [-0.0288402, 0.99953, 0.0103829, 0.0)], [-0.0117767, -0.0107262, 0.999873, 0.0)], [-1.34349, -0.13201, -7.68971, 1.0)]])
-1.34349, -0.13201, -7.68971
float3(0.0107264, -0.0117776, 0.0287199)
1532837.76141125
normal
simd_float4x4([[0.999636, 0.0174875, 0.0205511, 0.0)], [-0.0180209, 0.999498, 0.0260641, 0.0)], [-0.0200849, -0.0264249, 0.999449, 0.0)], [-1.36761, -0.131471, -7.80343, 1.0)]])
-1.36761, -0.131471, -7.80343
float3(0.026428, -0.0200933, 0.0174945)
1532837.86146262
normal
simd_float4x4([[0.999008, -0.0155581, 0.0417344, 0.0)], [0.0147606, 0.999704, 0.0193495, 0.0)], [-0.0420231, -0.0187143, 0.998941, 0.0)], [-1.38647, -0.126549, -7.91322, 1.0)]])
-1.38647, -0.126549, -7.91322
float3(0.0187154, -0.0420428, -0.0155614)
1532837.961514
normal
simd_float4x4([[0.998485, -0.0400584, 0.0377232, 0.0)], [0.0404602, 0.999132, -0.00994682, 0.0)], [-0.037292, 0.011458, 0.999239, 0.0)], [-1.40267, -0.125026, -8.01717, 1.0)]])
-1.40267, -0.125026, -8.01717
float3(-0.0114583, -0.0373031, -0.0400718)
1532838.06156546
normal
simd_float4x4([[0.997725, -0.0521843, 0.0426732, 0.0)], [0.0534566, 0.998142, -0.0292357, 0.0)], [-0.0410683, 0.0314504, 0.998661, 0.0)], [-1.42092, -0.127499, -8.11945, 1.0)]])
-1.42092, -0.127499, -8.11945
float3(-0.0314555, -0.0411002, -0.0522339)
1532838.16161679
normal
simd_float4x4([[0.998696, -0.0355751, 0.0366248, 0.0)], [0.0366718, 0.998885, -0.0297198, 0.0)], [-0.0355267, 0.0310241, 0.998887, 0.0)], [-1.43727, -0.136598, -8.22362, 1.0)]])
-1.43727, -0.136598, -8.22362
float3(-0.0310291, -0.0355513, -0.0355998)
1532838.26166842
normal
simd_float4x4([[0.99912, -0.0364097, 0.020836, 0.0)], [0.0368505, 0.999096, -0.021182, 0.0)], [-0.020046, 0.0219312, 0.999559, 0.0)], [-1.44794, -0.146774, -8.32701, 1.0)]])
-1.44794, -0.146774, -8.32701
float3(-0.0219329, -0.0200521, -0.0364265)
1532838.36171975
normal
simd_float4x4([[0.998803, -0.048726, -0.00420776, 0.0)], [0.0486385, 0.998638, -0.0188622, 0.0)], [0.00512113, 0.018635, 0.999813, 0.0)], [-1.45499, -0.145946, -8.42629, 1.0)]])
-1.45499, -0.145946, -8.42629
float3(-0.018636, 0.00512204, -0.0487538)
1532838.461771
normal
simd_float4x4([[0.998329, -0.0576743, -0.00371621, 0.0)], [0.0575257, 0.997827, -0.0321202, 0.0)], [0.00556063, 0.0318528, 0.999477, 0.0)], [-1.45483, -0.139372, -8.52392, 1.0)]])
-1.45483, -0.139372, -8.52392
float3(-0.0318581, 0.00556348, -0.0577356)
1532838.56182246
normal
simd_float4x4([[0.998922, -0.0460065, -0.00620386, 0.0)], [0.0458287, 0.998604, -0.0262709, 0.0)], [0.00740386, 0.0259583, 0.999636, 0.0)], [-1.46311, -0.132242, -8.61185, 1.0)]])
-1.46311, -0.132242, -8.61185
float3(-0.0259612, 0.00740642, -0.0460383)
1532838.66187375
normal
simd_float4x4([[0.999774, -0.0198971, -0.00750654, 0.0)], [0.0197468, 0.999613, -0.0195866, 0.0)], [0.00789334, 0.019434, 0.99978, 0.0)], [-1.46881, -0.132463, -8.69646, 1.0)]])
-1.46881, -0.132463, -8.69646
float3(-0.0194352, 0.00789491, -0.0199022)
1532838.76192533
normal
simd_float4x4([[0.999917, -0.00887671, 0.00934014, 0.0)], [0.0089625, 0.999918, -0.00918365, 0.0)], [-0.00925788, 0.00926659, 0.999914, 0.0)], [-1.47788, -0.140627, -8.79139, 1.0)]])
-1.47788, -0.140627, -8.79139
float3(-0.00926673, -0.00925841, -0.00887721)
1532838.86197662
normal
simd_float4x4([[0.999745, 0.00200516, 0.0225015, 0.0)], [-0.00185161, 0.999975, -0.006843, 0.0)], [-0.0225146, 0.00679959, 0.999723, 0.0)], [-1.49418, -0.151389, -8.89247, 1.0)]])
-1.49418, -0.151389, -8.89247
float3(-0.00679964, -0.022517, 0.00200521)
1532838.96202796
normal
simd_float4x4([[0.998586, -0.0108925, 0.0520261, 0.0)], [0.0110047, 0.999938, -0.00187143, 0.0)], [-0.0520024, 0.00244132, 0.998644, 0.0)], [-1.51221, -0.15274, -8.99794, 1.0)]])
-1.51221, -0.15274, -8.99794
float3(-0.00244132, -0.052026, -0.0108927)
1532839.06207942
normal
simd_float4x4([[0.995788, -0.0301173, 0.0866009, 0.0)], [0.0304903, 0.999531, -0.00298766, 0.0)], [-0.0864703, 0.00561556, 0.996239, 0.0)], [-1.52465, -0.147425, -9.09788, 1.0)]])
-1.52465, -0.147425, -9.09788
float3(-0.00561559, -0.0865797, -0.0301223)
1532839.16213079
normal
simd_float4x4([[0.996444, -0.0364583, 0.0759593, 0.0)], [0.0381948, 0.999038, -0.021534, 0.0)], [-0.0751011, 0.0243587, 0.996878, 0.0)], [-1.54107, -0.141368, -9.19133, 1.0)]])
-1.54107, -0.141368, -9.19133
float3(-0.0243611, -0.0751943, -0.0364772)
1532839.26218233
normal
simd_float4x4([[0.996208, -0.04429, 0.0748809, 0.0)], [0.0465371, 0.998509, -0.0285346, 0.0)], [-0.0735054, 0.0319111, 0.996784, 0.0)], [-1.55455, -0.14093, -9.28358, 1.0)]])
-1.55455, -0.14093, -9.28358
float3(-0.0319166, -0.0736094, -0.0443271)
1532839.36223371
normal
simd_float4x4([[0.996968, -0.0302666, 0.071685, 0.0)], [0.0326673, 0.998936, -0.0325582, 0.0)], [-0.0706233, 0.0348013, 0.996896, 0.0)], [-1.56548, -0.151589, -9.38025, 1.0)]])
-1.56548, -0.151589, -9.38025
float3(-0.0348083, -0.070725, -0.0302895)
1532839.46228517
normal
simd_float4x4([[0.997872, -0.0351641, 0.0549133, 0.0)], [0.0367308, 0.998939, -0.0277873, 0.0)], [-0.0538779, 0.0297452, 0.998104, 0.0)], [-1.57035, -0.164585, -9.48074, 1.0)]])
-1.57035, -0.164585, -9.48074
float3(-0.0297496, -0.0539279, -0.0351869)
1532839.56233658
normal
simd_float4x4([[0.999121, -0.0352235, 0.0227233, 0.0)], [0.0361068, 0.998558, -0.0397126, 0.0)], [-0.0212917, 0.0404982, 0.998953, 0.0)], [-1.57756, -0.168137, -9.58288, 1.0)]])
-1.57756, -0.168137, -9.58288
float3(-0.0405092, -0.0213108, -0.0352597)
1532839.66238783
normal
simd_float4x4([[0.999558, -0.0283191, 0.00904611, 0.0)], [0.0287347, 0.998351, -0.0496957, 0.0)], [-0.00762386, 0.0499337, 0.998724, 0.0)], [-1.58083, -0.159963, -9.67564, 1.0)]])
-1.58083, -0.159963, -9.67564
float3(-0.0499545, -0.00763345, -0.0283583)
1532839.76243942
normal
simd_float4x4([[0.999379, -0.0277927, -0.0216574, 0.0)], [0.0267754, 0.998586, -0.0459248, 0.0)], [0.0229032, 0.0453164, 0.99871, 0.0)], [-1.59133, -0.152019, -9.75924, 1.0)]])
-1.59133, -0.152019, -9.75924
float3(-0.0453319, 0.0229287, -0.0278249)
1532839.86249058
normal
simd_float4x4([[0.999036, -0.00353535, -0.0437518, 0.0)], [0.00160229, 0.999024, -0.0441388, 0.0)], [0.0438652, 0.0440261, 0.998067, 0.0)], [-1.6017, -0.150412, -9.84163, 1.0)]])
-1.6017, -0.150412, -9.84163
float3(-0.0440404, 0.0439219, -0.00353879)
1532839.96254217
normal
simd_float4x4([[0.998884, -0.00683446, -0.0467311, 0.0)], [0.00557318, 0.999618, -0.0270674, 0.0)], [0.0468983, 0.0267768, 0.998541, 0.0)], [-1.61271, -0.151714, -9.9261, 1.0)]])
-1.61271, -0.151714, -9.9261
float3(-0.02678, 0.0469323, -0.00683696)
1532840.06259354
normal
simd_float4x4([[0.999023, -0.00847692, -0.0433769, 0.0)], [0.00765022, 0.999787, -0.0191893, 0.0)], [0.0435303, 0.0188387, 0.998874, 0.0)], [-1.63287, -0.16042, -10.0158, 1.0)]])
-1.63287, -0.16042, -10.0158
float3(-0.0188398, 0.0435518, -0.00847853)
1532840.16264488
normal
simd_float4x4([[0.999713, -0.0229266, -0.0069168, 0.0)], [0.0228708, 0.999706, -0.00804391, 0.0)], [0.00709916, 0.00788341, 0.999944, 0.0)], [-1.65129, -0.160926, -10.1136, 1.0)]])
-1.65129, -0.160926, -10.1136
float3(-0.00788349, 0.00709944, -0.0229294)
1532840.26269629
normal
simd_float4x4([[0.998468, -0.0428066, 0.0350656, 0.0)], [0.043529, 0.99885, -0.0201031, 0.0)], [-0.0341647, 0.0215986, 0.999183, 0.0)], [-1.66507, -0.157395, -10.2093, 1.0)]])
-1.66507, -0.157395, -10.2093
float3(-0.0216003, -0.0341793, -0.0428297)
1532840.36274771
normal
simd_float4x4([[0.99529, -0.0852209, 0.0462013, 0.0)], [0.086651, 0.99579, -0.0298847, 0.0)], [-0.04346, 0.0337474, 0.998485, 0.0)], [-1.6711, -0.147458, -10.2922, 1.0)]])
-1.6711, -0.147458, -10.2922
float3(-0.0337538, -0.0434985, -0.0853731)
1532840.46279912
normal
simd_float4x4([[0.992694, -0.0855443, 0.085093, 0.0)], [0.0896137, 0.99495, -0.0452062, 0.0)], [-0.0807961, 0.0525014, 0.995347, 0.0)], [-1.67386, -0.145499, -10.3741, 1.0)]])
-1.67386, -0.145499, -10.3741
float3(-0.0525255, -0.0809962, -0.0857675)
1532840.56285054
normal
simd_float4x4([[0.987992, -0.0913584, 0.124602, 0.0)], [0.0972119, 0.994389, -0.0417234, 0.0)], [-0.120091, 0.0533352, 0.991329, 0.0)], [-1.67065, -0.147779, -10.4558, 1.0)]])
-1.67065, -0.147779, -10.4558
float3(-0.0533605, -0.120554, -0.0916167)
1532840.66290204
normal
simd_float4x4([[0.981733, -0.0881464, 0.168613, 0.0)], [0.095125, 0.994893, -0.0337525, 0.0)], [-0.164777, 0.0491753, 0.985104, 0.0)], [-1.65813, -0.157101, -10.5454, 1.0)]])
-1.65813, -0.157101, -10.5454
float3(-0.0491951, -0.165734, -0.0883681)
1532840.76295342
normal
simd_float4x4([[0.971749, -0.0871167, 0.219349, 0.0)], [0.0918692, 0.995704, -0.0115403, 0.0)], [-0.217402, 0.0313657, 0.975578, 0.0)], [-1.63787, -0.160534, -10.6342, 1.0)]])
-1.63787, -0.160534, -10.6342
float3(-0.0313709, -0.219261, -0.0872704)
1532840.86300471
normal
simd_float4x4([[0.956023, -0.0893667, 0.279346, 0.0)], [0.0974142, 0.99513, -0.0150305, 0.0)], [-0.276643, 0.0415818, 0.960073, 0.0)], [-1.60999, -0.15605, -10.7223, 1.0)]])
-1.60999, -0.15605, -10.7223
float3(-0.0415938, -0.280548, -0.0895637)
1532840.96305621
normal
simd_float4x4([[0.934007, -0.110246, 0.339818, 0.0)], [0.113096, 0.993518, 0.0114728, 0.0)], [-0.33888, 0.0277165, 0.940421, 0.0)], [-1.57711, -0.145694, -10.7984, 1.0)]])
-1.57711, -0.145694, -10.7984
float3(-0.0277201, -0.345865, -0.110513)
1532841.06310763
normal
simd_float4x4([[0.901736, -0.0945438, 0.421822, 0.0)], [0.0927, 0.995382, 0.0249306, 0.0)], [-0.422231, 0.0166221, 0.906336, 0.0)], [-1.53949, -0.138873, -10.8737, 1.0)]])
-1.53949, -0.138873, -10.8737
float3(-0.0166228, -0.435969, -0.0946983)
1532841.16315904
normal
simd_float4x4([[0.859201, -0.0905216, 0.503568, 0.0)], [0.0758722, 0.995885, 0.0495658, 0.0)], [-0.505982, -0.00438018, 0.862533, 0.0)], [-1.49961, -0.134365, -10.9427, 1.0)]])
-1.49961, -0.134365, -10.9427
float3(0.00438019, -0.530526, -0.0906466)
1532841.26321038
normal
simd_float4x4([[0.803849, -0.0603754, 0.591762, 0.0)], [0.0424901, 0.998122, 0.0441166, 0.0)], [-0.593314, -0.0103191, 0.804905, 0.0)], [-1.4613, -0.136932, -11.0064, 1.0)]])
-1.4613, -0.136932, -11.0064
float3(0.0103193, -0.635209, -0.0604154)
1532841.36326192
normal
simd_float4x4([[0.74315, -0.0516796, 0.667126, 0.0)], [0.0342071, 0.998644, 0.0392557, 0.0)], [-0.66825, -0.00635244, 0.74391, 0.0)], [-1.42648, -0.140682, -11.0679, 1.0)]])
-1.42648, -0.140682, -11.0679
float3(0.00635249, -0.731872, -0.0517036)
1532841.46331321
normal
simd_float4x4([[0.665125, -0.0563825, 0.7446, 0.0)], [0.0363714, 0.998408, 0.0431119, 0.0)], [-0.745846, -0.00159268, 0.666117, 0.0)], [-1.39709, -0.143712, -11.1247, 1.0)]])
-1.39709, -0.143712, -11.1247
float3(0.00159268, -0.841805, -0.0564124)
1532841.56336467
normal
simd_float4x4([[0.576984, -0.0680466, 0.813916, 0.0)], [0.0441654, 0.997665, 0.0520999, 0.0)], [-0.815561, 0.00588616, 0.578641, 0.0)], [-1.3726, -0.143319, -11.1746, 1.0)]])
-1.3726, -0.143319, -11.1746
float3(-0.00588619, -0.953722, -0.0681004)
1532841.66341604
normal
simd_float4x4([[0.479824, -0.0787145, 0.873827, 0.0)], [0.0585034, 0.996621, 0.0576512, 0.0)], [-0.875412, 0.0234594, 0.482808, 0.0)], [-1.35224, -0.141224, -11.217, 1.0)]])
-1.35224, -0.141224, -11.217
float3(-0.0234616, -1.06679, -0.0788177)
1532841.76346733
normal
simd_float4x4([[0.412007, -0.0750249, 0.908087, 0.0)], [0.0375505, 0.997156, 0.0653467, 0.0)], [-0.910407, 0.00717578, 0.413652, 0.0)], [-1.3416, -0.14051, -11.2511, 1.0)]])
-1.3416, -0.14051, -11.2511
float3(-0.00717584, -1.14432, -0.0750974)
1532841.86351892
normal
simd_float4x4([[0.34594, -0.0491319, 0.936969, 0.0)], [0.0295807, 0.998703, 0.0414475, 0.0)], [-0.93779, 0.0133779, 0.346945, 0.0)], [-1.33308, -0.143945, -11.2761, 1.0)]])
-1.33308, -0.143945, -11.2761
float3(-0.0133783, -1.21645, -0.0491561)
1532841.96357042
normal
simd_float4x4([[0.291385, -0.0260038, 0.956253, 0.0)], [0.018738, 0.999594, 0.0214726, 0.0)], [-0.956423, 0.0116615, 0.291754, 0.0)], [-1.33022, -0.146575, -11.2912, 1.0)]])
-1.33022, -0.146575, -11.2912
float3(-0.0116618, -1.27472, -0.0260085)
1532842.06362158
normal
simd_float4x4([[0.252865, -0.00683915, 0.967478, 0.0)], [0.0154317, 0.999876, 0.00303487, 0.0)], [-0.967379, 0.0141624, 0.252939, 0.0)], [-1.33361, -0.149253, -11.2976, 1.0)]])
-1.33361, -0.149253, -11.2976
float3(-0.0141629, -1.31505, -0.00683989)
1532842.16367321
normal
simd_float4x4([[0.222736, -0.00769397, 0.974849, 0.0)], [0.0066858, 0.999957, 0.00636456, 0.0)], [-0.974856, 0.00510002, 0.222778, 0.0)], [-1.34347, -0.146925, -11.2975, 1.0)]])
-1.34347, -0.146925, -11.2975
float3(-0.00510005, -1.34613, -0.00769415)
1532842.26372446
normal
simd_float4x4([[0.185282, -0.0188137, 0.982505, 0.0)], [0.00292955, 0.999823, 0.0185928, 0.0)], [-0.982681, -0.000566608, 0.185304, 0.0)], [-1.36437, -0.146898, -11.2805, 1.0)]])
-1.36437, -0.146898, -11.2805
float3(0.000566608, -1.38442, -0.0188148)
1532842.36377592
normal
simd_float4x4([[0.141785, -0.0213395, 0.989667, 0.0)], [0.00433284, 0.999771, 0.0209366, 0.0)], [-0.989888, 0.00131958, 0.141845, 0.0)], [-1.38401, -0.144207, -11.2627, 1.0)]])
-1.38401, -0.144207, -11.2627
float3(-0.00131958, -1.42847, -0.0213411)
1532842.46382733
normal
simd_float4x4([[0.0909466, -0.0260522, 0.995515, 0.0)], [0.0087316, 0.99964, 0.0253625, 0.0)], [-0.995817, 0.00638581, 0.0911413, 0.0)], [-1.39884, -0.141855, -11.2439, 1.0)]])
-1.39884, -0.141855, -11.2439
float3(-0.00638585, -1.47953, -0.0260557)
1532842.56387883
normal
simd_float4x4([[0.0309835, -0.0315448, 0.999022, 0.0)], [0.00318541, 0.9995, 0.0314611, 0.0)], [-0.999515, 0.00220752, 0.0310685, 0.0)], [-1.41, -0.14008, -11.2251, 1.0)]])
-1.41, -0.14008, -11.2251
float3(-0.00220752, -1.53972, -0.0315501)
1532842.66393021
normal
simd_float4x4([[-0.0346998, -0.0274268, 0.999021, 0.0)], [0.00946053, 0.99957, 0.0277704, 0.0)], [-0.999353, 0.0104149, -0.0344254, 0.0)], [-1.41416, -0.141449, -11.2047, 1.0)]])
-1.41416, -0.141449, -11.2047
float3(-0.0104151, -1.60523, -0.0274317)
1532842.76398167
normal
simd_float4x4([[-0.100653, -0.0298752, 0.994473, 0.0)], [0.00935794, 0.999476, 0.0309727, 0.0)], [-0.994878, 0.0124237, -0.100321, 0.0)], [-1.41012, -0.141023, -11.1822, 1.0)]])
-1.41012, -0.141023, -11.1822
float3(-0.012424, -1.67129, -0.029882)
1532842.864033
normal
simd_float4x4([[-0.167233, -0.0184383, 0.985745, 0.0)], [0.00663907, 0.999781, 0.0198271, 0.0)], [-0.985895, 0.00986018, -0.167074, 0.0)], [-1.40278, -0.141192, -11.1655, 1.0)]])
-1.40278, -0.141192, -11.1655
float3(-0.00986034, -1.73867, -0.0184402)
1532842.96408437
normal
simd_float4x4([[-0.239158, -0.0106058, 0.970923, 0.0)], [0.00720644, 0.999893, 0.0126973, 0.0)], [-0.970954, 0.0100336, -0.239056, 0.0)], [-1.39493, -0.140754, -11.1477, 1.0)]])
-1.39493, -0.140754, -11.1477
float3(-0.0100337, -1.8122, -0.0106065)
1532843.06413592
normal
simd_float4x4([[-0.317261, -0.00822776, 0.948302, 0.0)], [0.00679767, 0.999917, 0.0109498, 0.0)], [-0.948314, 0.00992019, -0.317179, 0.0)], [-1.38492, -0.140569, -11.1276, 1.0)]])
-1.38492, -0.140569, -11.1276
float3(-0.00992036, -1.89357, -0.00822826)
1532843.16418721
normal
simd_float4x4([[-0.401142, -0.00662404, 0.915992, 0.0)], [0.00322303, 0.999958, 0.00864271, 0.0)], [-0.91601, 0.00641922, -0.401103, 0.0)], [-1.37304, -0.139349, -11.1066, 1.0)]])
-1.37304, -0.139349, -11.1066
float3(-0.00641927, -1.98353, -0.00662422)
1532843.26423883
normal
simd_float4x4([[-0.486729, -0.00754653, 0.873521, 0.0)], [0.00355243, 0.999937, 0.0106181, 0.0)], [-0.873546, 0.00827125, -0.486671, 0.0)], [-1.35898, -0.135198, -11.0852, 1.0)]])
-1.35898, -0.135198, -11.0852
float3(-0.00827135, -2.07909, -0.00754686)
1532843.36429017
normal
simd_float4x4([[-0.572183, -0.0161241, 0.819967, 0.0)], [-0.007603, 0.999868, 0.0143562, 0.0)], [-0.820091, 0.00198017, -0.57223, 0.0)], [-1.3485, -0.132229, -11.0622, 1.0)]])
-1.3485, -0.132229, -11.0622
float3(-0.00198017, -2.18002, -0.0161248)
1532843.46434158
normal
simd_float4x4([[-0.650323, -0.0153559, 0.759503, 0.0)], [-0.00696233, 0.999874, 0.0142543, 0.0)], [-0.759626, 0.003982, -0.650348, 0.0)], [-1.33981, -0.131905, -11.0401, 1.0)]])
-1.33981, -0.131905, -11.0401
float3(-0.00398201, -2.27885, -0.0153566)
1532843.56439304
normal
simd_float4x4([[-0.721115, -0.0267772, 0.692298, 0.0)], [-0.0199424, 0.999641, 0.0178923, 0.0)], [-0.692528, -0.00090367, -0.72139, 0.0)], [-1.33694, -0.130818, -11.0229, 1.0)]])
-1.33694, -0.130818, -11.0229
float3(0.00090367, -2.3766, -0.0267804)
1532843.66444438
normal
simd_float4x4([[-0.780699, -0.0276073, 0.624297, 0.0)], [-0.0248683, 0.999605, 0.0131054, 0.0)], [-0.624412, -0.00529382, -0.781077, 0.0)], [-1.33515, -0.13017, -11.0082, 1.0)]])
-1.33515, -0.13017, -11.0082
float3(0.00529384, -2.4672, -0.0276112)
1532843.76449587
normal
simd_float4x4([[-0.826306, -0.0314801, 0.562341, 0.0)], [-0.034373, 0.999394, 0.00543862, 0.0)], [-0.562172, -0.0148354, -0.826888, 0.0)], [-1.33581, -0.128918, -10.9947, 1.0)]])
-1.33581, -0.128918, -10.9947
float3(0.0148359, -2.54451, -0.0314887)
1532843.86454733
normal
simd_float4x4([[-0.864174, -0.0305898, 0.502263, 0.0)], [-0.0363052, 0.999339, -0.00160165, 0.0)], [-0.501882, -0.0196189, -0.864713, 0.0)], [-1.3369, -0.12815, -10.9827, 1.0)]])
-1.3369, -0.12815, -10.9827
float3(0.0196201, -2.61571, -0.0306004)
1532843.96459862
normal
simd_float4x4([[-0.897623, -0.0307615, 0.43969, 0.0)], [-0.0380934, 0.999243, -0.00785839, 0.0)], [-0.439116, -0.0238031, -0.898115, 0.0)], [-1.34224, -0.127989, -10.9686, 1.0)]])
-1.34224, -0.127989, -10.9686
float3(0.0238054, -2.68684, -0.0307751)
1532844.06465013
normal
simd_float4x4([[-0.927285, -0.0286763, 0.373257, 0.0)], [-0.0364693, 0.999239, -0.0138323, 0.0)], [-0.372576, -0.0264389, -0.927625, 0.0)], [-1.35166, -0.127146, -10.9545, 1.0)]])
-1.35166, -0.127146, -10.9545
float3(0.026442, -2.75967, -0.0286903)
1532844.1647015
normal
simd_float4x4([[-0.951439, -0.0214204, 0.307092, 0.0)], [-0.0290811, 0.999369, -0.0203912, 0.0)], [-0.306461, -0.0283315, -0.951461, 0.0)], [-1.36464, -0.126376, -10.9396, 1.0)]])
-1.36464, -0.126376, -10.9396
float3(0.0283353, -2.82999, -0.0214307)
1532844.26475304
normal
simd_float4x4([[-0.97009, -0.0115532, 0.242469, 0.0)], [-0.0191189, 0.9994, -0.0288732, 0.0)], [-0.24199, -0.0326453, -0.969729, 0.0)], [-1.38055, -0.125771, -10.9257, 1.0)]])
-1.38055, -0.125771, -10.9257
float3(0.0326511, -2.89704, -0.0115596)
1532844.36480433
normal
simd_float4x4([[-0.983776, -0.00960513, 0.179145, 0.0)], [-0.0166258, 0.99915, -0.0377299, 0.0)], [-0.17863, -0.0400962, -0.983099, 0.0)], [-1.39991, -0.124756, -10.9142, 1.0)]])
-1.39991, -0.124756, -10.9142
float3(0.040107, -2.96185, -0.00961301)
1532844.46485592
normal
simd_float4x4([[-0.99283, -0.0100244, 0.119116, 0.0)], [-0.0146372, 0.999174, -0.037914, 0.0)], [-0.118638, -0.0393856, -0.992156, 0.0)], [-1.42034, -0.125141, -10.9062, 1.0)]])
-1.42034, -0.125141, -10.9062
float3(0.0393958, -3.02258, -0.0100324)
1532844.56490733
normal
simd_float4x4([[-0.997596, -0.00586825, 0.0690499, 0.0)], [-0.00820648, 0.999401, -0.033628, 0.0)], [-0.0688112, -0.0341138, -0.997046, 0.0)], [-1.4402, -0.126905, -10.9005, 1.0)]])
-1.4402, -0.126905, -10.9005
float3(0.0341204, -3.07269, -0.00587171)
1532844.66495871
normal
simd_float4x4([[-0.999778, -0.00403826, 0.0206843, 0.0)], [-0.00452256, 0.999716, -0.0234209, 0.0)], [-0.0205838, -0.0235092, -0.999512, 0.0)], [-1.45755, -0.130298, -10.8969, 1.0)]])
-1.45755, -0.130298, -10.8969
float3(0.0235114, -3.121, -0.00403939)
1532844.76501013
normal
simd_float4x4([[-0.999776, -0.014733, -0.0152178, 0.0)], [-0.0145593, 0.999828, -0.0114666, 0.0)], [0.0153841, -0.0112425, -0.999819, 0.0)], [-1.47609, -0.133491, -10.8922, 1.0)]])
-1.47609, -0.133491, -10.8922
float3(0.0112427, 3.12621, -0.0147345)
1532844.86506158
normal
simd_float4x4([[-0.998573, -0.0295238, -0.044505, 0.0)], [-0.0295923, 0.999562, 0.000879619, 0.0)], [0.0444595, 0.00219537, -0.999009, 0.0)], [-1.49201, -0.137939, -10.8864, 1.0)]])
-1.49201, -0.137939, -10.8864
float3(-0.00219537, 3.09712, -0.0295282)
1532844.96511304
normal
simd_float4x4([[-0.99714, -0.0406267, -0.0637361, 0.0)], [-0.0410701, 0.99914, 0.00566134, 0.0)], [0.0634513, 0.00826279, -0.997951, 0.0)], [-1.5053, -0.141921, -10.8796, 1.0)]])
-1.5053, -0.141921, -10.8796
float3(-0.00826289, 3.0781, -0.0406393)
1532845.06516442
normal
simd_float4x4([[-0.996659, -0.0471901, -0.0666671, 0.0)], [-0.0480079, 0.998789, 0.0107176, 0.0)], [0.0660806, 0.0138823, -0.997718, 0.0)], [-1.51572, -0.145157, -10.868, 1.0)]])
-1.51572, -0.145157, -10.868
float3(-0.0138827, 3.07546, -0.0472122)
