ARKit Data
88302.79040025
normal
simd_float4x4([[-0.236867, -0.901597, 0.361962, 0.0)], [0.798337, 0.0316947, 0.601376, 0.0)], [-0.553671, 0.431414, 0.712271, 0.0)], [-0.349613, -0.147346, 0.202126, 1.0)]])
-0.349613, -0.147346, 0.202126
float3(-0.446059, -0.660765, -1.53566)
88302.990513
normal
simd_float4x4([[-0.233201, -0.900482, 0.367083, 0.0)], [0.79892, 0.0377931, 0.600248, 0.0)], [-0.554386, 0.433249, 0.7106, 0.0)], [-0.336727, -0.177165, 0.178185, 1.0)]])
-0.336727, -0.177165, 0.178185
float3(-0.448094, -0.662529, -1.52885)
88303.557692708
notAvailable
simd_float4x4([[-0.0972846, 0.0, 0.995257, 0.0)], [0.0, 1.0, 0.0, 0.0)], [-0.995257, 0.0, -0.0972846, 0.0)], [-0.0175992, -0.11923, 0.00936623, 1.0)]])
-0.0175992, -0.11923, 0.00936623
float3(-0.0, -1.66824, 0.0)
88303.757738416
notAvailable
simd_float4x4([[-0.0972846, 0.0, 0.995257, 0.0)], [0.0, 1.0, 0.0, 0.0)], [-0.995257, 0.0, -0.0972846, 0.0)], [-0.0175992, -0.11923, 0.00936623, 1.0)]])
-0.0175992, -0.11923, 0.00936623
float3(-0.0, -1.66824, 0.0)
88303.957851291
limited(__ObjC.ARCamera.TrackingState.Reason.initializing)
simd_float4x4([[0.028182, -0.895859, 0.443441, 0.0)], [0.999451, 0.0175187, -0.0281261, 0.0)], [0.0174286, 0.44399, 0.89586, 0.0)], [0.0, 0.0, 0.0, 1.0)]])
0.0, 0.0, 0.0
float3(-0.460047, 0.0194521, -1.55124)
88304.157964041
limited(__ObjC.ARCamera.TrackingState.Reason.initializing)
simd_float4x4([[0.0263062, -0.89423, 0.446828, 0.0)], [0.99897, 0.00698572, -0.0448322, 0.0)], [0.036969, 0.447547, 0.893493, 0.0)], [0.0, 0.0, 0.0, 1.0)]])
0.0, 0.0, 0.0
float3(-0.464021, 0.0413522, -1.56298)
88304.358076916
limited(__ObjC.ARCamera.TrackingState.Reason.initializing)
simd_float4x4([[0.0237416, -0.91767, 0.396625, 0.0)], [0.998677, 0.00366603, -0.0512981, 0.0)], [0.0456208, 0.397318, 0.916542, 0.0)], [0.0, 0.0, 0.0, 1.0)]])
0.0, 0.0, 0.0
float3(-0.408593, 0.0497339, -1.5668)
88304.574865916
normal
simd_float4x4([[0.0190345, -0.955573, 0.294138, 0.0)], [0.996466, -0.00593981, -0.0837808, 0.0)], [0.0818058, 0.294694, 0.952084, 0.0)], [-0.000180491, 0.00373535, 0.0018839, 1.0)]])
-0.000180491, 0.00373535, 0.0018839
float3(-0.299135, 0.0857124, -1.57701)
88304.774978708
normal
simd_float4x4([[0.021516, -0.970681, 0.239408, 0.0)], [0.989962, -0.0127732, -0.140759, 0.0)], [0.13969, 0.240033, 0.960662, 0.0)], [0.00178241, 0.0276427, 0.0178834, 1.0)]])
0.00178241, 0.0276427, 0.0178834
float3(-0.2424, 0.144398, -1.58395)
88304.975091625
normal
simd_float4x4([[0.0161508, -0.975005, 0.221597, 0.0)], [0.986814, -0.0201545, -0.1606, 0.0)], [0.161052, 0.221269, 0.961822, 0.0)], [0.00267493, 0.0235205, 0.0640094, 1.0)]])
0.00267493, 0.0235205, 0.0640094
float3(-0.223116, 0.165905, -1.59146)
88305.191880666
normal
simd_float4x4([[-0.00979111, -0.975715, 0.218826, 0.0)], [0.990072, -0.0401456, -0.134704, 0.0)], [0.140218, 0.215335, 0.966421, 0.0)], [0.026223, 0.0234167, 0.0537448, 1.0)]])
0.026223, 0.0234167, 0.0537448
float3(-0.217034, 0.144084, -1.61192)
88305.408669625
normal
simd_float4x4([[-0.0174164, -0.982832, 0.183678, 0.0)], [0.993424, -0.0378011, -0.108071, 0.0)], [0.113159, 0.180588, 0.977028, 0.0)], [0.0565431, 0.0207822, 0.0771711, 1.0)]])
0.0565431, 0.0207822, 0.0771711
float3(-0.181584, 0.115306, -1.60924)
88305.625458583
normal
simd_float4x4([[-0.0247638, -0.986082, 0.164405, 0.0)], [0.993336, -0.0427879, -0.107014, 0.0)], [0.112559, 0.160659, 0.980571, 0.0)], [0.0797274, 0.0224733, 0.0968081, 1.0)]])
0.0797274, 0.0224733, 0.0968081
float3(-0.161359, 0.114289, -1.61416)
88305.842247625
normal
simd_float4x4([[-0.0106131, -0.985233, 0.170891, 0.0)], [0.994116, -0.0288207, -0.10442, 0.0)], [0.107803, 0.168777, 0.979741, 0.0)], [0.048776, 0.0090153, 0.0542347, 1.0)]])
0.048776, 0.0090153, 0.0542347
float3(-0.169588, 0.109591, -1.60004)
88306.059036541
normal
simd_float4x4([[0.000869183, -0.98044, 0.196818, 0.0)], [0.993536, -0.0214953, -0.111466, 0.0)], [0.113516, 0.195642, 0.974083, 0.0)], [0.0500105, 0.00964778, 0.0528018, 1.0)]])
0.0500105, 0.00964778, 0.0528018
float3(-0.196912, 0.116013, -1.59272)
88306.292501625
normal
simd_float4x4([[0.00436898, -0.978886, 0.204361, 0.0)], [0.99295, -0.019961, -0.11684, 0.0)], [0.118453, 0.203431, 0.971897, 0.0)], [0.0522603, 0.00894626, 0.052027, 1.0)]])
0.0522603, 0.00894626, 0.052027
float3(-0.204861, 0.12128, -1.59118)
88306.509290625
normal
simd_float4x4([[0.00193791, -0.979417, 0.201841, 0.0)], [0.992511, -0.0227692, -0.120015, 0.0)], [0.12214, 0.200562, 0.972037, 0.0)], [0.0581226, 0.00709162, 0.052207, 1.0)]])
0.0581226, 0.00709162, 0.052207
float3(-0.201931, 0.124999, -1.59404)
88306.709403541
normal
simd_float4x4([[0.0045533, -0.9802, 0.19796, 0.0)], [0.992212, -0.0202142, -0.122913, 0.0)], [0.124481, 0.196978, 0.972473, 0.0)], [0.0602643, 0.00643144, 0.0523584, 1.0)]])
0.0602643, 0.00643144, 0.0523584
float3(-0.198274, 0.127312, -1.59142)
88306.92619275
normal
simd_float4x4([[0.0102798, -0.981574, 0.190804, 0.0)], [0.990112, -0.016705, -0.13928, 0.0)], [0.139901, 0.190349, 0.971697, 0.0)], [0.0601563, 0.00514177, 0.0532409, 1.0)]])
0.0601563, 0.00514177, 0.0532409
float3(-0.191518, 0.142994, -1.58781)
88307.142981625
normal
simd_float4x4([[0.00724258, -0.982864, 0.184193, 0.0)], [0.989559, -0.0194711, -0.142809, 0.0)], [0.143948, 0.183304, 0.97246, 0.0)], [0.0645948, 0.00467783, 0.0514343, 1.0)]])
0.0645948, 0.00467783, 0.0514343
float3(-0.184346, 0.146957, -1.5906)
88307.359770791
normal
simd_float4x4([[-0.00749688, -0.984878, 0.17309, 0.0)], [0.996266, -0.0222449, -0.0834224, 0.0)], [0.0860112, 0.171818, 0.981367, 0.0)], [0.0873045, 0.00408064, 0.0460328, 1.0)]])
0.0873045, 0.00408064, 0.0460328
float3(-0.172675, 0.0874209, -1.59338)
88307.576559833
normal
simd_float4x4([[-0.0199311, -0.985796, 0.16676, 0.0)], [0.999797, -0.0191449, 0.0063212, 0.0)], [-0.00303882, 0.166852, 0.985977, 0.0)], [0.116039, 0.00324563, 0.0473617, 1.0)]])
0.116039, 0.00324563, 0.0473617
float3(-0.167636, -0.00308203, -1.59021)
88307.776672916
normal
simd_float4x4([[-0.0293515, -0.986652, 0.160178, 0.0)], [0.997495, -0.0185951, 0.0682432, 0.0)], [-0.0643537, 0.16178, 0.984726, 0.0)], [0.137198, 0.00288329, 0.0507773, 1.0)]])
0.137198, 0.00288329, 0.0507773
float3(-0.162494, -0.0652591, -1.58964)
88307.976785708
normal
simd_float4x4([[-0.0334525, -0.98735, 0.154987, 0.0)], [0.994358, -0.0172615, 0.104658, 0.0)], [-0.100659, 0.157614, 0.982357, 0.0)], [0.153396, 0.00537405, 0.0616167, 1.0)]])
0.153396, 0.00537405, 0.0616167
float3(-0.158274, -0.10211, -1.58828)
88308.176898875
normal
simd_float4x4([[-0.031566, -0.987662, 0.153386, 0.0)], [0.993172, -0.0137517, 0.115842, 0.0)], [-0.112303, 0.155995, 0.981353, 0.0)], [0.155817, 0.0104717, 0.0745556, 1.0)]])
0.155817, 0.0104717, 0.0745556
float3(-0.156635, -0.113942, -1.58472)
88308.393687875
normal
simd_float4x4([[-0.0324508, -0.987536, 0.154012, 0.0)], [0.993267, -0.014718, 0.114911, 0.0)], [-0.111212, 0.156704, 0.981364, 0.0)], [0.158215, 0.0133167, 0.081103, 1.0)]])
0.158215, 0.0133167, 0.081103
float3(-0.157353, -0.112843, -1.5857)
88308.610476791
normal
simd_float4x4([[-0.0327663, -0.98757, 0.153727, 0.0)], [0.993812, -0.0158601, 0.109939, 0.0)], [-0.106134, 0.156378, 0.981978, 0.0)], [0.158, 0.0127426, 0.0819711, 1.0)]])
0.158, 0.0127426, 0.0819711
float3(-0.157022, -0.107664, -1.58685)
88308.827265958
normal
simd_float4x4([[-0.0334037, -0.987225, 0.155792, 0.0)], [0.994375, -0.0171516, 0.104519, 0.0)], [-0.100512, 0.158407, 0.982245, 0.0)], [0.156405, 0.0119487, 0.0798507, 1.0)]])
0.156405, 0.0119487, 0.0798507
float3(-0.159077, -0.101974, -1.58817)
88309.044055
normal
simd_float4x4([[-0.0337874, -0.987534, 0.153734, 0.0)], [0.99471, -0.0182966, 0.101085, 0.0)], [-0.0970118, 0.156336, 0.982928, 0.0)], [0.157428, 0.0101885, 0.0777416, 1.0)]])
0.157428, 0.0101885, 0.0777416
float3(-0.15698, -0.0983782, -1.58932)
88309.244168041
normal
simd_float4x4([[-0.034663, -0.98746, 0.154016, 0.0)], [0.995037, -0.019717, 0.0975308, 0.0)], [-0.0932711, 0.156632, 0.983243, 0.0)], [0.158096, 0.00899757, 0.0775404, 1.0)]])
0.158096, 0.00899757, 0.0775404
float3(-0.15728, -0.0945777, -1.59076)
88309.460957166
normal
simd_float4x4([[-0.0363084, -0.987216, 0.1552, 0.0)], [0.995066, -0.0213659, 0.0968844, 0.0)], [-0.0923298, 0.157952, 0.983121, 0.0)], [0.15968, 0.00831781, 0.0775333, 1.0)]])
0.15968, 0.00831781, 0.0775333
float3(-0.158616, -0.0936404, -1.59244)
88309.661070166
normal
simd_float4x4([[-0.0370214, -0.987034, 0.156181, 0.0)], [0.995177, -0.0222073, 0.0955519, 0.0)], [-0.0908447, 0.158965, 0.983096, 0.0)], [0.161701, 0.00779962, 0.0755016, 1.0)]])
0.161701, 0.00779962, 0.0755016
float3(-0.159642, -0.0921451, -1.59329)
88309.877859416
normal
simd_float4x4([[-0.0381151, -0.986667, 0.158226, 0.0)], [0.994871, -0.0226215, 0.0985916, 0.0)], [-0.0936978, 0.161172, 0.982468, 0.0)], [0.167053, 0.00487899, 0.0729814, 1.0)]])
0.167053, 0.00487899, 0.0729814
float3(-0.161878, -0.0950822, -1.59372)
88310.094648583
normal
simd_float4x4([[-0.0397686, -0.987035, 0.155503, 0.0)], [0.994086, -0.0233434, 0.10606, 0.0)], [-0.101055, 0.158801, 0.982125, 0.0)], [0.174365, 0.00306575, 0.0718497, 1.0)]])
0.174365, 0.00306575, 0.0718497
float3(-0.159476, -0.102533, -1.59444)
88310.294761583
normal
simd_float4x4([[-0.0419146, -0.987115, 0.154424, 0.0)], [0.992882, -0.0239064, 0.116678, 0.0)], [-0.111483, 0.158215, 0.981091, 0.0)], [0.180111, 0.0023386, 0.0750456, 1.0)]])
0.180111, 0.0023386, 0.0750456
float3(-0.158883, -0.113146, -1.59501)
88310.494874458
normal
simd_float4x4([[-0.0446345, -0.988046, 0.147554, 0.0)], [0.991064, -0.0252094, 0.130986, 0.0)], [-0.125701, 0.152082, 0.980342, 0.0)], [0.186707, 0.0037003, 0.0821145, 1.0)]])
0.186707, 0.0037003, 0.0821145
float3(-0.152674, -0.127526, -1.59631)
88310.711663708
normal
simd_float4x4([[-0.0512353, -0.989002, 0.138743, 0.0)], [0.988478, -0.0304064, 0.148282, 0.0)], [-0.142432, 0.144741, 0.979164, 0.0)], [0.192528, 0.00688684, 0.0877237, 1.0)]])
0.192528, 0.00688684, 0.0877237
float3(-0.145251, -0.14445, -1.60153)
88310.911776791
normal
simd_float4x4([[-0.0516238, -0.989313, 0.136363, 0.0)], [0.987048, -0.0297774, 0.157638, 0.0)], [-0.151893, 0.142734, 0.978037, 0.0)], [0.195273, 0.00697592, 0.0923546, 1.0)]])
0.195273, 0.00697592, 0.0923546
float3(-0.143224, -0.154073, -1.60089)
88311.111889833
normal
simd_float4x4([[-0.052026, -0.989732, 0.133131, 0.0)], [0.986624, -0.0303183, 0.160166, 0.0)], [-0.154485, 0.139683, 0.978071, 0.0)], [0.198751, 0.007626, 0.0962279, 1.0)]])
0.198751, 0.007626, 0.0962279
float3(-0.140141, -0.156655, -1.60142)
88311.312002791
normal
simd_float4x4([[-0.0534992, -0.989874, 0.13148, 0.0)], [0.986352, -0.0318521, 0.161541, 0.0)], [-0.155718, 0.138328, 0.978068, 0.0)], [0.200318, 0.00914968, 0.0995317, 1.0)]])
0.200318, 0.00914968, 0.0995317
float3(-0.138773, -0.157884, -1.60296)
88311.528792083
normal
simd_float4x4([[-0.0523242, -0.990869, 0.124264, 0.0)], [0.986003, -0.0315359, 0.163715, 0.0)], [-0.158301, 0.131091, 0.97865, 0.0)], [0.202542, 0.00984473, 0.102386, 1.0)]])
0.202542, 0.00984473, 0.102386
float3(-0.13147, -0.160366, -1.60261)
88311.74558125
normal
simd_float4x4([[-0.0452147, -0.992556, 0.113084, 0.0)], [0.985079, -0.0254819, 0.170208, 0.0)], [-0.16606, 0.119092, 0.978898, 0.0)], [0.203965, 0.0123399, 0.105585, 1.0)]])
0.203965, 0.0123399, 0.105585
float3(-0.119376, -0.16804, -1.59646)
88311.9623705
normal
simd_float4x4([[-0.0397636, -0.994229, 0.0996379, 0.0)], [0.98217, -0.0205543, 0.186867, 0.0)], [-0.18374, 0.105292, 0.977319, 0.0)], [0.207121, 0.0174628, 0.101669, 1.0)]])
0.207121, 0.0174628, 0.101669
float3(-0.105487, -0.185835, -1.59147)
88312.179159583
normal
simd_float4x4([[-0.0434663, -0.994613, 0.0941023, 0.0)], [0.977504, -0.0228813, 0.20967, 0.0)], [-0.206387, 0.101099, 0.973233, 0.0)], [0.212513, 0.0174356, 0.103951, 1.0)]])
0.212513, 0.0174356, 0.103951
float3(-0.101272, -0.208968, -1.5938)
88312.379272791
normal
simd_float4x4([[-0.0449112, -0.995006, 0.089139, 0.0)], [0.974494, -0.0239963, 0.223126, 0.0)], [-0.219873, 0.0968863, 0.970705, 0.0)], [0.215784, 0.0178508, 0.106727, 1.0)]])
0.215784, 0.0178508, 0.106727
float3(-0.0970385, -0.22275, -1.59491)
88312.579385791
normal
simd_float4x4([[-0.0467888, -0.994974, 0.0885346, 0.0)], [0.973652, -0.0256232, 0.226596, 0.0)], [-0.223189, 0.096804, 0.969957, 0.0)], [0.218227, 0.0187863, 0.109465, 1.0)]])
0.218227, 0.0187863, 0.109465
float3(-0.0969559, -0.226165, -1.59654)
88312.779498875
normal
simd_float4x4([[-0.0474923, -0.994939, 0.0885468, 0.0)], [0.974606, -0.0267353, 0.222326, 0.0)], [-0.218834, 0.096857, 0.970943, 0.0)], [0.219486, 0.0180848, 0.11138, 1.0)]])
0.219486, 0.0180848, 0.11138
float3(-0.0970091, -0.221679, -1.59766)
88312.979611875
normal
simd_float4x4([[-0.0477938, -0.994937, 0.0884086, 0.0)], [0.97649, -0.0279143, 0.213749, 0.0)], [-0.210199, 0.096546, 0.97288, 0.0)], [0.222184, 0.0168273, 0.110573, 1.0)]])
0.222184, 0.0168273, 0.110573
float3(-0.0966966, -0.212787, -1.59885)
88313.196401166
normal
simd_float4x4([[-0.0461695, -0.994944, 0.0891934, 0.0)], [0.978278, -0.0269705, 0.205536, 0.0)], [-0.202091, 0.0967454, 0.974576, 0.0)], [0.220988, 0.0144291, 0.107447, 1.0)]])
0.220988, 0.0144291, 0.107447
float3(-0.096897, -0.204465, -1.5979)
88313.39651425
normal
simd_float4x4([[-0.0451488, -0.995172, 0.0871479, 0.0)], [0.981167, -0.0277743, 0.191151, 0.0)], [-0.187808, 0.0941369, 0.977684, 0.0)], [0.218466, 0.0139403, 0.105517, 1.0)]])
0.218466, 0.0139403, 0.105517
float3(-0.0942765, -0.189782, -1.5987)
88313.613303375
normal
simd_float4x4([[-0.0425239, -0.995154, 0.0886575, 0.0)], [0.984624, -0.0266938, 0.172637, 0.0)], [-0.169434, 0.0946355, 0.980987, 0.0)], [0.214015, 0.0136276, 0.101069, 1.0)]])
0.214015, 0.0136276, 0.101069
float3(-0.0947774, -0.17103, -1.59761)
88313.8134165
normal
simd_float4x4([[-0.0354652, -0.995214, 0.0910562, 0.0)], [0.990214, -0.022688, 0.137704, 0.0)], [-0.134979, 0.0950488, 0.986279, 0.0)], [0.202673, 0.0158115, 0.0948276, 1.0)]])
0.202673, 0.0158115, 0.0948276
float3(-0.0951925, -0.136012, -1.59359)
88314.030205791
normal
simd_float4x4([[-0.0297649, -0.995279, 0.0923758, 0.0)], [0.996904, -0.0228305, 0.0752368, 0.0)], [-0.0727726, 0.0943293, 0.992878, 0.0)], [0.189225, 0.0177046, 0.087742, 1.0)]])
0.189225, 0.0177046, 0.087742
float3(-0.0944697, -0.0731638, -1.59373)
88314.230318791
normal
simd_float4x4([[-0.0248303, -0.994674, 0.100036, 0.0)], [0.999668, -0.0253954, -0.00437894, 0.0)], [0.00689607, 0.0998938, 0.994974, 0.0)], [0.173535, 0.0179204, 0.0777581, 1.0)]])
0.173535, 0.0179204, 0.0777581
float3(-0.100061, 0.00693079, -1.59632)
88314.430431958
normal
simd_float4x4([[-0.0168993, -0.993046, 0.116512, 0.0)], [0.994756, -0.028455, -0.0982419, 0.0)], [0.100874, 0.114241, 0.988319, 0.0)], [0.159027, 0.0167278, 0.0645032, 1.0)]])
0.159027, 0.0167278, 0.0645032
float3(-0.114491, 0.101714, -1.59944)
88314.630545083
normal
simd_float4x4([[-0.00859659, -0.992825, 0.119271, 0.0)], [0.982709, -0.0304498, -0.182637, 0.0)], [0.184958, 0.115639, 0.975919, 0.0)], [0.152526, 0.0187743, 0.0529964, 1.0)]])
0.152526, 0.0187743, 0.0529964
float3(-0.115898, 0.187301, -1.60146)
88314.84733425
normal
simd_float4x4([[-0.000910434, -0.99318, 0.116589, 0.0)], [0.964181, -0.0317961, -0.263331, 0.0)], [0.265243, 0.112173, 0.957634, 0.0)], [0.160494, 0.0237871, 0.0408243, 1.0)]])
0.160494, 0.0237871, 0.0408243
float3(-0.112409, 0.270203, -1.6028)
88315.047447375
normal
simd_float4x4([[-0.00129336, -0.993453, 0.114239, 0.0)], [0.944778, -0.038651, -0.325423, 0.0)], [0.327708, 0.107509, 0.938642, 0.0)], [0.181736, 0.033486, 0.0287084, 1.0)]])
0.181736, 0.033486, 0.0287084
float3(-0.107718, 0.335899, -1.60968)
88315.247560541
normal
simd_float4x4([[0.00572935, -0.993677, 0.112133, 0.0)], [0.927115, -0.0367431, -0.372971, 0.0)], [0.374732, 0.106098, 0.921042, 0.0)], [0.212518, 0.0422054, 0.0199825, 1.0)]])
0.212518, 0.0422054, 0.0199825
float3(-0.106298, 0.386404, -1.60776)
88315.447673625
normal
simd_float4x4([[0.00860785, -0.994944, 0.10006, 0.0)], [0.915126, -0.0324967, -0.401855, 0.0)], [0.403075, 0.0950268, 0.91022, 0.0)], [0.246207, 0.047714, 0.0183707, 1.0)]])
0.246207, 0.047714, 0.0183707
float3(-0.0951704, 0.416877, -1.60345)
88315.664462833
normal
simd_float4x4([[0.0165057, -0.996436, 0.0827239, 0.0)], [0.911766, -0.0189575, -0.410272, 0.0)], [0.410378, 0.0821967, 0.908204, 0.0)], [0.27976, 0.053534, 0.0249648, 1.0)]])
0.27976, 0.053534, 0.0249648
float3(-0.0822896, 0.424397, -1.58982)
88315.864576083
normal
simd_float4x4([[0.0133377, -0.998484, 0.0534119, 0.0)], [0.913602, -0.00954094, -0.406498, 0.0)], [0.406391, 0.054219, 0.912089, 0.0)], [0.300643, 0.0631868, 0.0341191, 1.0)]])
0.300643, 0.0631868, 0.0341191
float3(-0.0542456, 0.419156, -1.58035)
88316.064689083
normal
simd_float4x4([[0.0154014, -0.999698, 0.0191575, 0.0)], [0.917124, 0.00649174, -0.39855, 0.0)], [0.398305, 0.023708, 0.916947, 0.0)], [0.310865, 0.0722506, 0.0400998, 1.0)]])
0.310865, 0.0722506, 0.0400998
float3(-0.0237102, 0.40979, -1.5643)
88316.264802291
normal
simd_float4x4([[0.0169071, -0.999848, -0.0041633, 0.0)], [0.918215, 0.0171744, -0.395709, 0.0)], [0.39572, 0.00286748, 0.918367, 0.0)], [0.291588, 0.0738002, 0.0445535, 1.0)]])
0.291588, 0.0738002, 0.0445535
float3(-0.00286748, 0.406854, -1.55362)
88316.464915375
normal
simd_float4x4([[0.0188757, -0.999538, -0.0238214, 0.0)], [0.919866, 0.0266973, -0.391322, 0.0)], [0.391777, -0.014526, 0.919945, 0.0)], [0.290511, 0.0790064, 0.0462767, 1.0)]])
0.290511, 0.0790064, 0.0462767
float3(0.0145265, 0.402607, -1.54409)
88316.665028541
normal
simd_float4x4([[0.0220746, -0.998835, -0.0429073, 0.0)], [0.920979, 0.037015, -0.387849, 0.0)], [0.388986, -0.0309551, 0.920723, 0.0)], [0.277466, 0.0835141, 0.0522492, 1.0)]])
0.277466, 0.0835141, 0.0522492
float3(0.03096, 0.399733, -1.53376)
88316.865141666
normal
simd_float4x4([[0.0236465, -0.99835, -0.0523276, 0.0)], [0.921454, 0.0420676, -0.386204, 0.0)], [0.387768, -0.0390851, 0.920928, 0.0)], [0.274295, 0.08628, 0.0527401, 1.0)]])
0.274295, 0.08628, 0.0527401
float3(0.039095, 0.39853, -1.52868)
88317.081931083
normal
simd_float4x4([[0.0225792, -0.997557, -0.0661059, 0.0)], [0.920843, 0.0464985, -0.38715, 0.0)], [0.389279, -0.0521316, 0.919644, 0.0)], [0.276545, 0.0872734, 0.0518805, 1.0)]])
0.276545, 0.0872734, 0.0518805
float3(0.0521552, 0.400424, -1.52422)
88317.298720333
normal
simd_float4x4([[0.0269682, -0.997041, -0.0719874, 0.0)], [0.92011, 0.0529065, -0.388071, 0.0)], [0.390731, -0.0557708, 0.918814, 0.0)], [0.274974, 0.085229, 0.0502095, 1.0)]])
0.274974, 0.085229, 0.0502095
float3(0.0557998, 0.402087, -1.51778)
88317.498833458
normal
simd_float4x4([[0.0288112, -0.99679, -0.0746966, 0.0)], [0.917388, 0.0560436, -0.394029, 0.0)], [0.396951, -0.0571733, 0.916057, 0.0)], [0.272985, 0.0843698, 0.0489878, 1.0)]])
0.272985, 0.0843698, 0.0489878
float3(0.0572045, 0.408901, -1.51463)
88317.698946625
normal
simd_float4x4([[0.0332906, -0.996772, -0.0730509, 0.0)], [0.916041, 0.0596617, -0.396621, 0.0)], [0.3997, -0.0537139, 0.915071, 0.0)], [0.26914, 0.0800705, 0.044606, 1.0)]])
0.26914, 0.0800705, 0.044606
float3(0.0537398, 0.41182, -1.51101)
88317.899059833
normal
simd_float4x4([[0.0332146, -0.996606, -0.0753229, 0.0)], [0.914683, 0.0606851, -0.39959, 0.0)], [0.402805, -0.0556244, 0.913594, 0.0)], [0.266608, 0.0779825, 0.0428145, 1.0)]])
0.266608, 0.0779825, 0.0428145
float3(0.0556531, 0.415262, -1.50998)
88318.099173125
normal
simd_float4x4([[0.0337798, -0.996577, -0.0754591, 0.0)], [0.915097, 0.0611965, -0.398563, 0.0)], [0.401816, -0.055589, 0.914031, 0.0)], [0.265534, 0.0714766, 0.0407672, 1.0)]])
0.265534, 0.0714766, 0.0407672
float3(0.0556177, 0.414179, -1.50947)
88318.315962166
normal
simd_float4x4([[0.0353222, -0.996441, -0.0765377, 0.0)], [0.917491, 0.0626938, -0.392786, 0.0)], [0.396186, -0.0563485, 0.91644, 0.0)], [0.269605, 0.0635748, 0.0428899, 1.0)]])
0.269605, 0.0635748, 0.0428899
float3(0.0563784, 0.408046, -1.50796)
88318.532751541
normal
simd_float4x4([[0.0342313, -0.996504, -0.0762072, 0.0)], [0.922992, 0.0607657, -0.379992, 0.0)], [0.383294, -0.057331, 0.921845, 0.0)], [0.275262, 0.0607518, 0.0488651, 1.0)]])
0.275262, 0.0607518, 0.0488651
float3(0.0573624, 0.394044, -1.50989)
88318.732864625
normal
simd_float4x4([[0.034866, -0.996701, -0.0732967, 0.0)], [0.929867, 0.05923, -0.363096, 0.0)], [0.366239, -0.0554964, 0.928864, 0.0)], [0.28842, 0.0603019, 0.0565875, 1.0)]])
0.28842, 0.0603019, 0.0565875
float3(0.055525, 0.375572, -1.51144)
88318.932977833
normal
simd_float4x4([[0.0358002, -0.996506, -0.0754551, 0.0)], [0.933369, 0.0603225, -0.353812, 0.0)], [0.357128, -0.0577609, 0.932268, 0.0)], [0.295344, 0.0631931, 0.0673253, 1.0)]])
0.295344, 0.0631931, 0.0673253
float3(0.0577931, 0.365831, -1.51034)
88319.149767125
normal
simd_float4x4([[0.035938, -0.996508, -0.0753678, 0.0)], [0.932219, 0.0606038, -0.356784, 0.0)], [0.360105, -0.0574372, 0.931142, 0.0)], [0.297859, 0.0628102, 0.0736115, 1.0)]])
0.297859, 0.0628102, 0.0736115
float3(0.0574688, 0.369019, -1.51006)
88319.34988025
normal
simd_float4x4([[0.0343166, -0.996552, -0.0755422, 0.0)], [0.930374, 0.0594602, -0.361757, 0.0)], [0.365001, -0.0578682, 0.929207, 0.0)], [0.299655, 0.0605688, 0.0741402, 1.0)]])
0.299655, 0.0605688, 0.0741402
float3(0.0579006, 0.374293, -1.5112)
88319.549993416
normal
simd_float4x4([[0.0337891, -0.996542, -0.075913, 0.0)], [0.92943, 0.0592578, -0.36421, 0.0)], [0.367449, -0.0582494, 0.928218, 0.0)], [0.30127, 0.0596372, 0.0716058, 1.0)]])
0.30127, 0.0596372, 0.0716058
float3(0.0582824, 0.376937, -1.5114)
88319.750106875
normal
simd_float4x4([[0.0323084, -0.996423, -0.0780925, 0.0)], [0.929278, 0.0587126, -0.364684, 0.0)], [0.367964, -0.0607874, 0.927851, 0.0)], [0.304304, 0.053338, 0.0753246, 1.0)]])
0.304304, 0.053338, 0.0753246
float3(0.0608249, 0.377552, -1.51194)
88319.950220083
normal
simd_float4x4([[0.0320028, -0.996443, -0.0779608, 0.0)], [0.928395, 0.0585276, -0.366956, 0.0)], [0.370213, -0.0606349, 0.926966, 0.0)], [0.307387, 0.0523583, 0.0709436, 1.0)]])
0.307387, 0.0523583, 0.0709436
float3(0.0606721, 0.379973, -1.51213)
88320.150333333
normal
simd_float4x4([[0.030768, -0.996614, -0.0762502, 0.0)], [0.92833, 0.0567691, -0.367396, 0.0)], [0.37048, -0.0594814, 0.926934, 0.0)], [0.306992, 0.0525064, 0.0581987, 1.0)]])
0.306992, 0.0525064, 0.0581987
float3(0.0595165, 0.380234, -1.5139)
88320.367122666
normal
simd_float4x4([[0.0308005, -0.996658, -0.0756572, 0.0)], [0.928489, 0.0565553, -0.367028, 0.0)], [0.370081, -0.0589422, 0.927128, 0.0)], [0.305095, 0.0535669, 0.0471646, 1.0)]])
0.305095, 0.0535669, 0.0471646
float3(0.0589763, 0.37979, -1.51411)
88320.583911708
normal
simd_float4x4([[0.0302521, -0.996521, -0.0776629, 0.0)], [0.927911, 0.0568831, -0.368437, 0.0)], [0.371573, -0.0609182, 0.926403, 0.0)], [0.302788, 0.0546756, 0.040529, 1.0)]])
0.302788, 0.0546756, 0.040529
float3(0.060956, 0.381448, -1.51378)
88320.800701166
normal
simd_float4x4([[0.0289879, -0.996556, -0.07769, 0.0)], [0.927458, 0.0558024, -0.369741, 0.0)], [0.372803, -0.0613362, 0.925881, 0.0)], [0.303769, 0.0560018, 0.034385, 1.0)]])
0.303769, 0.0560018, 0.034385
float3(0.0613747, 0.382786, -1.51486)
88321.000814333
normal
simd_float4x4([[0.0275682, -0.996608, -0.0775377, 0.0)], [0.927437, 0.0544411, -0.369996, 0.0)], [0.372963, -0.0617112, 0.925792, 0.0)], [0.302892, 0.0593883, 0.0347317, 1.0)]])
0.302892, 0.0593883, 0.0347317
float3(0.0617504, 0.382968, -1.51622)
88321.200927541
normal
simd_float4x4([[0.0254719, -0.99655, -0.0789948, 0.0)], [0.92721, 0.053089, -0.370759, 0.0)], [0.373674, -0.0638008, 0.925363, 0.0)], [0.304745, 0.0601371, 0.0399634, 1.0)]])
0.304745, 0.0601371, 0.0399634
float3(0.0638442, 0.383789, -1.51757)
88321.401040833
normal
simd_float4x4([[0.0226046, -0.996385, -0.0818976, 0.0)], [0.926533, 0.0516499, -0.372652, 0.0)], [0.375534, -0.0674572, 0.92435, 0.0)], [0.312295, 0.057409, 0.049986, 1.0)]])
0.312295, 0.057409, 0.049986
float3(0.0675084, 0.385899, -1.51901)
88321.601154166
normal
simd_float4x4([[0.0252886, -0.996174, -0.0836606, 0.0)], [0.925848, 0.0549032, -0.373888, 0.0)], [0.37705, -0.0680019, 0.923693, 0.0)], [0.316426, 0.0562057, 0.0617786, 1.0)]])
0.316426, 0.0562057, 0.0617786
float3(0.0680544, 0.387554, -1.51574)
88321.801267375
normal
simd_float4x4([[0.0264278, -0.996213, -0.0828276, 0.0)], [0.925829, 0.0556413, -0.373824, 0.0)], [0.377017, -0.0668049, 0.923794, 0.0)], [0.319974, 0.0548631, 0.0716281, 1.0)]])
0.319974, 0.0548631, 0.0716281
float3(0.0668546, 0.387485, -1.515)
88322.018056666
normal
simd_float4x4([[0.0262529, -0.996131, -0.0838715, 0.0)], [0.925758, 0.055885, -0.373964, 0.0)], [0.377204, -0.067827, 0.923643, 0.0)], [0.326064, 0.0504368, 0.0803203, 1.0)]])
0.326064, 0.0504368, 0.0803203
float3(0.0678792, 0.387716, -1.51475)
88322.218169875
normal
simd_float4x4([[0.0249333, -0.996179, -0.0836978, 0.0)], [0.925261, 0.0546963, -0.375368, 0.0)], [0.378511, -0.0680831, 0.923089, 0.0)], [0.331394, 0.0467141, 0.0845638, 1.0)]])
0.331394, 0.0467141, 0.0845638
float3(0.0681358, 0.389139, -1.51595)
88322.418283166
normal
simd_float4x4([[0.0237691, -0.996349, -0.0820047, 0.0)], [0.924657, 0.0530946, -0.377081, 0.0)], [0.380058, -0.0668634, 0.922543, 0.0)], [0.337077, 0.0382694, 0.0896207, 1.0)]])
0.337077, 0.0382694, 0.0896207
float3(0.0669133, 0.390781, -1.51756)
88322.618396291
normal
simd_float4x4([[0.0249986, -0.996324, -0.0819345, 0.0)], [0.924293, 0.054261, -0.377808, 0.0)], [0.380865, -0.0662868, 0.922252, 0.0)], [0.334374, 0.0333528, 0.0838153, 1.0)]])
0.334374, 0.0333528, 0.0838153
float3(0.0663355, 0.39164, -1.51639)
88322.818509541
normal
simd_float4x4([[0.0246209, -0.996313, -0.0821887, 0.0)], [0.924145, 0.0540364, -0.378202, 0.0)], [0.381248, -0.0666427, 0.922068, 0.0)], [0.330557, 0.0288342, 0.0742946, 1.0)]])
0.330557, 0.0288342, 0.0742946
float3(0.0666921, 0.392065, -1.51661)
88323.018622791
normal
simd_float4x4([[0.0254067, -0.997515, -0.0657131, 0.0)], [0.919518, 0.0491099, -0.389967, 0.0)], [0.392225, -0.0505166, 0.918481, 0.0)], [0.331789, 0.0308597, 0.0612032, 1.0)]])
0.331789, 0.0308597, 0.0612032
float3(0.0505381, 0.403594, -1.5216)
88323.218736083
normal
simd_float4x4([[0.0221513, -0.99773, -0.0635888, 0.0)], [0.920034, 0.0452326, -0.389219, 0.0)], [0.391212, -0.0498822, 0.918948, 0.0)], [0.360835, 0.0498071, 0.0612102, 1.0)]])
0.360835, 0.0498071, 0.0612102
float3(0.0499029, 0.402478, -1.52549)
88323.435525333
normal
simd_float4x4([[0.0183927, -0.997315, -0.0708908, 0.0)], [0.921236, 0.0444596, -0.386455, 0.0)], [0.388569, -0.0581992, 0.91958, 0.0)], [0.385471, 0.0698761, 0.073949, 1.0)]])
0.385471, 0.0698761, 0.073949
float3(0.0582321, 0.399795, -1.52625)
88323.635638583
normal
simd_float4x4([[-0.0101409, -0.998002, -0.0623644, 0.0)], [0.93007, 0.0134913, -0.367134, 0.0)], [0.367242, -0.0617264, 0.928075, 0.0)], [0.410856, 0.0818689, 0.0910231, 1.0)]])
0.410856, 0.0818689, 0.0910231
float3(0.0617656, 0.376796, -1.55728)
88323.835751833
normal
simd_float4x4([[-0.0186963, -0.997397, -0.0696372, 0.0)], [0.933772, 0.00747697, -0.357791, 0.0)], [0.35738, -0.0717146, 0.931202, 0.0)], [0.424387, 0.0906407, 0.128526, 1.0)]])
0.424387, 0.0906407, 0.128526
float3(0.0717763, 0.366449, -1.5633)
88324.035865125
normal
simd_float4x4([[-0.0247184, -0.996094, -0.084773, 0.0)], [0.933853, 0.00725849, -0.357584, 0.0)], [0.356803, -0.0880044, 0.930025, 0.0)], [0.430855, 0.0966395, 0.180727, 1.0)]])
0.430855, 0.0966395, 0.180727
float3(0.0881184, 0.366331, -1.56351)
88324.235978291
normal
simd_float4x4([[-0.00457862, -0.996527, -0.0831416, 0.0)], [0.94039, 0.0239834, -0.33925, 0.0)], [0.340066, -0.0797388, 0.937015, 0.0)], [0.428525, 0.105828, 0.232953, 1.0)]])
0.428525, 0.105828, 0.232953
float3(0.0798236, 0.348143, -1.54673)
88324.4360915
normal
simd_float4x4([[0.00541984, -0.997636, -0.068505, 0.0)], [0.951334, 0.0262519, -0.30704, 0.0)], [0.308112, -0.0635071, 0.949228, 0.0)], [0.436182, 0.117781, 0.287057, 1.0)]])
0.436182, 0.117781, 0.287057
float3(0.0635499, 0.313863, -1.54449)
88324.636204833
normal
simd_float4x4([[0.0288174, -0.997552, -0.0637166, 0.0)], [0.950172, 0.0471307, -0.308143, 0.0)], [0.310392, -0.0516618, 0.949204, 0.0)], [0.449686, 0.124815, 0.34935, 1.0)]])
0.449686, 0.124815, 0.34935
float3(0.0516848, 0.316042, -1.52359)
88324.836318166
normal
simd_float4x4([[0.0307669, -0.998016, -0.0549399, 0.0)], [0.940258, 0.0475449, -0.337127, 0.0)], [0.33907, -0.0412853, 0.939855, 0.0)], [0.476064, 0.125263, 0.41733, 1.0)]])
0.476064, 0.125263, 0.41733
float3(0.0412971, 0.346236, -1.52319)
88325.036431458
normal
simd_float4x4([[0.0372345, -0.998536, -0.0392407, 0.0)], [0.926027, 0.0492374, -0.374231, 0.0)], [0.375615, -0.0224036, 0.926505, 0.0)], [0.512564, 0.122117, 0.484922, 1.0)]])
0.512564, 0.122117, 0.484922
float3(0.0224055, 0.385162, -1.52153)
88325.253220875
normal
simd_float4x4([[0.0484333, -0.998405, -0.0290076, 0.0)], [0.910719, 0.0560685, -0.409204, 0.0)], [0.410178, -0.00659872, 0.911982, 0.0)], [0.559623, 0.119054, 0.567555, 1.0)]])
0.559623, 0.119054, 0.567555
float3(0.00659877, 0.422659, -1.5147)
88325.453334083
normal
simd_float4x4([[0.0418723, -0.999117, -0.00361311, 0.0)], [0.903906, 0.0394223, -0.42591, 0.0)], [0.425676, 0.0145679, 0.904758, 0.0)], [0.600616, 0.117448, 0.644501, 1.0)]])
0.600616, 0.117448, 0.644501
float3(-0.0145685, 0.439759, -1.53136)
88325.653447416
normal
simd_float4x4([[0.0384176, -0.999146, 0.0152059, 0.0)], [0.90297, 0.0281941, -0.428778, 0.0)], [0.427984, 0.0302032, 0.903282, 0.0)], [0.618759, 0.114663, 0.707475, 1.0)]])
0.618759, 0.114663, 0.707475
float3(-0.0302077, 0.442477, -1.54259)
88325.853560625
normal
simd_float4x4([[0.0295845, -0.999562, -0.000545471, 0.0)], [0.916663, 0.0273485, -0.398724, 0.0)], [0.398564, 0.011296, 0.917071, 0.0)], [0.625707, 0.118408, 0.766041, 1.0)]])
0.625707, 0.118408, 0.766041
float3(-0.0112963, 0.409978, -1.54344)
88326.053673958
normal
simd_float4x4([[0.0251957, -0.999523, -0.0178589, 0.0)], [0.929905, 0.0299906, -0.366574, 0.0)], [0.366935, -0.00737098, 0.930217, 0.0)], [0.607787, 0.125265, 0.817661, 1.0)]])
0.607787, 0.125265, 0.817661
float3(0.00737105, 0.375723, -1.5408)
88326.270463291
normal
simd_float4x4([[0.0121393, -0.999925, -0.00179922, 0.0)], [0.942602, 0.0120438, -0.333702, 0.0)], [0.333698, 0.00235495, 0.942677, 0.0)], [0.583722, 0.123526, 0.878616, 1.0)]])
0.583722, 0.123526, 0.878616
float3(-0.00235496, 0.340225, -1.55875)
88326.487252708
normal
simd_float4x4([[0.0208751, -0.999753, 0.00761729, 0.0)], [0.949146, 0.0174233, -0.314354, 0.0)], [0.314143, 0.0137921, 0.949275, 0.0)], [0.568693, 0.120252, 0.953029, 1.0)]])
0.568693, 0.120252, 0.953029
float3(-0.0137925, 0.319586, -1.55337)
88326.687366
normal
simd_float4x4([[0.0350389, -0.999385, -0.00146806, 0.0)], [0.949072, 0.0337351, -0.313248, 0.0)], [0.313105, 0.0095826, 0.94967, 0.0)], [0.561815, 0.121119, 1.01383, 1.0)]])
0.561815, 0.121119, 1.01383
float3(-0.00958275, 0.318476, -1.53705)
88326.887479166
normal
simd_float4x4([[0.033737, -0.999223, -0.0203868, 0.0)], [0.945624, 0.0385168, -0.322972, 0.0)], [0.323506, -0.0083822, 0.946189, 0.0)], [0.559496, 0.124719, 1.04762, 1.0)]])
0.559496, 0.124719, 1.04762
float3(0.0083823, 0.329444, -1.53227)
88327.10426875
normal
simd_float4x4([[0.0326897, -0.999388, -0.0125013, 0.0)], [0.943482, 0.0349837, -0.329573, 0.0)], [0.329808, -0.00102111, 0.944047, 0.0)], [0.558499, 0.127681, 1.04894, 1.0)]])
0.558499, 0.127681, 1.04894
float3(0.00102111, 0.336101, -1.53581)
88327.321058083
normal
simd_float4x4([[0.0313902, -0.999415, -0.0135527, 0.0)], [0.941783, 0.0341159, -0.334485, 0.0)], [0.334752, -0.00226419, 0.942303, 0.0)], [0.556475, 0.13123, 1.04961, 1.0)]])
0.556475, 0.13123, 1.04961
float3(0.00226419, 0.341343, -1.53667)
88327.521171416
normal
simd_float4x4([[0.0263631, -0.999501, -0.0174126, 0.0)], [0.941487, 0.0306804, -0.33565, 0.0)], [0.336016, -0.007545, 0.941826, 0.0)], [0.555277, 0.133838, 1.05277, 1.0)]])
0.555277, 0.133838, 1.05277
float3(0.00754507, 0.342694, -1.54011)
88327.72128475
normal
simd_float4x4([[0.023898, -0.999509, -0.0202547, 0.0)], [0.943791, 0.0292378, -0.329246, 0.0)], [0.329676, -0.0112479, 0.944027, 0.0)], [0.557037, 0.136516, 1.05185, 1.0)]])
0.557037, 0.136516, 1.05185
float3(0.0112481, 0.335983, -1.54155)
88327.921397916
normal
simd_float4x4([[0.0258527, -0.999249, -0.0288773, 0.0)], [0.941266, 0.034061, -0.335943, 0.0)], [0.336674, -0.0184962, 0.94144, 0.0)], [0.557077, 0.136213, 1.05402, 1.0)]])
0.557077, 0.136213, 1.05402
float3(0.0184972, 0.343443, -1.53672)
88328.121511333
normal
simd_float4x4([[0.0299434, -0.999243, -0.0248226, 0.0)], [0.941286, 0.0365441, -0.335625, 0.0)], [0.336279, -0.0133154, 0.941668, 0.0)], [0.561345, 0.134657, 1.05513, 1.0)]])
0.561345, 0.134657, 1.05513
float3(0.0133158, 0.342994, -1.53424)
88328.3216245
normal
simd_float4x4([[0.02252, -0.99946, -0.0239183, 0.0)], [0.942252, 0.0292151, -0.333627, 0.0)], [0.334146, -0.0150238, 0.942401, 0.0)], [0.566792, 0.133162, 1.05657, 1.0)]])
0.566792, 0.133162, 1.05657
float3(0.0150244, 0.340739, -1.54157)
88328.521737833
normal
simd_float4x4([[0.0148539, -0.999611, -0.0236082, 0.0)], [0.939928, 0.0220126, -0.340662, 0.0)], [0.341049, -0.0171298, 0.939889, 0.0)], [0.57011, 0.131515, 1.05731, 1.0)]])
0.57011, 0.131515, 1.05731
float3(0.0171307, 0.348086, -1.54878)
88328.721851083
normal
simd_float4x4([[0.00955568, -0.99981, -0.017025, 0.0)], [0.938077, 0.0148593, -0.346107, 0.0)], [0.346294, -0.0126635, 0.93804, 0.0)], [0.572542, 0.130242, 1.05692, 1.0)]])
0.572542, 0.130242, 1.05692
float3(0.0126638, 0.353647, -1.55594)
88328.921964333
normal
simd_float4x4([[0.00756591, -0.999868, -0.0143881, 0.0)], [0.937389, 0.0121019, -0.348075, 0.0)], [0.348203, -0.0108538, 0.937356, 0.0)], [0.576395, 0.12765, 1.05508, 1.0)]])
0.576395, 0.12765, 1.05508
float3(0.010854, 0.355675, -1.55869)
88329.122077708
normal
simd_float4x4([[0.00510093, -0.999894, -0.0136305, 0.0)], [0.936976, 0.00954112, -0.349264, 0.0)], [0.349357, -0.0109899, 0.936925, 0.0)], [0.57978, 0.126691, 1.05445, 1.0)]])
0.57978, 0.126691, 1.05445
float3(0.0109901, 0.356908, -1.56125)
88329.322190916
normal
simd_float4x4([[-0.000173983, -0.999875, -0.0158049, 0.0)], [0.934648, 0.00545722, -0.355533, 0.0)], [0.355575, -0.0148338, 0.93453, 0.0)], [0.580319, 0.127647, 1.05162, 1.0)]])
0.580319, 0.127647, 1.05162
float3(0.0148344, 0.363571, -1.56534)
88329.522304291
normal
simd_float4x4([[-0.000525384, -0.999903, -0.0139277, 0.0)], [0.932749, 0.00453129, -0.360498, 0.0)], [0.360526, -0.0131804, 0.932656, 0.0)], [0.57865, 0.127033, 1.04596, 1.0)]])
0.57865, 0.127033, 1.04596
float3(0.0131808, 0.368865, -1.56626)
88329.722417791
normal
simd_float4x4([[-0.00279487, -0.999912, -0.0129924, 0.0)], [0.933103, 0.00206438, -0.359602, 0.0)], [0.359597, -0.0131283, 0.933015, 0.0)], [0.58036, 0.126883, 1.04263, 1.0)]])
0.58036, 0.126883, 1.04263
float3(0.0131287, 0.36787, -1.56873)
88329.922531
normal
simd_float4x4([[0.00268908, -0.999851, -0.0170434, 0.0)], [0.934286, 0.00858826, -0.35642, 0.0)], [0.356514, -0.014965, 0.93417, 0.0)], [0.581437, 0.125601, 1.04221, 1.0)]])
0.581437, 0.125601, 1.04221
float3(0.0149655, 0.364576, -1.56221)
88330.122644333
normal
simd_float4x4([[0.00584191, -0.999716, -0.0231091, 0.0)], [0.934221, 0.0136983, -0.356432, 0.0)], [0.356647, -0.0195067, 0.934035, 0.0)], [0.580126, 0.125448, 1.04233, 1.0)]])
0.580126, 0.125448, 1.04233
float3(0.019508, 0.364749, -1.55709)
88330.339433708
normal
simd_float4x4([[0.00348574, -0.999507, -0.0311923, 0.0)], [0.931883, 0.0145617, -0.362467, 0.0)], [0.362743, -0.0278041, 0.931475, 0.0)], [0.577848, 0.126296, 1.04143, 1.0)]])
0.577848, 0.126296, 1.04143
float3(0.0278077, 0.37136, -1.55623)
88330.556223041
normal
simd_float4x4([[0.00593349, -0.999266, -0.0378388, 0.0)], [0.92945, 0.0194703, -0.368434, 0.0)], [0.368901, -0.0329832, 0.928883, 0.0)], [0.574569, 0.125225, 1.0432, 1.0)]])
0.574569, 0.125225, 1.0432
float3(0.0329892, 0.378042, -1.55131)
88330.756336458
normal
simd_float4x4([[0.00847273, -0.999164, -0.0400005, 0.0)], [0.92849, 0.0227125, -0.370663, 0.0)], [0.371261, -0.0339995, 0.927906, 0.0)], [0.571305, 0.125869, 1.04394, 1.0)]])
0.571305, 0.125869, 1.04394
float3(0.0340061, 0.380598, -1.54807)
88330.956449916
normal
simd_float4x4([[0.00793911, -0.999068, -0.0424313, 0.0)], [0.926591, 0.0233045, -0.375347, 0.0)], [0.375986, -0.0363366, 0.925912, 0.0)], [0.568669, 0.125408, 1.0432, 1.0)]])
0.568669, 0.125408, 1.0432
float3(0.0363446, 0.385729, -1.54747)
88331.156563208
normal
simd_float4x4([[0.00882968, -0.999117, -0.0410849, 0.0)], [0.927059, 0.0235794, -0.374174, 0.0)], [0.374812, -0.0347843, 0.926448, 0.0)], [0.561235, 0.125583, 1.03762, 1.0)]])
0.561235, 0.125583, 1.03762
float3(0.0347913, 0.384439, -1.5472)
88331.356676541
normal
simd_float4x4([[0.00640106, -0.999241, -0.0384254, 0.0)], [0.928425, 0.0202129, -0.370968, 0.0)], [0.371464, -0.0333005, 0.92785, 0.0)], [0.556666, 0.124968, 1.03148, 1.0)]])
0.556666, 0.124968, 1.03148
float3(0.0333067, 0.380807, -1.55057)
88331.556789708
normal
simd_float4x4([[0.00551363, -0.999205, -0.0394741, 0.0)], [0.931669, 0.019473, -0.362787, 0.0)], [0.363267, -0.0347765, 0.931036, 0.0)], [0.551579, 0.125826, 1.02286, 1.0)]])
0.551579, 0.125826, 1.02286
float3(0.0347836, 0.372008, -1.55131)
88331.756903083
normal
simd_float4x4([[0.00848872, -0.999459, -0.0317663, 0.0)], [0.936108, 0.0191128, -0.351193, 0.0)], [0.351611, -0.0267555, 0.935764, 0.0)], [0.548729, 0.126198, 1.00813, 1.0)]])
0.548729, 0.126198, 1.00813
float3(0.0267587, 0.359426, -1.55168)
88331.957016416
normal
simd_float4x4([[0.0108395, -0.999702, -0.0218932, 0.0)], [0.939722, 0.0176675, -0.341483, 0.0)], [0.341768, -0.016872, 0.939633, 0.0)], [0.547471, 0.12423, 0.988744, 1.0)]])
0.547471, 0.12423, 0.988744
float3(0.0168728, 0.348849, -1.55313)
88332.157129583
normal
simd_float4x4([[0.00964589, -0.999756, -0.0198706, 0.0)], [0.941532, 0.0157733, -0.336555, 0.0)], [0.336787, -0.0154624, 0.941454, 0.0)], [0.549192, 0.124977, 0.962128, 1.0)]])
0.549192, 0.124977, 0.962128
float3(0.0154631, 0.343545, -1.55502)
88332.357242875
normal
simd_float4x4([[0.00380033, -0.99968, -0.0250304, 0.0)], [0.93991, 0.0121164, -0.341206, 0.0)], [0.3414, -0.0222296, 0.939655, 0.0)], [0.557758, 0.122807, 0.926465, 1.0)]])
0.557758, 0.122807, 0.926465
float3(0.0222315, 0.348496, -1.55868)
88332.557356208
normal
simd_float4x4([[3.54951e-05, -0.999653, -0.0263612, 0.0)], [0.930905, 0.00966178, -0.365134, 0.0)], [0.365262, -0.0245268, 0.930582, 0.0)], [0.570058, 0.121826, 0.875991, 1.0)]])
0.570058, 0.121826, 0.875991
float3(0.0245293, 0.374032, -1.56113)
88332.757469625
normal
simd_float4x4([[-0.00164202, -0.999309, -0.0371385, 0.0)], [0.915392, 0.0134485, -0.402339, 0.0)], [0.40256, -0.034657, 0.914737, 0.0)], [0.587205, 0.126143, 0.816164, 1.0)]])
0.587205, 0.126143, 0.816164
float3(0.0346639, 0.414576, -1.55734)
88332.957583041
normal
simd_float4x4([[0.02833, -0.998667, -0.0431498, 0.0)], [0.900688, 0.0442252, -0.43221, 0.0)], [0.433542, -0.02662, 0.90074, 0.0)], [0.598877, 0.131463, 0.746349, 1.0)]])
0.598877, 0.131463, 0.746349
float3(0.0266231, 0.448591, -1.52654)
88333.174372333
normal
simd_float4x4([[0.0463515, -0.998565, -0.0268374, 0.0)], [0.897537, 0.0534254, -0.437691, 0.0)], [0.438497, -0.00379992, 0.898725, 0.0)], [0.608226, 0.128918, 0.669233, 1.0)]])
0.608226, 0.128918, 0.669233
float3(0.00379993, 0.453929, -1.51735)
88333.374485541
normal
simd_float4x4([[0.0489779, -0.998307, -0.0313614, 0.0)], [0.896414, 0.0577836, -0.439436, 0.0)], [0.440504, -0.0065902, 0.897726, 0.0)], [0.599938, 0.127378, 0.596056, 1.0)]])
0.599938, 0.127378, 0.596056
float3(0.00659025, 0.456171, -1.51298)
88333.574599041
normal
simd_float4x4([[0.0566877, -0.997829, -0.0335374, 0.0)], [0.906526, 0.0655175, -0.417035, 0.0)], [0.418326, -0.00676178, 0.908272, 0.0)], [0.573279, 0.116619, 0.508445, 1.0)]])
0.573279, 0.116619, 0.508445
float3(0.00676183, 0.431612, -1.50523)
88333.774712375
normal
simd_float4x4([[0.0436052, -0.997546, -0.0547756, 0.0)], [0.922442, 0.0612565, -0.381245, 0.0)], [0.383665, -0.0339031, 0.92285, 0.0)], [0.532423, 0.11131, 0.41677, 1.0)]])
0.532423, 0.11131, 0.41677
float3(0.0339096, 0.394001, -1.50947)
88333.99150175
normal
simd_float4x4([[0.0113978, -0.996682, -0.0805888, 0.0)], [0.92958, 0.0402578, -0.366417, 0.0)], [0.368445, -0.0707373, 0.926954, 0.0)], [0.489746, 0.115006, 0.327106, 1.0)]])
0.489746, 0.115006, 0.327106
float3(0.0707965, 0.378332, -1.53043)
88334.191615083
normal
simd_float4x4([[-0.00682847, -0.998759, -0.0493358, 0.0)], [0.930656, 0.011702, -0.365707, 0.0)], [0.365831, -0.0484119, 0.929421, 0.0)], [0.463808, 0.115551, 0.238121, 1.0)]])
0.463808, 0.115551, 0.238121
float3(0.0484308, 0.374987, -1.55908)
88334.391728333
normal
simd_float4x4([[-0.000125094, -0.999563, -0.0295739, 0.0)], [0.931332, 0.0106535, -0.364014, 0.0)], [0.36417, -0.0275887, 0.930924, 0.0)], [0.446529, 0.104011, 0.136409, 1.0)]])
0.446529, 0.104011, 0.136409
float3(0.0275922, 0.37289, -1.56014)
88334.591841708
normal
simd_float4x4([[-0.0021396, -0.999652, -0.0263065, 0.0)], [0.926975, 0.00788538, -0.375039, 0.0)], [0.375116, -0.025188, 0.926635, 0.0)], [0.440337, 0.0932686, 0.013338, 1.0)]])
0.440337, 0.0932686, 0.013338
float3(0.0251906, 0.384651, -1.56291)
88334.808631041
normal
simd_float4x4([[0.0114695, -0.99965, -0.0238418, 0.0)], [0.921583, 0.01982, -0.387674, 0.0)], [0.388011, -0.0175258, 0.921488, 0.0)], [0.4371, 0.0967512, -0.127318, 1.0)]])
0.4371, 0.0967512, -0.127318
float3(0.0175267, 0.398537, -1.55097)
88335.025420291
normal
simd_float4x4([[0.0115294, -0.999576, -0.0267456, 0.0)], [0.917081, 0.0212308, -0.398135, 0.0)], [0.398534, -0.0199376, 0.916937, 0.0)], [0.437795, 0.0963978, -0.236603, 1.0)]])
0.437795, 0.0963978, -0.236603
float3(0.0199389, 0.410004, -1.54956)
88335.225533791
normal
simd_float4x4([[0.0405477, -0.999035, -0.0168765, 0.0)], [0.917324, 0.043916, -0.395712, 0.0)], [0.396072, 0.000564008, 0.918219, 0.0)], [0.419662, 0.0922496, -0.329591, 1.0)]])
0.419662, 0.0922496, -0.329591
float3(-0.000564008, 0.407235, -1.52687)
88335.442322958
normal
simd_float4x4([[0.060871, -0.998127, 0.00614546, 0.0)], [0.92754, 0.0542897, -0.369759, 0.0)], [0.368733, 0.0282078, 0.929107, 0.0)], [0.380092, 0.073977, -0.449885, 1.0)]])
0.380092, 0.073977, -0.449885
float3(-0.0282115, 0.377803, -1.51646)
88335.642436375
normal
simd_float4x4([[0.045968, -0.998762, -0.0190382, 0.0)], [0.942436, 0.0496789, -0.330677, 0.0)], [0.331213, -0.00274174, 0.943552, 0.0)], [0.338272, 0.0660757, -0.56236, 1.0)]])
0.338272, 0.0660757, -0.56236
float3(0.00274174, 0.33759, -1.5211)
88335.85922575
normal
simd_float4x4([[0.033023, -0.99916, -0.0242743, 0.0)], [0.954015, 0.0387524, -0.297242, 0.0)], [0.297933, -0.0133423, 0.954493, 0.0)], [0.29664, 0.0680641, -0.669506, 1.0)]])
0.29664, 0.0680641, -0.669506
float3(0.0133427, 0.302554, -1.53203)
88336.059338958
normal
simd_float4x4([[0.0221613, -0.999732, -0.00666779, 0.0)], [0.96278, 0.0231382, -0.269295, 0.0)], [0.269377, -0.000451687, 0.963035, 0.0)], [0.275899, 0.0698163, -0.757691, 1.0)]])
0.275899, 0.0698163, -0.757691
float3(0.000451688, 0.272746, -1.54766)
88336.259452583
normal
simd_float4x4([[0.017508, -0.999649, 0.0198778, 0.0)], [0.969221, 0.0120855, -0.245897, 0.0)], [0.24557, 0.0235711, 0.969092, 0.0)], [0.267899, 0.0514764, -0.857761, 1.0)]])
0.267899, 0.0514764, -0.857761
float3(-0.0235733, 0.248178, -1.55871)
88336.45956575
normal
simd_float4x4([[0.0231149, -0.999712, -0.00645968, 0.0)], [0.976952, 0.0239592, -0.212111, 0.0)], [0.212205, -0.00140787, 0.977224, 0.0)], [0.275724, 0.0377644, -0.959746, 1.0)]])
0.275724, 0.0377644, -0.959746
float3(0.00140787, 0.213831, -1.54683)
88336.659679041
normal
simd_float4x4([[0.0337372, -0.999326, -0.0144434, 0.0)], [0.988301, 0.0355088, -0.148322, 0.0)], [0.148735, -0.00927048, 0.988834, 0.0)], [0.296841, 0.0352899, -1.05641, 1.0)]])
0.296841, 0.0352899, -1.05641
float3(0.00927061, 0.149295, -1.53528)
88336.85979225
normal
simd_float4x4([[0.0202903, -0.999536, 0.0227339, 0.0)], [0.998906, 0.0193091, -0.0425814, 0.0)], [0.0421226, 0.023573, 0.998834, 0.0)], [0.328059, 0.0297461, -1.13151, 1.0)]])
0.328059, 0.0297461, -1.13151
float3(-0.0235752, 0.0421468, -1.55148)
88337.059905583
normal
simd_float4x4([[0.024692, -0.998999, 0.0373137, 0.0)], [0.994147, 0.0284648, 0.104218, 0.0)], [-0.105176, 0.0345219, 0.993854, 0.0)], [0.365837, 0.0214844, -1.18427, 1.0)]])
0.365837, 0.0214844, -1.18427
float3(-0.0345288, -0.105434, -1.54231)
88337.26001875
normal
simd_float4x4([[0.0198982, -0.998511, 0.0508026, 0.0)], [0.961983, 0.0329641, 0.271113, 0.0)], [-0.272384, 0.0434765, 0.961206, 0.0)], [0.399193, 0.00401368, -1.24346, 1.0)]])
0.399193, 0.00401368, -1.24346
float3(-0.0434902, -0.276138, -1.5378)
88337.460132
normal
simd_float4x4([[0.00377406, -0.999248, 0.0385838, 0.0)], [0.884278, 0.0213516, 0.466472, 0.0)], [-0.466945, 0.0323583, 0.883694, 0.0)], [0.429015, 0.011856, -1.32354, 1.0)]])
0.429015, 0.011856, -1.32354
float3(-0.0323639, -0.48611, -1.54943)
88337.66024525
normal
simd_float4x4([[-0.0143758, -0.999867, 0.00768039, 0.0)], [0.792767, -0.00671648, 0.609488, 0.0)], [-0.609355, 0.0148507, 0.792758, 0.0)], [0.460869, 0.0197663, -1.37824, 1.0)]])
0.460869, 0.0197663, -1.37824
float3(-0.0148512, -0.655332, -1.57751)
88337.8603585
normal
simd_float4x4([[-0.0403961, -0.998696, 0.0312262, 0.0)], [0.688642, -0.00518361, 0.725083, 0.0)], [-0.723976, 0.0507942, 0.687953, 0.0)], [0.509271, 0.021251, -1.42614, 1.0)]])
0.509271, 0.021251, -1.42614
float3(-0.0508161, -0.810906, -1.57599)
88338.077147875
normal
simd_float4x4([[-0.0678493, -0.996555, 0.0476929, 0.0)], [0.587329, -0.00125406, 0.809347, 0.0)], [-0.806499, 0.0829251, 0.585391, 0.0)], [0.578696, 0.0125517, -1.46326, 1.0)]])
0.578696, 0.0125517, -1.46326
float3(-0.0830204, -0.942936, -1.57205)
88338.277261208
normal
simd_float4x4([[-0.0466806, -0.997954, 0.0436813, 0.0)], [0.530494, 0.0122856, 0.847599, 0.0)], [-0.846402, 0.0627392, 0.528836, 0.0)], [0.645409, 0.0151893, -1.48326, 1.0)]])
0.645409, 0.0151893, -1.48326
float3(-0.0627804, -1.01234, -1.55849)
88338.494050625
normal
simd_float4x4([[-0.0127051, -0.999442, 0.0309016, 0.0)], [0.484972, 0.0208667, 0.874281, 0.0)], [-0.874437, 0.0260942, 0.484436, 0.0)], [0.706752, 0.0256121, -1.49284, 1.0)]])
0.706752, 0.0256121, -1.49284
float3(-0.0260972, -1.06489, -1.54992)
88338.710839875
normal
simd_float4x4([[-0.0251215, -0.998706, 0.0442171, 0.0)], [0.430886, 0.0290942, 0.901937, 0.0)], [-0.902057, 0.0417106, 0.429597, 0.0)], [0.761614, 0.0260241, -1.51113, 1.0)]])
0.761614, 0.0260241, -1.51113
float3(-0.0417227, -1.12634, -1.54167)
88338.91095325
normal
simd_float4x4([[-0.0378639, -0.998276, 0.0448528, 0.0)], [0.392986, 0.0263927, 0.919166, 0.0)], [-0.918765, 0.0524297, 0.391309, 0.0)], [0.825513, 0.0181947, -1.5452, 1.0)]])
0.825513, 0.0181947, -1.5452
float3(-0.0524538, -1.16816, -1.54436)
88339.111066416
normal
simd_float4x4([[-0.0500234, -0.997669, 0.0464142, 0.0)], [0.344489, 0.026385, 0.938419, 0.0)], [-0.937457, 0.0629321, 0.342366, 0.0)], [0.906432, 0.0030796, -1.59019, 1.0)]])
0.906432, 0.0030796, -1.59019
float3(-0.0629738, -1.22064, -1.54436)
88339.31117975
normal
simd_float4x4([[-0.043788, -0.998735, 0.0247058, 0.0)], [0.277552, 0.0115946, 0.96064, 0.0)], [-0.959712, 0.0489217, 0.276694, 0.0)], [0.987707, -0.00285561, -1.63679, 1.0)]])
0.987707, -0.00285561, -1.63679
float3(-0.0489412, -1.2901, -1.55919)
88339.511293083
normal
simd_float4x4([[-0.0486825, -0.998698, 0.015246, 0.0)], [0.256188, 0.00226825, 0.966624, 0.0)], [-0.9654, 0.0509636, 0.255744, 0.0)], [1.05755, -0.00154971, -1.67949, 1.0)]])
1.05755, -0.00154971, -1.67949
float3(-0.0509857, -1.31184, -1.56853)
88339.71140625
normal
simd_float4x4([[-0.0476502, -0.998853, 0.00464575, 0.0)], [0.252216, -0.00753135, 0.967642, 0.0)], [-0.966497, 0.04728, 0.252286, 0.0)], [1.11959, 0.00107151, -1.70092, 1.0)]])
1.11959, 0.00107151, -1.70092
float3(-0.0472977, -1.31546, -1.57834)
88339.911519416
normal
simd_float4x4([[-0.0552295, -0.998463, 0.00454572, 0.0)], [0.249751, -0.00940662, 0.968264, 0.0)], [-0.966734, 0.0546121, 0.249887, 0.0)], [1.21041, -0.00429548, -1.70688, 1.0)]])
1.21041, -0.00429548, -1.70688
float3(-0.0546393, -1.31785, -1.58022)
88340.111632875
normal
simd_float4x4([[-0.054039, -0.998505, 0.00818713, 0.0)], [0.257558, -0.00601642, 0.966244, 0.0)], [-0.96475, 0.0543235, 0.257498, 0.0)], [1.31289, -0.0123377, -1.71447, 1.0)]])
1.31289, -0.0123377, -1.71447
float3(-0.0543503, -1.30997, -1.57682)
88340.311746166
normal
simd_float4x4([[-0.0401687, -0.999029, 0.0180887, 0.0)], [0.286458, 0.00582936, 0.958075, 0.0)], [-0.95725, 0.0436663, 0.285946, 0.0)], [1.4203, -0.012628, -1.7184, 1.0)]])
1.4203, -0.012628, -1.7184
float3(-0.0436802, -1.28052, -1.56496)
88340.528535375
normal
simd_float4x4([[-0.0510775, -0.998617, 0.0124465, 0.0)], [0.311051, -0.0040644, 0.950384, 0.0)], [-0.949019, 0.0524148, 0.310829, 0.0)], [1.51525, -0.0150311, -1.71752, 1.0)]])
1.51525, -0.0150311, -1.71752
float3(-0.0524388, -1.25428, -1.57487)
88340.745324625
normal
simd_float4x4([[-0.047951, -0.998423, 0.0292121, 0.0)], [0.311566, 0.0128359, 0.950138, 0.0)], [-0.949014, 0.0546616, 0.310459, 0.0)], [1.59323, -0.0127684, -1.72427, 1.0)]])
1.59323, -0.0127684, -1.72427
float3(-0.0546888, -1.25463, -1.55794)
88340.945437916
normal
simd_float4x4([[-0.0638386, -0.997396, 0.0335687, 0.0)], [0.287831, 0.013806, 0.957581, 0.0)], [-0.955551, 0.0707928, 0.2862, 0.0)], [1.66871, -0.0210441, -1.73766, 1.0)]])
1.66871, -0.0210441, -1.73766
float3(-0.0708521, -1.27979, -1.55696)
88341.145551375
normal
simd_float4x4([[-0.0493113, -0.998402, 0.0276232, 0.0)], [0.245288, 0.0147042, 0.969339, 0.0)], [-0.968195, 0.054575, 0.244171, 0.0)], [1.74227, -0.0292518, -1.75762, 1.0)]])
1.74227, -0.0292518, -1.75762
float3(-0.0546021, -1.32376, -1.55607)
88341.345664583
normal
simd_float4x4([[-0.048829, -0.998756, 0.0100988, 0.0)], [0.218027, -0.000791191, 0.975942, 0.0)], [-0.97472, 0.0498561, 0.217794, 0.0)], [1.81413, -0.0299197, -1.78259, 1.0)]])
1.81413, -0.0299197, -1.78259
float3(-0.0498767, -1.35096, -1.57159)
88341.545777791
normal
simd_float4x4([[-0.0582913, -0.998285, -0.00541724, 0.0)], [0.215468, -0.0178797, 0.976347, 0.0)], [-0.974769, 0.0557453, 0.216141, 0.0)], [1.87887, -0.0209955, -1.79696, 1.0)]])
1.87887, -0.0209955, -1.79696
float3(-0.0557742, -1.35259, -1.5887)
88341.762567208
normal
simd_float4x4([[-0.0747617, -0.997119, -0.012815, 0.0)], [0.22071, -0.0290779, 0.974906, 0.0)], [-0.97247, 0.0700573, 0.222249, 0.0)], [1.95106, -0.0214749, -1.80605, 1.0)]])
1.95106, -0.0214749, -1.80605
float3(-0.0701147, -1.34611, -1.59995)
88341.962680375
normal
simd_float4x4([[-0.0809816, -0.996708, -0.00393825, 0.0)], [0.246542, -0.0238594, 0.968838, 0.0)], [-0.965743, 0.0774871, 0.247662, 0.0)], [2.02361, -0.0263038, -1.81167, 1.0)]])
2.02361, -0.0263038, -1.81167
float3(-0.0775649, -1.31976, -1.59473)
88342.162793708
normal
simd_float4x4([[-0.0767286, -0.997031, 0.00643237, 0.0)], [0.287061, -0.0159122, 0.95778, 0.0)], [-0.954834, 0.0753356, 0.28743, 0.0)], [2.09502, -0.023896, -1.81155, 1.0)]])
2.09502, -0.023896, -1.81155
float3(-0.0754071, -1.2784, -1.58675)
88342.379582958
normal
simd_float4x4([[-0.0642784, -0.997849, 0.0128673, 0.0)], [0.321233, -0.00848177, 0.946962, 0.0)], [-0.944816, 0.0650026, 0.321088, 0.0)], [2.15563, -0.0221174, -1.80525, 1.0)]])
2.15563, -0.0221174, -1.80525
float3(-0.0650485, -1.2432, -1.5793)
88342.579696166
normal
simd_float4x4([[-0.0605769, -0.997991, 0.0185532, 0.0)], [0.331337, -0.00257142, 0.943509, 0.0)], [-0.941566, 0.0633023, 0.330827, 0.0)], [2.19838, -0.0206933, -1.80046, 1.0)]])
2.19838, -0.0206933, -1.80046
float3(-0.0633446, -1.23291, -1.57337)
88342.7798095
normal
simd_float4x4([[-0.0591901, -0.997918, 0.0256346, 0.0)], [0.328717, 0.00476281, 0.944416, 0.0)], [-0.942572, 0.0643266, 0.327751, 0.0)], [2.23657, -0.0157228, -1.79864, 1.0)]])
2.23657, -0.0157228, -1.79864
float3(-0.064371, -1.23615, -1.56602)
88342.979922666
normal
simd_float4x4([[-0.0660484, -0.99739, 0.0291643, 0.0)], [0.3197, 0.00653449, 0.947496, 0.0)], [-0.945214, 0.0719045, 0.318434, 0.0)], [2.28198, -0.0153039, -1.8124, 1.0)]])
2.28198, -0.0153039, -1.8124
float3(-0.0719666, -1.24585, -1.56424)
88343.180035916
normal
simd_float4x4([[-0.0638183, -0.997516, 0.0298145, 0.0)], [0.300513, 0.00927987, 0.953733, 0.0)], [-0.95164, 0.0698252, 0.299174, 0.0)], [2.3393, -0.0205685, -1.84276, 1.0)]])
2.3393, -0.0205685, -1.84276
float3(-0.0698821, -1.2662, -1.56149)
88343.380149166
normal
simd_float4x4([[-0.0376964, -0.998913, 0.0274427, 0.0)], [0.273612, 0.0160951, 0.961705, 0.0)], [-0.961101, 0.0437615, 0.272707, 0.0)], [2.40476, -0.0258854, -1.88476, 1.0)]])
2.40476, -0.0258854, -1.88476
float3(-0.0437754, -1.29432, -1.55469)
88343.58026225
normal
simd_float4x4([[-0.0460721, -0.998748, 0.0194843, 0.0)], [0.253193, 0.00719275, 0.967389, 0.0)], [-0.966318, 0.0495029, 0.252544, 0.0)], [2.48045, -0.0317213, -1.93172, 1.0)]])
2.48045, -0.0317213, -1.93172
float3(-0.0495232, -1.31517, -1.56359)
88343.797051625
normal
simd_float4x4([[-0.0800889, -0.996747, 0.00905266, 0.0)], [0.244349, -0.0108272, 0.969627, 0.0)], [-0.966374, 0.0798684, 0.244421, 0.0)], [2.55143, -0.031944, -1.96764, 1.0)]])
2.55143, -0.031944, -1.96764
float3(-0.0799535, -1.32307, -1.58166)
88343.997164916
normal
simd_float4x4([[-0.094283, -0.995537, 0.00415143, 0.0)], [0.246342, -0.0192893, 0.968991, 0.0)], [-0.964586, 0.092382, 0.247062, 0.0)], [2.61349, -0.0318111, -1.9871, 1.0)]])
2.61349, -0.0318111, -1.9871
float3(-0.0925139, -1.32005, -1.59017)
88344.197278083
normal
simd_float4x4([[-0.0984414, -0.99514, -0.0023584, 0.0)], [0.250943, -0.027117, 0.967622, 0.0)], [-0.962983, 0.0946622, 0.252393, 0.0)], [2.69265, -0.0364589, -1.99786, 1.0)]])
2.69265, -0.0364589, -1.99786
float3(-0.0948042, -1.31447, -1.59804)
88344.397391291
normal
simd_float4x4([[-0.0845437, -0.996396, -0.00688809, 0.0)], [0.268047, -0.0294006, 0.962957, 0.0)], [-0.959689, 0.0795657, 0.269567, 0.0)], [2.78305, -0.0381829, -2.00312, 1.0)]])
2.78305, -0.0381829, -2.00312
float3(-0.0796499, -1.29696, -1.60029)
88344.597504541
normal
simd_float4x4([[-0.0848639, -0.996392, -0.000598476, 0.0)], [0.283841, -0.0247508, 0.958552, 0.0)], [-0.955109, 0.0811765, 0.284917, 0.0)], [2.87353, -0.0352691, -2.0069, 1.0)]])
2.87353, -0.0352691, -2.0069
float3(-0.081266, -1.28089, -1.59563)
88344.797617583
normal
simd_float4x4([[-0.0663352, -0.997746, 0.0101156, 0.0)], [0.289111, -0.00951653, 0.957248, 0.0)], [-0.954994, 0.0664238, 0.289091, 0.0)], [2.94343, -0.0330895, -2.00965, 1.0)]])
2.94343, -0.0330895, -2.00965
float3(-0.0664727, -1.27685, -1.58033)
88344.997730875
normal
simd_float4x4([[-0.0768905, -0.996106, 0.0431333, 0.0)], [0.274015, 0.0204836, 0.961507, 0.0)], [-0.958647, 0.0857499, 0.271373, 0.0)], [3.0049, -0.0343185, -2.02346, 1.0)]])
3.0049, -0.0343185, -2.02346
float3(-0.0858554, -1.29493, -1.55024)
88345.214520166
normal
simd_float4x4([[-0.0892065, -0.994525, 0.0544346, 0.0)], [0.256822, 0.029837, 0.965998, 0.0)], [-0.962333, 0.100153, 0.252754, 0.0)], [3.07975, -0.0489888, -2.04963, 1.0)]])
3.07975, -0.0489888, -2.04963
float3(-0.100321, -1.31395, -1.5408)
88345.414633416
normal
simd_float4x4([[-0.0758284, -0.995898, 0.0493689, 0.0)], [0.214299, 0.0320776, 0.976241, 0.0)], [-0.97382, 0.0846066, 0.210987, 0.0)], [3.16543, -0.0553742, -2.07993, 1.0)]])
3.16543, -0.0553742, -2.07993
float3(-0.0847078, -1.35743, -1.5386)
88345.61474675
normal
simd_float4x4([[-0.0685585, -0.997115, 0.0325919, 0.0)], [0.183822, 0.0194839, 0.982766, 0.0)], [-0.980566, 0.0733681, 0.181955, 0.0)], [3.2503, -0.0553616, -2.11223, 1.0)]])
3.2503, -0.0553616, -2.11223
float3(-0.0734341, -1.38732, -1.55126)
88345.814859958
normal
simd_float4x4([[-0.0741088, -0.997222, 0.00748191, 0.0)], [0.185225, -0.00639225, 0.982675, 0.0)], [-0.979898, 0.0742108, 0.185184, 0.0)], [3.32073, -0.0506756, -2.13704, 1.0)]])
3.32073, -0.0506756, -2.13704
float3(-0.0742791, -1.38402, -1.57721)
88346.014973208
normal
simd_float4x4([[-0.0788896, -0.996882, 0.00150064, 0.0)], [0.204752, -0.0147301, 0.978703, 0.0)], [-0.975629, 0.0775168, 0.205276, 0.0)], [3.38956, -0.0526425, -2.15471, 1.0)]])
3.38956, -0.0526425, -2.15471
float3(-0.0775946, -1.36342, -1.58557)
88346.215086375
normal
simd_float4x4([[-0.0806528, -0.996724, 0.00599522, 0.0)], [0.234127, -0.0130979, 0.972118, 0.0)], [-0.968855, 0.0798076, 0.234417, 0.0)], [3.47718, -0.0605777, -2.1696, 1.0)]])
3.47718, -0.0605777, -2.1696
float3(-0.0798926, -1.33341, -1.58394)
88346.415199458
normal
simd_float4x4([[-0.062437, -0.997874, 0.0186751, 0.0)], [0.269893, 0.00113314, 0.96289, 0.0)], [-0.960864, 0.0651603, 0.269248, 0.0)], [3.57254, -0.0555237, -2.17898, 1.0)]])
3.57254, -0.0555237, -2.17898
float3(-0.0652065, -1.29759, -1.56966)
88346.631988833
normal
simd_float4x4([[-0.0532271, -0.997987, 0.0344756, 0.0)], [0.298348, 0.0170544, 0.954305, 0.0)], [-0.952972, 0.0610806, 0.29684, 0.0)], [3.67214, -0.0526039, -2.19055, 1.0)]])
3.67214, -0.0526039, -2.19055
float3(-0.0611186, -1.26883, -1.55371)
88346.832102125
normal
simd_float4x4([[-0.0714166, -0.996196, 0.0499348, 0.0)], [0.31365, 0.0250941, 0.949207, 0.0)], [-0.946849, 0.0834512, 0.310665, 0.0)], [3.76521, -0.0552939, -2.21123, 1.0)]])
3.76521, -0.0552939, -2.21123
float3(-0.0835484, -1.25376, -1.54561)
88347.032215375
normal
simd_float4x4([[-0.069047, -0.996841, 0.0392508, 0.0)], [0.295087, 0.0171762, 0.955316, 0.0)], [-0.952972, 0.0775441, 0.292969, 0.0)], [3.86222, -0.0674005, -2.2358, 1.0)]])
3.86222, -0.0674005, -2.2358
float3(-0.077622, -1.27254, -1.55357)
88347.232328458
normal
simd_float4x4([[-0.0504688, -0.998204, 0.0322751, 0.0)], [0.245612, 0.0189188, 0.969183, 0.0)], [-0.968053, 0.0568407, 0.244216, 0.0)], [3.9579, -0.0791994, -2.27456, 1.0)]])
3.9579, -0.0791994, -2.27456
float3(-0.0568714, -1.32368, -1.55185)
88347.432441666
normal
simd_float4x4([[-0.0454838, -0.998946, 0.00624314, 0.0)], [0.22974, -0.00437798, 0.973242, 0.0)], [-0.972189, 0.0457011, 0.229697, 0.0)], [4.04211, -0.0773209, -2.30751, 1.0)]])
4.04211, -0.0773209, -2.30751
float3(-0.045717, -1.33878, -1.57518)
88347.63255475
normal
simd_float4x4([[-0.0788185, -0.996863, -0.00726944, 0.0)], [0.238627, -0.0259466, 0.970765, 0.0)], [-0.967907, 0.0747795, 0.239924, 0.0)], [4.12739, -0.0745686, -2.33185, 1.0)]])
4.12739, -0.0745686, -2.33185
float3(-0.0748494, -1.32782, -1.59682)
88347.84934425
normal
simd_float4x4([[-0.0861684, -0.996167, -0.0150675, 0.0)], [0.259267, -0.0370241, 0.965096, 0.0)], [-0.961954, 0.0792542, 0.261463, 0.0)], [4.2305, -0.0784263, -2.34484, 1.0)]])
4.2305, -0.0784263, -2.34484
float3(-0.0793374, -1.3054, -1.60795)
88348.066133541
normal
simd_float4x4([[-0.0784989, -0.996914, 0.00080819, 0.0)], [0.290592, -0.0221063, 0.956591, 0.0)], [-0.953621, 0.0753262, 0.291431, 0.0)], [4.35065, -0.076762, -2.34919, 1.0)]])
4.35065, -0.076762, -2.34919
float3(-0.0753977, -1.27421, -1.59297)
88348.282922833
normal
simd_float4x4([[-0.0395525, -0.99888, 0.0259757, 0.0)], [0.327205, 0.0116152, 0.944882, 0.0)], [-0.944125, 0.0458719, 0.326379, 0.0)], [4.45439, -0.0685172, -2.35258, 1.0)]])
4.45439, -0.0685172, -2.35258
float3(-0.045888, -1.23796, -1.55917)
88348.483035916
normal
simd_float4x4([[-0.0877068, -0.995173, 0.0440333, 0.0)], [0.33181, 0.0124933, 0.943263, 0.0)], [-0.93926, 0.0973413, 0.329113, 0.0)], [4.5464, -0.0749603, -2.3657, 1.0)]])
4.5464, -0.0749603, -2.3657
float3(-0.0974957, -1.23377, -1.55824)
88348.699825416
normal
simd_float4x4([[-0.0856235, -0.994964, 0.0521097, 0.0)], [0.31802, 0.022273, 0.947822, 0.0)], [-0.94421, 0.0977278, 0.314511, 0.0)], [4.64015, -0.0825717, -2.39096, 1.0)]])
4.64015, -0.0825717, -2.39096
float3(-0.097884, -1.24926, -1.54841)
88348.899938541
normal
simd_float4x4([[-0.0477492, -0.99794, 0.0428434, 0.0)], [0.272053, 0.0282776, 0.961867, 0.0)], [-0.961097, 0.0575841, 0.270142, 0.0)], [4.7266, -0.0880898, -2.42189, 1.0)]])
4.7266, -0.0880898, -2.42189
float3(-0.0576159, -1.29679, -1.54247)
88349.116727875
normal
simd_float4x4([[-0.0288738, -0.999568, 0.00542593, 0.0)], [0.236688, -0.00156301, 0.971584, 0.0)], [-0.971156, 0.0293376, 0.236631, 0.0)], [4.81872, -0.0864722, -2.45996, 1.0)]])
4.81872, -0.0864722, -2.45996
float3(-0.0293418, -1.33179, -1.57236)
88349.316841041
normal
simd_float4x4([[-0.0355151, -0.999344, -0.00714572, 0.0)], [0.231183, -0.0151718, 0.972792, 0.0)], [-0.972262, 0.0328968, 0.231571, 0.0)], [4.89685, -0.0849732, -2.48964, 1.0)]])
4.89685, -0.0849732, -2.48964
float3(-0.0329027, -1.33698, -1.58598)
88349.533630416
normal
simd_float4x4([[-0.00618951, -0.999906, -0.0122773, 0.0)], [0.230495, -0.0133735, 0.972982, 0.0)], [-0.973054, 0.00319243, 0.230556, 0.0)], [4.98516, -0.0889608, -2.50401, 1.0)]])
4.98516, -0.0889608, -2.50401
float3(-0.00319244, -1.33815, -1.58417)
88349.750419583
normal
simd_float4x4([[-0.019059, -0.999813, 0.00318681, 0.0)], [0.275455, -0.00218677, 0.961311, 0.0)], [-0.961125, 0.0191994, 0.275445, 0.0)], [5.10479, -0.0988772, -2.51254, 1.0)]])
5.10479, -0.0988772, -2.51254
float3(-0.0192006, -1.29169, -1.57298)
88349.95053275
normal
simd_float4x4([[-0.0123104, -0.999799, 0.015849, 0.0)], [0.332313, 0.0108585, 0.943106, 0.0)], [-0.943089, 0.0168768, 0.332113, 0.0)], [5.2122, -0.0910747, -2.51028, 1.0)]])
5.2122, -0.0910747, -2.51028
float3(-0.0168776, -1.2322, -1.55994)
88350.167322166
normal
simd_float4x4([[-0.0088102, -0.999809, 0.0174534, 0.0)], [0.339559, 0.0134257, 0.940489, 0.0)], [-0.940543, 0.0142123, 0.339376, 0.0)], [5.30525, -0.08744, -2.50156, 1.0)]])
5.30525, -0.08744, -2.50156
float3(-0.0142128, -1.22451, -1.55737)
88350.367435333
normal
simd_float4x4([[-0.0192529, -0.99941, 0.0284575, 0.0)], [0.322252, 0.0207409, 0.946426, 0.0)], [-0.946458, 0.0273919, 0.321663, 0.0)], [5.38418, -0.0907303, -2.50243, 1.0)]])
5.38418, -0.0907303, -2.50243
float3(-0.0273954, -1.24318, -1.55005)
88350.584224541
normal
simd_float4x4([[-0.0315469, -0.998922, 0.0340687, 0.0)], [0.298253, 0.0231245, 0.954207, 0.0)], [-0.953965, 0.0402633, 0.297202, 0.0)], [5.48311, -0.102502, -2.51929, 1.0)]])
5.48311, -0.102502, -2.51929
float3(-0.0402742, -1.26878, -1.54765)
88350.78433775
normal
simd_float4x4([[-0.00795887, -0.99961, 0.0267621, 0.0)], [0.27538, 0.0235371, 0.961047, 0.0)], [-0.961303, 0.0150186, 0.275085, 0.0)], [5.58444, -0.106318, -2.54799, 1.0)]])
5.58444, -0.106318, -2.54799
float3(-0.0150191, -1.29209, -1.54725)
88350.984450833
normal
simd_float4x4([[-0.00874768, -0.999957, 0.00313241, 0.0)], [0.263882, 0.000713058, 0.964555, 0.0)], [-0.964515, 0.00926421, 0.263864, 0.0)], [5.69498, -0.104212, -2.57823, 1.0)]])
5.69498, -0.104212, -2.57823
float3(-0.00926434, -1.30376, -1.57008)
88351.184564291
normal
simd_float4x4([[-0.0351369, -0.999383, 0.000516872, 0.0)], [0.270863, -0.00902532, 0.962576, 0.0)], [-0.961976, 0.0339619, 0.271013, 0.0)], [5.80216, -0.103887, -2.59989, 1.0)]])
5.80216, -0.103887, -2.59989
float3(-0.0339684, -1.29619, -1.57983)
88351.384677458
normal
simd_float4x4([[-0.0454999, -0.99896, -0.00283297, 0.0)], [0.281727, -0.0155526, 0.959368, 0.0)], [-0.958415, 0.042853, 0.282142, 0.0)], [5.90717, -0.112019, -2.6098, 1.0)]])
5.90717, -0.112019, -2.6098
float3(-0.0428662, -1.2845, -1.58636)
88351.584790708
normal
simd_float4x4([[0.0173296, -0.999808, 0.00914282, 0.0)], [0.286605, 0.0137278, 0.95795, 0.0)], [-0.957892, -0.0139805, 0.286788, 0.0)], [6.00233, -0.110636, -2.61367, 1.0)]])
6.00233, -0.110636, -2.61367
float3(0.013981, -1.27989, -1.55707)
88351.784903791
normal
simd_float4x4([[0.05873, -0.998067, 0.0203268, 0.0)], [0.304249, 0.037289, 0.951862, 0.0)], [-0.95078, -0.0497185, 0.305851, 0.0)], [6.09142, -0.10015, -2.60932, 1.0)]])
6.09142, -0.10015, -2.60932
float3(0.049739, -1.25957, -1.53345)
88351.985017083
normal
simd_float4x4([[0.0538469, -0.998008, 0.032869, 0.0)], [0.311072, 0.0480443, 0.949171, 0.0)], [-0.948859, -0.0408853, 0.31304, 0.0)], [6.17049, -0.0986745, -2.61844, 1.0)]])
6.17049, -0.0986745, -2.61844
float3(0.0408967, -1.25213, -1.52269)
88352.201806375
normal
simd_float4x4([[0.0571736, -0.99803, 0.0258277, 0.0)], [0.300996, 0.0418977, 0.952705, 0.0)], [-0.95191, -0.0466955, 0.302798, 0.0)], [6.25948, -0.104882, -2.64002, 1.0)]])
6.25948, -0.104882, -2.64002
float3(0.0467125, -1.26282, -1.52884)
88352.418595791
normal
simd_float4x4([[0.0755396, -0.997053, 0.0133956, 0.0)], [0.253483, 0.0321938, 0.966804, 0.0)], [-0.964386, -0.0696364, 0.255168, 0.0)], [6.36263, -0.112768, -2.68047, 1.0)]])
6.36263, -0.112768, -2.68047
float3(0.0696928, -1.31213, -1.53852)
88352.635384875
normal
simd_float4x4([[0.0894789, -0.99547, -0.0321323, 0.0)], [0.222103, -0.0115062, 0.974955, 0.0)], [-0.970909, -0.0943747, 0.220067, 0.0)], [6.4604, -0.108435, -2.72683, 1.0)]])
6.4604, -0.108435, -2.72683
float3(0.0945153, -1.3479, -1.58235)
88352.852174125
normal
simd_float4x4([[0.0523942, -0.998213, -0.0287431, 0.0)], [0.227751, -0.0160798, 0.973587, 0.0)], [-0.972309, -0.0575565, 0.226501, 0.0)], [6.55751, -0.109258, -2.77169, 1.0)]])
6.55751, -0.109258, -2.77169
float3(0.0575884, -1.34193, -1.5869)
88353.068963416
normal
simd_float4x4([[0.0499239, -0.998146, -0.0348321, 0.0)], [0.244754, -0.0215853, 0.969345, 0.0)], [-0.968299, -0.0569188, 0.243223, 0.0)], [6.65862, -0.112343, -2.79711, 1.0)]])
6.65862, -0.112343, -2.79711
float3(0.0569495, -1.3247, -1.59242)
88353.269076625
normal
simd_float4x4([[0.0567212, -0.998211, -0.0188968, 0.0)], [0.27058, -0.00284933, 0.962693, 0.0)], [-0.961025, -0.0597183, 0.269934, 0.0)], [6.76882, -0.118196, -2.81357, 1.0)]])
6.76882, -0.118196, -2.81357
float3(0.0597538, -1.29697, -1.57365)
88353.469189833
normal
simd_float4x4([[0.0623434, -0.998035, -0.00628684, 0.0)], [0.293443, 0.0123089, 0.955897, 0.0)], [-0.953942, -0.0614387, 0.293634, 0.0)], [6.87973, -0.113146, -2.81885, 1.0)]])
6.87973, -0.113146, -2.81885
float3(0.0614775, -1.27219, -1.55846)
88353.669303083
normal
simd_float4x4([[0.050656, -0.998713, -0.0023803, 0.0)], [0.301903, 0.013041, 0.953249, 0.0)], [-0.951992, -0.0490064, 0.302175, 0.0)], [6.97157, -0.11129, -2.82086, 1.0)]])
6.97157, -0.11129, -2.82086
float3(0.049026, -1.26344, -1.55774)
88353.869416291
normal
simd_float4x4([[0.054094, -0.998389, 0.0171242, 0.0)], [0.295925, 0.0324078, 0.954661, 0.0)], [-0.953678, -0.0465739, 0.297201, 0.0)], [7.04765, -0.111233, -2.83576, 1.0)]])
7.04765, -0.111233, -2.83576
float3(0.0465908, -1.2687, -1.53835)
88354.086205416
normal
simd_float4x4([[0.0452622, -0.998594, 0.0276123, 0.0)], [0.273205, 0.0389607, 0.961166, 0.0)], [-0.96089, -0.0359607, 0.274584, 0.0)], [7.14462, -0.120521, -2.86685, 1.0)]])
7.14462, -0.120521, -2.86685
float3(0.0359685, -1.29245, -1.5318)
88354.286318666
normal
simd_float4x4([[0.0748339, -0.997174, 0.00662203, 0.0)], [0.234976, 0.0240869, 0.971703, 0.0)], [-0.969116, -0.0711603, 0.236115, 0.0)], [7.2384, -0.120758, -2.90351, 1.0)]])
7.2384, -0.120758, -2.90351
float3(0.0712205, -1.33181, -1.54665)
88354.486432041
normal
simd_float4x4([[0.0750668, -0.996872, -0.0247095, 0.0)], [0.222078, -0.0074444, 0.975, 0.0)], [-0.972135, -0.0786776, 0.220825, 0.0)], [7.33647, -0.119778, -2.94004, 1.0)]])
7.33647, -0.119778, -2.94004
float3(0.078759, -1.34743, -1.57826)
88354.686545166
normal
simd_float4x4([[0.0604388, -0.997797, -0.0273487, 0.0)], [0.238175, -0.0121914, 0.971146, 0.0)], [-0.96934, -0.0652087, 0.236913, 0.0)], [7.43258, -0.118229, -2.96841, 1.0)]])
7.43258, -0.118229, -2.96841
float3(0.065255, -1.33109, -1.58301)
88354.9033345
normal
simd_float4x4([[0.0484902, -0.998603, -0.0210216, 0.0)], [0.274636, -0.00690523, 0.961523, 0.0)], [-0.960325, -0.0523978, 0.273917, 0.0)], [7.54372, -0.129545, -2.98244, 1.0)]])
7.54372, -0.129545, -2.98244
float3(0.0524218, -1.29294, -1.57771)
88355.120123708
normal
simd_float4x4([[0.0405244, -0.999174, -0.0031023, 0.0)], [0.300272, 0.00921697, 0.953809, 0.0)], [-0.952992, -0.0395841, 0.300397, 0.0)], [7.66754, -0.129609, -2.98362, 1.0)]])
7.66754, -0.129609, -2.98362
float3(0.0395945, -1.26544, -1.56157)
88355.336912958
normal
simd_float4x4([[0.0524265, -0.998613, 0.00482938, 0.0)], [0.318031, 0.0212803, 0.947841, 0.0)], [-0.946629, -0.0481561, 0.318706, 0.0)], [7.76892, -0.124888, -2.98119, 1.0)]])
7.76892, -0.124888, -2.98119
float3(0.0481747, -1.24604, -1.54949)
88355.553702333
normal
simd_float4x4([[0.0372559, -0.998927, 0.0275279, 0.0)], [0.327416, 0.0382285, 0.944107, 0.0)], [-0.944145, -0.0261605, 0.328489, 0.0)], [7.85754, -0.120795, -2.99298, 1.0)]])
7.85754, -0.120795, -2.99298
float3(0.0261635, -1.23597, -1.53255)
88355.753815458
normal
simd_float4x4([[0.0255447, -0.999057, 0.0351171, 0.0)], [0.316952, 0.0414103, 0.947537, 0.0)], [-0.948097, -0.0130742, 0.317711, 0.0)], [7.94013, -0.128793, -3.01765, 1.0)]])
7.94013, -0.128793, -3.01765
float3(0.0130745, -1.24745, -1.52937)
88355.953928708
normal
simd_float4x4([[0.0554482, -0.998124, 0.0259683, 0.0)], [0.284356, 0.0407173, 0.957854, 0.0)], [-0.957114, -0.045727, 0.28608, 0.0)], [8.03012, -0.135097, -3.05643, 1.0)]])
8.03012, -0.135097, -3.05643
float3(0.045743, -1.28035, -1.53003)
88356.170717958
normal
simd_float4x4([[0.0570792, -0.998285, -0.0130466, 0.0)], [0.274155, 0.0031072, 0.96168, 0.0)], [-0.95999, -0.0584687, 0.273862, 0.0)], [8.13408, -0.135169, -3.10806, 1.0)]])
8.13408, -0.135169, -3.10806
float3(0.0585021, -1.2929, -1.56768)
88356.37083125
normal
simd_float4x4([[0.00616613, -0.999878, -0.0143516, 0.0)], [0.298779, -0.0118541, 0.954249, 0.0)], [-0.954302, -0.010172, 0.298669, 0.0)], [8.22249, -0.142499, -3.15599, 1.0)]])
8.22249, -0.142499, -3.15599
float3(0.0101721, -1.26748, -1.58265)
88356.570944333
normal
simd_float4x4([[-0.0188053, -0.999659, -0.0181383, 0.0)], [0.3396, -0.0234493, 0.940278, 0.0)], [-0.940382, 0.0115225, 0.339925, 0.0)], [8.31211, -0.157801, -3.19238, 1.0)]])
8.31211, -0.157801, -3.19238
float3(-0.0115227, -1.22394, -1.59425)
88356.771057625
normal
simd_float4x4([[-0.0159968, -0.999617, -0.022583, 0.0)], [0.379539, -0.0269661, 0.924783, 0.0)], [-0.925038, 0.00622244, 0.379825, 0.0)], [8.42625, -0.174739, -3.21469, 1.0)]])
8.42625, -0.174739, -3.21469
float3(-0.00622248, -1.18118, -1.59777)
88356.971170708
normal
simd_float4x4([[-0.0385052, -0.999259, 3.8258e-05, 0.0)], [0.408893, -0.0157213, 0.912447, 0.0)], [-0.91177, 0.0351496, 0.409195, 0.0)], [8.55999, -0.178358, -3.23206, 1.0)]])
8.55999, -0.178358, -3.23206
float3(-0.0351569, -1.14895, -1.58653)
88357.171284041
normal
simd_float4x4([[-0.0936426, -0.995598, 0.00394254, 0.0)], [0.435241, -0.0373751, 0.899538, 0.0)], [-0.895431, 0.085951, 0.436825, 0.0)], [8.67307, -0.177717, -3.25069, 1.0)]])
8.67307, -0.177717, -3.25069
float3(-0.0860572, -1.11693, -1.60832)
88357.37139725
normal
simd_float4x4([[-0.140641, -0.98476, 0.10231, 0.0)], [0.43768, 0.0308506, 0.898602, 0.0)], [-0.888063, 0.171159, 0.426671, 0.0)], [8.7656, -0.189062, -3.29333, 1.0)]])
8.7656, -0.189062, -3.29333
float3(-0.172006, -1.12291, -1.53948)
88357.588186541
normal
simd_float4x4([[-0.1524, -0.979723, 0.130067, 0.0)], [0.366256, 0.0662476, 0.928153, 0.0)], [-0.917949, 0.189089, 0.348733, 0.0)], [8.8635, -0.209978, -3.32737, 1.0)]])
8.8635, -0.209978, -3.32737
float3(-0.190234, -1.20773, -1.50328)
88357.804975666
normal
simd_float4x4([[-0.0816821, -0.992541, 0.0905014, 0.0)], [0.2094, 0.0716874, 0.975199, 0.0)], [-0.974412, 0.0986073, 0.201982, 0.0)], [8.96258, -0.197194, -3.34975, 1.0)]])
8.96258, -0.197194, -3.34975
float3(-0.0987678, -1.3664, -1.4987)
88358.005088916
normal
simd_float4x4([[-0.0521683, -0.996701, 0.0621777, 0.0)], [0.0756459, 0.0581396, 0.995438, 0.0)], [-0.995769, 0.0566338, 0.0723633, 0.0)], [9.04884, -0.181825, -3.36996, 1.0)]])
9.04884, -0.181825, -3.36996
float3(-0.0566641, -1.49825, -1.51253)
88358.205202375
normal
simd_float4x4([[-0.0633316, -0.995315, 0.0730592, 0.0)], [-0.0186136, 0.0743714, 0.997057, 0.0)], [-0.997819, 0.0617854, -0.0232365, 0.0)], [9.13123, -0.171551, -3.3834, 1.0)]])
9.13123, -0.171551, -3.3834
float3(-0.0618247, -1.59408, -1.49621)
88358.405315416
normal
simd_float4x4([[-0.0442059, -0.996065, 0.0768183, 0.0)], [-0.0502656, 0.0790137, 0.995605, 0.0)], [-0.997757, 0.0401503, -0.0535606, 0.0)], [9.21801, -0.178504, -3.38804, 1.0)]])
9.21801, -0.178504, -3.38804
float3(-0.0401611, -1.62443, -1.49164)
88358.62210475
normal
simd_float4x4([[-0.0370699, -0.998244, 0.046198, 0.0)], [-0.0735928, 0.0488313, 0.996092, 0.0)], [-0.996599, 0.0335252, -0.0752737, 0.0)], [9.32104, -0.175779, -3.36058, 1.0)]])
9.32104, -0.175779, -3.36058
float3(-0.0335315, -1.64618, -1.52192)
88358.822217958
normal
simd_float4x4([[-0.0244467, -0.998958, 0.0385405, 0.0)], [-0.147105, 0.041727, 0.98824, 0.0)], [-0.988819, 0.0184897, -0.147972, 0.0)], [9.38343, -0.170201, -3.3303, 1.0)]])
9.38343, -0.170201, -3.3303
float3(-0.0184908, -1.71934, -1.52905)
88359.022331166
normal
simd_float4x4([[-0.0216353, -0.997766, 0.0632121, 0.0)], [-0.253701, 0.0666365, 0.964984, 0.0)], [-0.967041, 0.00484077, -0.254576, 0.0)], [9.41471, -0.160937, -3.30733, 1.0)]])
9.41471, -0.160937, -3.30733
float3(-0.00484079, -1.82821, -1.50411)
88359.222444416
normal
simd_float4x4([[-0.0379789, -0.997509, 0.0594488, 0.0)], [-0.402561, 0.0697235, 0.912734, 0.0)], [-0.914605, 0.0107328, -0.404206, 0.0)], [9.44482, -0.155084, -3.28596, 1.0)]])
9.44482, -0.155084, -3.28596
float3(-0.010733, -1.98693, -1.50101)
88359.439233583
normal
simd_float4x4([[-0.0216901, -0.998734, 0.0453818, 0.0)], [-0.595712, 0.0493652, 0.801679, 0.0)], [-0.802905, -0.00964598, -0.596029, 0.0)], [9.47719, -0.153908, -3.27972, 1.0)]])
9.47719, -0.153908, -3.27972
float3(0.00964613, -2.20938, -1.52141)
88359.639346875
normal
simd_float4x4([[0.0193154, -0.999678, 0.0164905, 0.0)], [-0.749104, -0.00354635, 0.662443, 0.0)], [-0.662171, -0.0251484, -0.748931, 0.0)], [9.50812, -0.153126, -3.29439, 1.0)]])
9.50812, -0.153126, -3.29439
float3(0.0251511, -2.4176, -1.57434)
88359.839460083
normal
simd_float4x4([[0.0105338, -0.999938, 0.00375355, 0.0)], [-0.833269, -0.00670286, 0.552827, 0.0)], [-0.552767, -0.0089511, -0.833288, 0.0)], [9.54816, -0.160048, -3.32382, 1.0)]])
9.54816, -0.160048, -3.32382
float3(0.00895122, -2.55588, -1.5775)
88360.056249375
normal
simd_float4x4([[-0.0240327, -0.99951, 0.0200462, 0.0)], [-0.883444, 0.0306189, 0.467534, 0.0)], [-0.467919, -0.0064736, -0.883747, 0.0)], [9.5738, -0.158117, -3.35686, 1.0)]])
9.5738, -0.158117, -3.35686
float3(0.00647364, -2.65465, -1.54017)
88360.2563625
normal
simd_float4x4([[-0.0433073, -0.997358, 0.0583328, 0.0)], [-0.90331, 0.0640329, 0.424183, 0.0)], [-0.426797, -0.0343224, -0.903696, 0.0)], [9.58953, -0.147073, -3.37766, 1.0)]])
9.58953, -0.147073, -3.37766
float3(0.0343291, -2.70037, -1.50668)
88360.47315175
normal
simd_float4x4([[-0.0411057, -0.996616, 0.0711785, 0.0)], [-0.907577, 0.0670369, 0.414499, 0.0)], [-0.417868, -0.0475617, -0.907262, 0.0)], [9.58938, -0.141875, -3.38586, 1.0)]])
9.58938, -0.141875, -3.38586
float3(0.0475796, -2.70997, -1.50363)
88360.689941
normal
simd_float4x4([[-0.0344611, -0.997066, 0.0683561, 0.0)], [-0.905444, 0.0601015, 0.420189, 0.0)], [-0.423065, -0.0474124, -0.904858, 0.0)], [9.58053, -0.142279, -3.36054, 1.0)]])
9.58053, -0.142279, -3.36054
float3(0.0474302, -2.70424, -1.51059)
88360.90673025
normal
simd_float4x4([[-0.0247588, -0.997258, 0.0697416, 0.0)], [-0.902875, 0.0522572, 0.426714, 0.0)], [-0.429189, -0.0524031, -0.901693, 0.0)], [9.58011, -0.139832, -3.35256, 1.0)]])
9.58011, -0.139832, -3.35256
float3(0.0524271, -2.69734, -1.51844)
88361.106843583
normal
simd_float4x4([[-0.0248002, -0.997465, 0.0666997, 0.0)], [-0.89811, 0.0515344, 0.43674, 0.0)], [-0.43907, -0.0490724, -0.897112, 0.0)], [9.58441, -0.139322, -3.34679, 1.0)]])
9.58441, -0.139322, -3.34679
float3(0.0490922, -2.68644, -1.51918)
88361.306956791
normal
simd_float4x4([[-0.0225673, -0.99758, 0.0657668, 0.0)], [-0.894809, 0.0494937, 0.443697, 0.0)], [-0.445879, -0.0488357, -0.89376, 0.0)], [9.58447, -0.140212, -3.34767, 1.0)]])
9.58447, -0.140212, -3.34767
float3(0.0488551, -2.67884, -1.52122)
88361.507069916
normal
simd_float4x4([[-0.0223228, -0.998117, 0.0571287, 0.0)], [-0.894782, 0.0454353, 0.444184, 0.0)], [-0.445944, -0.0412023, -0.894112, 0.0)], [9.58766, -0.142018, -3.34534, 1.0)]])
9.58766, -0.142018, -3.34534
float3(0.041214, -2.67894, -1.52531)
88361.723859291
normal
simd_float4x4([[-0.0160529, -0.998347, 0.0551804, 0.0)], [-0.903442, 0.0381285, 0.42701, 0.0)], [-0.428409, -0.0429975, -0.902561, 0.0)], [9.59686, -0.14181, -3.34656, 1.0)]])
9.59686, -0.14181, -3.34656
float3(0.0430108, -2.69842, -1.53262)
88361.923972416
normal
simd_float4x4([[-0.019485, -0.998575, 0.0496758, 0.0)], [-0.920641, 0.0372971, 0.388625, 0.0)], [-0.389924, -0.0381612, -0.920056, 0.0)], [9.60939, -0.147905, -3.35507, 1.0)]])
9.60939, -0.147905, -3.35507
float3(0.0381705, -2.74073, -1.53346)
88362.124085791
normal
simd_float4x4([[-0.0439519, -0.998403, 0.0354864, 0.0)], [-0.931288, 0.0538032, 0.360288, 0.0)], [-0.361622, -0.0172127, -0.932166, 0.0)], [9.6213, -0.154694, -3.35973, 1.0)]])
9.6213, -0.154694, -3.35973
float3(0.0172135, -2.77153, -1.51696)
88362.324198916
normal
simd_float4x4([[-0.0436902, -0.99794, 0.0469742, 0.0)], [-0.924678, 0.0581945, 0.376275, 0.0)], [-0.378234, -0.0269965, -0.925316, 0.0)], [9.63444, -0.153874, -3.37706, 1.0)]])
9.63444, -0.153874, -3.37706
float3(0.0269998, -2.75356, -1.51255)
88362.540988125
normal
simd_float4x4([[-0.038895, -0.997472, 0.0594747, 0.0)], [-0.918556, 0.059122, 0.390844, 0.0)], [-0.393372, -0.039429, -0.918534, 0.0)], [9.64457, -0.150894, -3.38287, 1.0)]])
9.64457, -0.150894, -3.38287
float3(0.0394392, -2.73696, -1.51159)
88362.7411015
normal
simd_float4x4([[-0.0429225, -0.997319, 0.0592628, 0.0)], [-0.920135, 0.0625715, 0.386571, 0.0)], [-0.389242, -0.0379372, -0.920354, 0.0)], [9.65307, -0.149626, -3.38126, 1.0)]])
9.65307, -0.149626, -3.38126
float3(0.0379463, -2.74148, -1.50814)
88362.941214708
normal
simd_float4x4([[-0.0432736, -0.997313, 0.0591063, 0.0)], [-0.921545, 0.0626952, 0.383176, 0.0)], [-0.385853, -0.0378877, -0.921782, 0.0)], [9.66103, -0.147484, -3.37933, 1.0)]])
9.66103, -0.147484, -3.37933
float3(0.0378968, -2.74516, -1.50801)
88363.141327833
normal
simd_float4x4([[-0.0423319, -0.997481, 0.056927, 0.0)], [-0.920683, 0.0610737, 0.385504, 0.0)], [-0.388009, -0.0360927, -0.920949, 0.0)], [9.67063, -0.146705, -3.37135, 1.0)]])
9.67063, -0.146705, -3.37135
float3(0.0361005, -2.74285, -1.50964)
88363.358117083
normal
simd_float4x4([[-0.0357134, -0.997998, 0.0522031, 0.0)], [-0.914681, 0.0536861, 0.400594, 0.0)], [-0.402595, -0.0334426, -0.914767, 0.0)], [9.67374, -0.14728, -3.35719, 1.0)]])
9.67374, -0.14728, -3.35719
float3(0.0334488, -2.727, -1.51705)
88363.574906333
normal
simd_float4x4([[-0.0315485, -0.998663, 0.0409613, 0.0)], [-0.910241, 0.0456357, 0.411557, 0.0)], [-0.412876, -0.0243007, -0.910463, 0.0)], [9.67877, -0.148375, -3.32812, 1.0)]])
9.67877, -0.148375, -3.32812
float3(0.0243031, -2.71585, -1.52513)
88363.775019666
normal
simd_float4x4([[-0.0208138, -0.999447, 0.0259398, 0.0)], [-0.90694, 0.0297934, 0.420206, 0.0)], [-0.420746, -0.0147798, -0.907058, 0.0)], [9.68545, -0.151857, -3.27628, 1.0)]])
9.68545, -0.151857, -3.27628
float3(0.0147803, -2.70727, -1.541)
88363.99180875
normal
simd_float4x4([[-0.00543449, -0.999858, 0.0159609, 0.0)], [-0.912815, 0.0114777, 0.408211, 0.0)], [-0.408336, -0.012351, -0.912748, 0.0)], [9.69718, -0.15454, -3.19489, 1.0)]])
9.69718, -0.15454, -3.19489
float3(0.0123513, -2.72093, -1.55932)
88364.208598125
normal
simd_float4x4([[0.00337425, -0.999555, 0.0296254, 0.0)], [-0.903783, 0.0096309, 0.427883, 0.0)], [-0.427978, -0.0282187, -0.903348, 0.0)], [9.71064, -0.146703, -3.10575, 1.0)]])
9.71064, -0.146703, -3.10575
float3(0.0282225, -2.69915, -1.56116)
88364.425387416
normal
simd_float4x4([[-0.00573937, -0.998479, 0.0548406, 0.0)], [-0.898018, 0.0292727, 0.438983, 0.0)], [-0.43992, -0.0467284, -0.89682, 0.0)], [9.71733, -0.138205, -3.02283, 1.0)]])
9.71733, -0.138205, -3.02283
float3(0.0467454, -2.68555, -1.54149)
88364.642176708
normal
simd_float4x4([[-0.015857, -0.998796, 0.0464235, 0.0)], [-0.899501, 0.0345249, 0.435552, 0.0)], [-0.436631, -0.0348514, -0.898966, 0.0)], [9.72281, -0.139068, -2.96095, 1.0)]])
9.72281, -0.139068, -2.96095
float3(0.0348584, -2.68945, -1.53624)
88364.842289833
normal
simd_float4x4([[-0.00699666, -0.998525, 0.0538437, 0.0)], [-0.89772, 0.029992, 0.439544, 0.0)], [-0.44051, -0.0452612, -0.896606, 0.0)], [9.7258, -0.138534, -2.93227, 1.0)]])
9.7258, -0.138534, -2.93227
float3(0.0452767, -2.68492, -1.54077)
88365.059079208
normal
simd_float4x4([[-0.00916271, -0.998886, 0.0462929, 0.0)], [-0.898757, 0.0285209, 0.437519, 0.0)], [-0.438352, -0.0375972, -0.898017, 0.0)], [9.72786, -0.145754, -2.91633, 1.0)]])
9.72786, -0.145754, -2.91633
float3(0.0376061, -2.68748, -1.54225)
88365.259192375
normal
simd_float4x4([[-0.00967886, -0.998371, 0.0562245, 0.0)], [-0.89257, 0.0339744, 0.449627, 0.0)], [-0.450805, -0.0458324, -0.891445, 0.0)], [9.73071, -0.143862, -2.91263, 1.0)]])
9.73071, -0.143862, -2.91263
float3(0.0458485, -2.67339, -1.53678)
88365.459305583
normal
simd_float4x4([[-0.012055, -0.998553, 0.0524094, 0.0)], [-0.888708, 0.0347229, 0.457157, 0.0)], [-0.458315, -0.0410656, -0.887841, 0.0)], [9.73327, -0.143328, -2.90852, 1.0)]])
9.73327, -0.143328, -2.90852
float3(0.0410772, -2.66506, -1.53604)
88365.659418875
normal
simd_float4x4([[-0.0112991, -0.998941, 0.0446115, 0.0)], [-0.888915, 0.0304663, 0.457059, 0.0)], [-0.457934, -0.0344915, -0.888317, 0.0)], [9.73244, -0.142357, -2.91106, 1.0)]])
9.73244, -0.142357, -2.91106
float3(0.0344983, -2.66562, -1.54031)
88365.859532125
normal
simd_float4x4([[-0.00473545, -0.998975, 0.0450209, 0.0)], [-0.891333, 0.0246262, 0.45268, 0.0)], [-0.453324, -0.037985, -0.890536, 0.0)], [9.72999, -0.142087, -2.93298, 1.0)]])
9.72999, -0.142087, -2.93298
float3(0.0379941, -2.67073, -1.54615)
88366.059645125
normal
simd_float4x4([[-0.00557076, -0.999303, 0.0369194, 0.0)], [-0.896176, 0.0213693, 0.443183, 0.0)], [-0.443663, -0.0306174, -0.895671, 0.0)], [9.73167, -0.143178, -2.97037, 1.0)]])
9.73167, -0.143178, -2.97037
float3(0.0306222, -2.68168, -1.54942)
88366.259758291
normal
simd_float4x4([[-0.0107477, -0.99928, 0.0363816, 0.0)], [-0.906718, 0.0250795, 0.42099, 0.0)], [-0.4216, -0.0284632, -0.906335, 0.0)], [9.73466, -0.143399, -3.03337, 1.0)]])
9.73466, -0.143399, -3.03337
float3(0.0284671, -2.7062, -1.5457)
88366.476547625
normal
simd_float4x4([[-0.0140541, -0.999664, 0.0217853, 0.0)], [-0.918469, 0.0215186, 0.394907, 0.0)], [-0.395243, -0.0144591, -0.918463, 0.0)], [9.74142, -0.146482, -3.11755, 1.0)]])
9.74142, -0.146482, -3.11755
float3(0.0144596, -2.73522, -1.54927)
88366.676660916
normal
simd_float4x4([[-0.0278101, -0.999566, 0.00973945, 0.0)], [-0.924526, 0.0294248, 0.379982, 0.0)], [-0.380103, 0.00156298, -0.924942, 0.0)], [9.75025, -0.157735, -3.20493, 1.0)]])
9.75025, -0.157735, -3.20493
float3(-0.00156298, -2.75168, -1.54137)
88366.876774083
normal
simd_float4x4([[-0.0467119, -0.998554, -0.0266301, 0.0)], [-0.929624, 0.033701, 0.366964, 0.0)], [-0.365536, 0.0418976, -0.929854, 0.0)], [9.74986, -0.165219, -3.28334, 1.0)]])
9.74986, -0.165219, -3.28334
float3(-0.0419099, -2.76704, -1.53706)
88367.076887416
normal
simd_float4x4([[-0.0540333, -0.99835, -0.0194344, 0.0)], [-0.928262, 0.0430485, 0.369428, 0.0)], [-0.367982, 0.0380017, -0.929056, 0.0)], [9.73903, -0.159868, -3.35538, 1.0)]])
9.73903, -0.159868, -3.35538
float3(-0.0380108, -2.76447, -1.5277)
88367.277000583
normal
simd_float4x4([[-0.0763854, -0.997076, 0.00230474, 0.0)], [-0.915641, 0.0710614, 0.395666, 0.0)], [-0.394672, 0.0281128, -0.918392, 0.0)], [9.72153, -0.154604, -3.41673, 1.0)]])
9.72153, -0.154604, -3.41673
float3(-0.0281165, -2.73571, -1.49965)
88367.477113708
normal
simd_float4x4([[-0.0749787, -0.997166, -0.00625156, 0.0)], [-0.914676, 0.0662765, 0.398717, 0.0)], [-0.397172, 0.0356134, -0.917053, 0.0)], [9.68054, -0.153265, -3.4672, 1.0)]])
9.68054, -0.153265, -3.4672
float3(-0.035621, -2.73288, -1.50443)
88367.677227
normal
simd_float4x4([[-0.0769251, -0.996885, -0.0174105, 0.0)], [-0.919343, 0.0641618, 0.388191, 0.0)], [-0.385865, 0.0458679, -0.921414, 0.0)], [9.64598, -0.155275, -3.51318, 1.0)]])
9.64598, -0.155275, -3.51318
float3(-0.045884, -2.74501, -1.50652)
88367.877340166
normal
simd_float4x4([[-0.0697025, -0.997537, -0.00786314, 0.0)], [-0.920131, 0.0612449, 0.386791, 0.0)], [-0.385357, 0.0341955, -0.922134, 0.0)], [9.62766, -0.155338, -3.54446, 1.0)]])
9.62766, -0.155338, -3.54446
float3(-0.0342021, -2.74575, -1.50948)
88368.077453208
normal
simd_float4x4([[-0.0796203, -0.996783, -0.00920828, 0.0)], [-0.926641, 0.0706064, 0.369256, 0.0)], [-0.367418, 0.0379331, -0.929282, 0.0)], [9.6166, -0.153414, -3.55355, 1.0)]])
9.6166, -0.153414, -3.55355
float3(-0.0379422, -2.76508, -1.50008)
88368.294242541
normal
simd_float4x4([[-0.0922301, -0.995032, -0.0374959, 0.0)], [-0.929206, 0.072473, 0.362385, 0.0)], [-0.357867, 0.0682643, -0.931274, 0.0)], [9.6144, -0.154666, -3.54838, 1.0)]])
9.6144, -0.154666, -3.54838
float3(-0.0683174, -2.77471, -1.49809)
88368.511031791
normal
simd_float4x4([[-0.0573383, -0.997667, -0.0370541, 0.0)], [-0.925519, 0.0392021, 0.376666, 0.0)], [-0.374335, 0.0558917, -0.925608, 0.0)], [9.61141, -0.151665, -3.54913, 1.0)]])
9.61141, -0.151665, -3.54913
float3(-0.0559208, -2.75728, -1.53152)
88368.711144958
normal
simd_float4x4([[-0.0602393, -0.99713, -0.0458651, 0.0)], [-0.924126, 0.0383428, 0.380159, 0.0)], [-0.377309, 0.0652857, -0.923783, 0.0)], [9.61236, -0.154398, -3.55271, 1.0)]])
9.61236, -0.154398, -3.55271
float3(-0.0653322, -2.75383, -1.53236)
88368.927934375
normal
simd_float4x4([[-0.0461344, -0.996198, -0.0738969, 0.0)], [-0.92772, 0.0152972, 0.372962, 0.0)], [-0.370414, 0.085762, -0.924899, 0.0)], [9.6029, -0.158456, -3.55491, 1.0)]])
9.6029, -0.158456, -3.55491
float3(-0.0858675, -2.76066, -1.55544)
88369.128047458
normal
simd_float4x4([[-0.0238151, -0.999421, -0.0243168, 0.0)], [-0.942069, 0.0142948, 0.335115, 0.0)], [-0.334573, 0.0308889, -0.941863, 0.0)], [9.5995, -0.152655, -3.56534, 1.0)]])
9.5995, -0.152655, -3.56534
float3(-0.0308938, -2.80027, -1.55649)
88369.328160666
normal
simd_float4x4([[-0.0276494, -0.999202, 0.0288347, 0.0)], [-0.94573, 0.0354911, 0.323009, 0.0)], [-0.323774, -0.0183389, -0.945957, 0.0)], [9.59992, -0.152349, -3.57951, 1.0)]])
9.59992, -0.152349, -3.57951
float3(0.0183399, -2.81182, -1.53529)
88369.528273708
normal
simd_float4x4([[-0.0289752, -0.999568, 0.00487911, 0.0)], [-0.942715, 0.0289494, 0.33234, 0.0)], [-0.332338, 0.00503002, -0.943147, 0.0)], [9.59336, -0.155501, -3.58035, 1.0)]])
9.59336, -0.155501, -3.58035
float3(-0.00503004, -2.80281, -1.54184)
88369.728386916
normal
simd_float4x4([[-0.0366826, -0.999216, 0.0148643, 0.0)], [-0.938379, 0.0395567, 0.343337, 0.0)], [-0.343656, -0.0013539, -0.939095, 0.0)], [9.58997, -0.155381, -3.58345, 1.0)]])
9.58997, -0.155381, -3.58345
float3(0.0013539, -2.79079, -1.53123)
88369.928500125
normal
simd_float4x4([[-0.0442781, -0.998473, 0.0330461, 0.0)], [-0.938963, 0.0528896, 0.339929, 0.0)], [-0.341157, -0.0159777, -0.93987, 0.0)], [9.58891, -0.156948, -3.59109, 1.0)]])
9.58891, -0.156948, -3.59109
float3(0.0159783, -2.7934, -1.51788)
88370.128613333
normal
simd_float4x4([[-0.0556797, -0.998419, -0.00765137, 0.0)], [-0.924431, 0.048655, 0.378232, 0.0)], [-0.377262, 0.028133, -0.925679, 0.0)], [9.58668, -0.158771, -3.58625, 1.0)]])
9.58668, -0.158771, -3.58625
float3(-0.0281367, -2.75459, -1.5221)
88370.328726333
normal
simd_float4x4([[-0.0979417, -0.995153, -0.00881748, 0.0)], [-0.928184, 0.0881474, 0.361531, 0.0)], [-0.359001, 0.0435932, -0.932318, 0.0)], [9.58353, -0.167142, -3.58487, 1.0)]])
9.58353, -0.167142, -3.58487
float3(-0.043607, -2.77403, -1.48245)
88370.528839541
normal
simd_float4x4([[-0.126039, -0.986494, -0.104616, 0.0)], [-0.934319, 0.0826025, 0.346734, 0.0)], [-0.333409, 0.141447, -0.932111, 0.0)], [9.58011, -0.183707, -3.57813, 1.0)]])
9.58011, -0.183707, -3.57813
float3(-0.141923, -2.79808, -1.48726)
88370.745628791
normal
simd_float4x4([[-0.174009, -0.966929, -0.186464, 0.0)], [-0.928572, 0.0980763, 0.35796, 0.0)], [-0.327834, 0.235434, -0.914929, 0.0)], [9.59031, -0.209015, -3.57655, 1.0)]])
9.59031, -0.209015, -3.57655
float3(-0.237665, -2.79753, -1.46971)
88370.945742041
normal
simd_float4x4([[-0.170029, -0.963731, -0.205701, 0.0)], [-0.930317, 0.0881463, 0.356007, 0.0)], [-0.324963, 0.251899, -0.911562, 0.0)], [9.58259, -0.212943, -3.58178, 1.0)]])
9.58259, -0.212943, -3.58178
float3(-0.254642, -2.79915, -1.47959)
88371.145855208
normal
simd_float4x4([[-0.163252, -0.958193, -0.234979, 0.0)], [-0.934699, 0.0739945, 0.347652, 0.0)], [-0.315731, 0.276389, -0.907702, 0.0)], [9.57103, -0.217743, -3.58603, 1.0)]])
9.57103, -0.217743, -3.58603
float3(-0.280035, -2.80685, -1.49373)
88371.362644416
normal
simd_float4x4([[-0.16617, -0.945476, -0.280111, 0.0)], [-0.935513, 0.0613417, 0.347925, 0.0)], [-0.311773, 0.319862, -0.894699, 0.0)], [9.56267, -0.230711, -3.58668, 1.0)]])
9.56267, -0.230711, -3.58668
float3(-0.325584, -2.80628, -1.50601)
88371.562757583
normal
simd_float4x4([[-0.182401, -0.925199, -0.332773, 0.0)], [-0.935637, 0.0593119, 0.347944, 0.0)], [-0.30218, 0.37482, -0.876468, 0.0)], [9.56025, -0.245215, -3.58377, 1.0)]])
9.56025, -0.245215, -3.58377
float3(-0.384203, -2.80958, -1.50678)
88371.76287075
normal
simd_float4x4([[-0.186433, -0.917232, -0.352035, 0.0)], [-0.936697, 0.0578527, 0.345327, 0.0)], [-0.296379, 0.394131, -0.869954, 0.0)], [9.55801, -0.247708, -3.58714, 1.0)]])
9.55801, -0.247708, -3.58714
float3(-0.405122, -2.81324, -1.50781)
88371.979659875
normal
simd_float4x4([[-0.185707, -0.911918, -0.365949, 0.0)], [-0.934693, 0.0490686, 0.352052, 0.0)], [-0.303086, 0.407429, -0.861476, 0.0)], [9.55663, -0.250397, -3.58861, 1.0)]])
9.55663, -0.250397, -3.58861
float3(-0.419637, -2.8033, -1.51704)
88372.196449375
normal
simd_float4x4([[-0.191435, -0.908412, -0.371672, 0.0)], [-0.932821, 0.0506093, 0.356767, 0.0)], [-0.305282, 0.415001, -0.857075, 0.0)], [9.55888, -0.247621, -3.58769, 1.0)]])
9.55888, -0.247621, -3.58769
float3(-0.427944, -2.79941, -1.51514)
88372.396562458
normal
simd_float4x4([[-0.194046, -0.907498, -0.37255, 0.0)], [-0.932373, 0.0525376, 0.357658, 0.0)], [-0.305001, 0.416758, -0.856322, 0.0)], [9.55981, -0.245701, -3.58017, 1.0)]])
9.55981, -0.245701, -3.58017
float3(-0.429875, -2.79943, -1.51297)
88372.5966755
normal
simd_float4x4([[-0.197276, -0.905636, -0.375373, 0.0)], [-0.932651, 0.0553968, 0.3565, 0.0)], [-0.302065, 0.420421, -0.855571, 0.0)], [9.55967, -0.238148, -3.58042, 1.0)]])
9.55967, -0.238148, -3.58042
float3(-0.433909, -2.8022, -1.5097)
88372.79678875
normal
simd_float4x4([[-0.195836, -0.906187, -0.374798, 0.0)], [-0.932537, 0.0538625, 0.357033, 0.0)], [-0.303351, 0.419433, -0.855601, 0.0)], [9.56046, -0.225932, -3.58277, 1.0)]])
9.56046, -0.225932, -3.58277
float3(-0.432821, -2.80087, -1.51143)
88372.996901791
normal
simd_float4x4([[-0.194732, -0.906199, -0.375343, 0.0)], [-0.932509, 0.0523821, 0.357329, 0.0)], [-0.30415, 0.419594, -0.855239, 0.0)], [9.5582, -0.214359, -3.58833, 1.0)]])
9.5582, -0.214359, -3.58833
float3(-0.432998, -2.79991, -1.51306)
88373.213691125
normal
simd_float4x4([[-0.193704, -0.906347, -0.375519, 0.0)], [-0.932762, 0.0515236, 0.356791, 0.0)], [-0.304028, 0.419381, -0.855386, 0.0)], [9.55091, -0.198932, -3.5941, 1.0)]])
9.55091, -0.198932, -3.5941
float3(-0.432764, -2.80009, -1.51401)
88373.413804208
normal
simd_float4x4([[-0.193018, -0.906268, -0.376063, 0.0)], [-0.93319, 0.0511406, 0.355725, 0.0)], [-0.30315, 0.4196, -0.855591, 0.0)], [9.54968, -0.179352, -3.59112, 1.0)]])
9.54968, -0.179352, -3.59112
float3(-0.433004, -2.80108, -1.51443)
88373.6139175
normal
simd_float4x4([[-0.194732, -0.905804, -0.376297, 0.0)], [-0.932931, 0.0525909, 0.356194, 0.0)], [-0.302852, 0.420422, -0.855293, 0.0)], [9.55099, -0.164037, -3.58557, 1.0)]])
9.55099, -0.164037, -3.58557
float3(-0.43391, -2.80128, -1.5128)
