USER POSITION
8585.24884612	7.30821343134	17.2999821949
8585.38216038	7.31069333512	17.3041624248
8585.51547454	7.32048627758	17.3054803684
8585.64878879	7.31979904886	17.3049250898
8585.78210292	7.30455148605	17.3038501706
8585.91541704	7.26263335745	17.3052447969
8586.04873125	7.24236227368	17.3242576009
8586.18204575	7.2124525494	17.3438270683
8586.31535975	7.20074642088	17.3700278423
8586.448674	7.19402317223	17.3858709865
8586.58198825	7.1973537807	17.3917024168
8586.71530237	7.21230672752	17.3886149404
8586.84861658	7.2312144688	17.3957551802
8586.98193079	7.24398372375	17.4036584682
8587.11524508	7.25635175357	17.415614301
8587.24855908	7.27307442249	17.4217243545
8587.38187358	7.28609232362	17.4224928408
8587.51518775	7.30112933934	17.4138994606
8587.64850196	7.30532992292	17.4186080225
8587.78181621	7.33193736771	17.4176536832
8587.91513033	7.30756752522	17.4340271582
8588.04844467	7.29939429968	17.436880224
8588.18175879	7.29902565228	17.433754373
8588.315073	7.31549756555	17.4284935697
8588.4483875	7.31648525851	17.4264062282
8588.58170175	7.29903658111	17.423617342
8588.71501596	7.29735326899	17.4225879688
8588.84833008	7.29533769816	17.4216646339
8588.98164429	7.29680568662	17.4247983089
8589.11495858	7.30034455608	17.4284907082
8589.24827292	7.30074737264	17.4345110288
8589.381587	7.2972614675	17.4376309888
8589.51490121	7.29638599858	17.4411972981
8589.64821579	7.29136805484	17.4502531896
8589.78152996	7.29389378826	17.4592484848
8589.91484412	7.29058145386	17.4760471315
8590.04815842	7.29178408476	17.4824671495
8590.18147267	7.29127336199	17.4797346109
8590.31478688	7.29319821395	17.4852569754
8590.44810113	7.2816561796	17.4920660403
8590.58141533	7.28114887428	17.502244873
8590.71472967	7.28064915394	17.5097917558
8590.84804404	7.28702805987	17.5217626529
8590.98135829	7.28593327678	17.5308554018
8591.11467258	7.29393626136	17.5331315141
8591.11467258	7.29393626136	17.5331315141
8591.11467258	7.29393626136	17.5331315141
8591.11467258	7.29393626136	17.5331315141
8591.11467258	7.29393626136	17.5331315141
8591.11467258	7.29393626136	17.5331315141
8591.11467258	7.29393626136	17.5331315141
8591.11467258	7.29393626136	17.5331315141
8591.11467258	7.29393626136	17.5331315141
8591.11467258	7.29393626136	17.5331315141
8591.11467258	7.29393626136	17.5331315141
8591.11467258	7.29393626136	17.5331315141
8591.11467258	7.29393626136	17.5331315141
8591.11467258	7.29393626136	17.5331315141
8591.11467258	7.29393626136	17.5331315141
8591.11467258	7.29393626136	17.5331315141
8591.11467258	7.29393626136	17.5331315141
8591.11467258	7.29393626136	17.5331315141
8591.11467258	7.29393626136	17.5331315141
8591.11467258	7.29393626136	17.5331315141
8591.11467258	7.29393626136	17.5331315141
8591.11467258	7.29393626136	17.5331315141
8594.04758567	7.19751577464	17.4448741222
8594.18090004	7.2016108658	17.416555253
8594.31421437	7.19949812518	17.3931847769
8594.44752854	7.19899089618	17.3792065303
8594.58084271	7.36892119009	17.4328661973
8594.71415696	7.36858881111	17.4328536573
8594.84747113	7.36915791435	17.4329927344
8594.98078533	7.36878292366	17.4340462553
8595.11409967	7.35849915066	17.4346185263
8595.24741383	7.36719780318	17.4297085482
8595.38072796	7.36063421211	17.4305639811
8595.51404242	7.35990650466	17.4339153525
8595.64735663	7.35613983353	17.4347274186
8595.78067087	7.35569148549	17.4355486842
8595.91398508	7.35578892506	17.4377188469
8596.04729921	7.35513026311	17.4405597701
8596.18061358	7.35388614747	17.4448957347
8596.31392775	7.34898154865	17.4647607146
8596.44724192	7.3449258281	17.47190107
8596.58055612	7.34393232656	17.4825674543
8596.71387054	7.34632284344	17.4883493842
8596.84718467	7.35232654906	17.4928002404
8596.98049892	7.35584543219	17.4742272289
8597.11381308	7.35645422507	17.4755837276
8597.24712733	7.36559154982	17.4730116719
8597.38044154	7.36016616276	17.4676985418
8597.51375583	7.36707733351	17.4642264999
8597.64707	7.36303932625	17.4758425474
8597.78038413	7.35672485087	17.4812991974
8597.91369846	7.35381147598	17.4866153465
8598.04701283	7.35289075541	17.4918478491
8598.18032696	7.33515530168	17.5001494703
8598.31364121	7.33173162152	17.5004003921
8598.44695525	7.34010155707	17.5042343128
8598.58026958	7.30592038185	17.524487209
8598.71358367	7.32485838205	17.5204576686
8598.84689792	7.31876115667	17.522652321
8598.98021221	7.37082003489	17.5340238485
8599.11352658	7.38290053721	17.5373312568
8599.24684075	7.41159228966	17.5414856383
8599.380155	7.43380095834	17.5628644154
8599.51346921	7.43406700907	17.5758851561
8599.64678337	7.38887978275	17.5941728899
8599.78009758	7.38226381858	17.5996214261
8599.91341171	7.37537624732	17.6032223617
8600.04672592	7.34476926963	17.6112932718
8600.18004038	7.32956004003	17.6150412294
8600.31335462	7.295153232	17.6130923795
8600.44666879	7.29983293279	17.6178179779
8600.579983	7.28266768644	17.6074095932
8600.71329729	7.28294829029	17.6103045237
8600.84661146	7.28568351959	17.607475225
8600.97992558	7.27751254355	17.608859248
8601.11323979	7.27825641542	17.6053811985
8601.246554	7.27231874859	17.6082856559
8601.37986842	7.32740178519	17.5428418292
8601.51318267	7.0850717178	17.6467463665
8601.64649688	7.81867073274	17.6615511419
8601.77981104	7.85035924024	17.6685292377
8601.91312529	7.85211173642	17.6816662087
8602.0464395	7.86768014332	17.6889434057
8602.17975367	7.87470656003	17.6857417911
8602.31306788	7.50243851963	17.6302706643
8602.446382	7.15967279446	17.6534689083
8602.57969642	7.23387570797	17.5999930158
8602.71301071	7.01884675161	17.6220994315
8602.84632483	7.27279518043	17.6445372996
8602.97963904	7.30818851443	17.6171560093
8603.11295321	7.36905575203	17.5828502697
8603.24626754	7.36912614882	17.5699993915
8603.37958154	7.41557078502	17.5481413481
8603.51289592	7.39435235765	17.5371293548
8603.64621012	7.4142606196	17.5360520443
8603.77952438	7.42260627391	17.5410176746
8603.91283871	7.38602657661	17.5417951579
8604.04615279	7.54172595013	17.4532979233
8604.17946696	7.45573588279	17.6011915574
8604.31278133	7.42406762154	17.5996946475
8604.44609554	7.40485554334	17.6136119787
8604.57940962	7.36184864048	17.6153570149
8604.712724	7.36015502341	17.6099337551
8604.84603821	7.34143649059	17.6209823989
8604.97935242	7.3276277692	17.6272166855
8605.11266675	7.34506352025	17.6382685204
8605.24598088	7.34583819155	17.6496419491
8605.37929508	7.35098585398	17.6637165614
8605.51260942	7.3521230343	17.6698660667
8605.64592362	7.38313353042	17.6787698279
8605.77923779	7.37551300159	17.6780568903
8605.91255196	7.37519156678	17.6836319886
8606.04586642	7.36018004538	17.6825397531
8606.17918054	7.58381773342	17.5816620051
8606.31249483	7.43364934348	17.5577601131
8606.44580912	7.42226270048	17.5282454407
8606.57912321	7.41675233996	17.5148856708
8606.71243733	7.30697747341	17.6100179377
8606.84575167	7.29841140827	17.5683966387
8606.97906588	7.29825242795	17.582361763
8607.11238	7.34129428609	17.5714945239
8607.24569446	7.36358910603	17.5636711339
8607.37900867	7.37216488589	17.5531119035
8607.51232296	7.37445964316	17.5300572215
8607.64563725	7.28597011191	17.5396576716
8607.77895129	7.2895003953	17.4117099408
8607.91226567	7.24257086829	17.4075614211
8608.04557979	7.18939430068	17.4066122834
8608.17889404	7.13555334796	17.4214877259
8608.31220829	7.07632823069	17.4384239452
8608.4455225	7.02408936217	17.4375661334
8608.57883687	6.9858754788	17.4400823952
8608.71215104	6.94677814738	17.4278597032
8608.84546512	6.91873253589	17.4121842786
8608.97877942	6.89395699026	17.3955143297
8609.11209367	6.87639555251	17.3830812268
8609.24540775	6.85659747724	17.3762651637
8609.378722	6.842879647	17.3709394098
8609.51203625	6.83239617181	17.3645640978
8609.64535075	6.82383338682	17.3592569009
8609.77866496	6.82074211568	17.3587739944
8609.91197904	6.81861423634	17.3580373633
8610.04529333	6.81416612763	17.3530865583
8610.17860754	6.81016761514	17.3507832185
8610.31192162	6.80391471347	17.3519435934
8610.44523588	6.79460296006	17.350717552
8610.57855017	6.78833268345	17.350969624
8610.71186454	6.78191663874	17.3474138215
8610.84517879	6.77840434921	17.3441773964
8610.97849292	6.77496792862	17.339371008
8611.11180721	6.76015270011	17.3329689911
8611.24512137	6.74885701421	17.3440847743
8611.37843558	6.73004828843	17.3718086329
8611.51174988	6.71172433831	17.4161134508
8611.64506392	6.6979114702	17.4672090127
8611.77837821	6.68643749955	17.4910433131
8611.91169258	6.67543172001	17.4976729087
8612.04500692	6.67540151671	17.5034229299
8612.17832113	6.67490677436	17.5124603207
8612.31163529	6.67814619343	17.5400911342
8612.44494946	6.66704208652	17.5676911054
8612.57826346	6.66247673109	17.5858209289
8612.71157783	6.65883492571	17.5858225232
8612.84489208	6.6483458238	17.5860158238
8612.97820629	6.64472873028	17.5915832429
8613.11152062	6.64370120814	17.596260019
8613.24483475	6.63358047507	17.5937390923
8613.37814892	6.61482375779	17.6004447155
8613.51146312	6.58016272888	17.6453080605
8613.64477738	6.53363389898	17.6990412071
8613.77809146	6.50401990067	17.7490178026
8613.91140579	6.46912747757	17.8077611394
8614.04472004	6.44584562844	17.867712407
8614.17803404	6.41748288286	17.9110999973
8614.31134854	6.35457263657	17.9560712362
8614.44466258	6.30327098278	17.983279415
8614.57797679	6.25068734002	18.0119607351
8614.71129096	6.22522028063	18.0234005894
8614.84460529	6.22200341786	18.0464771792
8614.97791938	6.23752684806	18.0573040538
8615.11123358	6.2790272122	18.082957098
8615.24454783	6.32619470997	18.1157464996
8615.37786213	6.3874895658	18.1336385774
8615.51117633	6.44857056519	18.1593185154
8615.64449037	6.49767566107	18.1899660921
8615.77780463	6.54544322157	18.2286524187
8615.91111871	6.60722717912	18.2790679231
8616.04443292	6.62276740098	18.3203036504
8616.17774717	6.64435779825	18.3487825961
8616.31106142	6.6400522414	18.3579273968
8616.44437563	6.69525375083	18.5214589031
8616.57768975	6.64288574564	18.5189604973
8616.71100408	6.60178050311	18.5093806102
8616.84431821	6.56473566114	18.5020829473
8616.97763229	6.53946361553	18.4874738778
8617.11094646	6.53453634814	18.4838680442
8617.24426067	6.54501362898	18.4869462882
8617.37757475	6.54428249432	18.4879309415
8617.51088913	6.53689385467	18.4873679103
8617.64420333	6.55501128131	18.4942497017
8617.77751758	6.58068394692	18.4961199798
8617.91083175	6.62405893011	18.5035445764
8618.04414604	6.65328834521	18.4977248004
8618.17746017	6.66353128599	18.5062216683
8618.31077433	6.669660578	18.5175986046
8618.44408854	6.66144692821	18.5259381044
8618.57740267	6.65699533131	18.5252797846
8618.71071688	6.67163730246	18.54349969
8618.84403108	6.63854609787	18.4913685277
8618.97734538	6.67757284054	18.5090076581
8619.11065967	6.65392317748	18.4926656355
8619.24397371	6.65648126935	18.4910513092
8619.37728804	6.66866755643	18.5037112971
8619.51060212	6.67118391986	18.5045417278
8619.64391638	6.66825768729	18.5059605875
8619.77723054	6.66656405301	18.5046745071
8619.91054475	6.66659422058	18.5054319303
8620.04385883	6.67529998841	18.504134199
8620.17717321	6.68276566655	18.5140381452
8620.31048729	6.68605033304	18.5282747166
8620.44380154	6.68748995933	18.5352658808
8620.57711571	6.68453108632	18.5363293047
8620.71042988	6.68615451658	18.5326904211
8620.84374404	6.68590861581	18.5259165571
8620.97705817	6.68322585641	18.5244751335
8621.11037233	6.68151771778	18.5224735186
8621.24368679	6.68230737331	18.5293353073
8621.37700092	6.68368215672	18.5357061526
8621.51031513	6.6960396381	18.536857827
8621.64362925	6.73451025059	18.5357650898
8621.7769435	6.76164257417	18.5389788598
8621.91025763	6.7759008262	18.5182589551
8622.04357175	6.78013059008	18.4899875721
8622.17688592	6.77532567891	18.4532344766
8622.31020021	6.7580554759	18.4197530626
8622.4435145	6.73669681902	18.3834842223
8622.57682871	6.7146099206	18.3368404283
8622.71014279	6.70151776342	18.2938471041
8622.84345712	6.68155810079	18.2554843166
8622.97677129	6.6666028295	18.222741544
8623.11008542	6.66082794266	18.1993809108
8623.24339958	6.66126317426	18.1763480414
8623.37671383	6.67837158054	18.1482981762
8623.51002808	6.70091170538	18.1101052872
8623.64334242	6.7429386041	18.0611403907
8623.7766565	6.79366336801	18.008490575
8623.90997071	6.84559614814	17.9528938693
8624.04328492	6.8803154845	17.9189511575
8624.17659912	6.9103378236	17.8734647633
8624.30991317	6.92849878225	17.8233868526
8624.4432275	6.93873879972	17.7713835394
8624.57654158	6.94061321453	17.7139723775
8624.70985583	6.93033881686	17.6441666918
8624.84317025	6.92400354442	17.5767554617
8624.97648433	6.9196415652	17.5213467956
8625.10979842	6.93146461915	17.4793396029
8625.24311275	6.94763427273	17.4351332087
8625.376427	6.97337681065	17.4011581611
8625.50974113	7.01747466199	17.3707558387
8625.64305542	7.07715069903	17.3463082376
8625.77636942	7.14104413279	17.3284519601
8625.90968367	7.20301568446	17.3165047416
8626.04299812	7.24808822723	17.3038898672
8626.17631225	7.28051641507	17.2897187549
8626.30962633	7.29782313041	17.2736719779
8626.44294063	7.30878577634	17.2451523524
8626.57625475	7.31216661076	17.2015640241
8626.70956896	7.30783774327	17.1429370529
8626.84288321	7.28767027051	17.0890818554
8626.97619721	7.26680546297	17.0526701779
8627.10951175	7.25168837174	17.0188378185
8627.24282592	7.25163900146	17.000083296
8627.37614	7.25095070972	16.9920589104
8627.50945425	7.24995944597	16.9871236035
8627.6427685	7.25225009868	16.9778657628
8627.77608275	7.25640471757	16.9656110357
8627.90939683	7.25825063293	16.9551152961
8628.04271112	7.2627744597	16.9508120443
8628.17602537	7.27409215751	16.942864998
8628.30933958	7.2909181748	16.9425062027
8628.44265396	7.32098477422	16.936717542
8628.57596792	7.36081862285	16.9241063625
8628.70928233	7.41833906628	16.9175008856
8628.84259646	7.47264118849	16.9021787217
8628.97591063	7.5047093194	16.8888885067
8629.10922492	7.51420103872	16.8828422278
8629.24253904	7.51214618016	16.8818989111
8629.37585325	7.50007260569	16.8788033502
8629.50916771	7.48997569526	16.88130689
8629.64248188	7.48397765731	16.8750533797
8629.77579608	7.48062860889	16.8640360155
8629.90911021	7.47639636527	16.8527086315
8630.04242446	7.4728491074	16.8407359882
8630.17573862	7.47490449748	16.8347345137
8630.30905275	7.47772805212	16.8348503937
8630.442367	7.47663530106	16.8321297557
8630.57568125	7.48031678498	16.8345923798
8630.70899567	7.47903682814	16.8363419739
8630.84230988	7.48486342302	16.8413976756
8630.97562404	7.50459274753	16.8480537753
8631.10893825	7.54987235586	16.8558046926
8631.2422525	7.58639115548	16.8595015914
8631.37556654	7.60681379829	16.871550085
8631.50888075	7.61056548287	16.8942563615
8631.64219521	7.60272696426	16.9258089317
8631.77550929	7.58023977246	16.9643744963
8631.90882367	7.54764415978	16.9970594864
8632.04213783	7.51733127086	17.0350183851
8632.17545204	7.49998433513	17.0696879852
8632.30876629	7.48427935653	17.0970033759
8632.44208054	7.47245007352	17.1146332101
8632.57539463	7.46466604146	17.1253836336
8632.70870879	7.45862479903	17.1370899022
8632.84202304	7.44459140614	17.1473707639
8632.97533729	7.43263102388	17.1557541689
8633.10865158	7.42561986043	17.1569655058
8633.24196583	7.41951041045	17.1612285548
8633.37528012	7.41764466718	17.16332381
8633.50859425	7.42483397615	17.162896877
8633.6419085	7.44115038571	17.1703087224
8633.77522275	7.45842135355	17.1689419859
8633.90853688	7.48608725237	17.1755774537
8634.04185108	7.50672995022	17.1866524446
8634.17516542	7.53027661512	17.2065065689
8634.30847971	7.5510125826	17.2341333979
8634.44179396	7.56855393972	17.2645412593
8634.57510808	7.57921584951	17.2892113988
8634.70842229	7.58340906511	17.3065110679
8634.84173654	7.58276358354	17.3294783633
8634.97505083	7.56889929485	17.3389529763
8635.108365	7.5443558566	17.3445308297
8635.24167917	7.51153948555	17.352055764
8635.37499346	7.4866557183	17.3701728119
8635.50830767	7.46737062333	17.3849917587
8635.641622	7.45442912651	17.400131529
8635.77493617	7.43919678677	17.412800513
8635.90825037	7.42611730054	17.4257363804
8636.04156467	7.43560168777	17.4655227753
8636.17487867	7.4477647205	17.5018404697
8636.30819283	7.42868467837	17.488726895
8636.44150729	7.44429758688	17.487359772
8636.57482146	7.42817326165	17.4807655215
8636.70813567	7.43600314757	17.4863672946
8636.84144996	7.44539786172	17.483387099
8636.97476396	7.43556620743	17.4876907487
8637.10807829	7.43883543953	17.4898036338
8637.2413925	7.43578245112	17.4891633601
8637.37470675	7.43692802431	17.4827615784
8637.50802092	7.43973637148	17.4773656382
8637.64133508	7.44158640626	17.4712077583
8637.77464958	7.47126274221	17.4824064666
8637.90796379	7.46382899199	17.464615652
8638.041278	7.46286077575	17.4526472413
8638.17459213	7.46205279078	17.450898754
8638.30790637	7.45954678842	17.4442293105
8638.44122054	7.45636086498	17.43285616
8638.57453479	7.45059373277	17.4127672957
8638.707849	7.45165511365	17.3750146512
8638.84116333	7.46832389907	17.3314754175
8638.97447754	7.48515776228	17.2727367044
8639.10779179	7.51218231237	17.1846531476
8639.24110608	7.54791856805	17.0984062416
8639.37442025	7.58082078578	17.0228497527
8639.50773442	7.61138349905	16.9713704929
8639.64104867	7.61973712568	16.9393970944
8639.77436283	7.60860918078	16.9270306428
8639.90767704	7.60104557414	16.932555193
8640.04099138	7.59342502188	16.9519988887
8640.17430554	7.58274877696	16.9965063632
8640.30761983	7.55936825921	17.0698563082
8640.44093404	7.52499606199	17.1685199212
8640.57424812	7.48976125637	17.2528415158
8640.70756233	7.39892696273	17.3514080196
8640.84087662	7.43260407761	17.3808250524
8640.97419071	7.45415744595	17.415329007
8641.10750504	7.42809065961	17.4347983415
8641.24081933	7.47120772116	17.4552488472
8641.37413354	7.4390415156	17.4677092407
8641.50744767	7.43324099696	17.4722325129
8641.64076192	7.45659825048	17.4814861337
8641.77407613	7.48118846971	17.4508264092
8641.90739025	7.50315128407	17.4412881752
8642.0407045	7.51868830269	17.4209687183
8642.17401863	7.52336358107	17.3721268497
8642.30733287	7.5678732052	17.415664586
8642.44064733	7.55170715291	17.3966614774
8642.57396142	7.58046007484	17.3893267636
8642.70727562	7.58566905395	17.3920311815
8642.84058992	7.58341882034	17.3894670631
8642.97390404	7.58087792002	17.3748877556
8643.10721817	7.60022817102	17.3686981058
8643.24053246	7.60003835333	17.3762229742
8643.37384671	7.61114267356	17.3810926437
8643.50716083	7.62690409752	17.3797295853
8643.64047517	7.62725548089	17.3993900734
8643.77378937	7.68007846427	17.4264625025
8643.90710358	7.72486172274	17.4176073541
8644.04041779	7.62670382066	17.4578157761
8644.17373188	7.58807441053	17.4935970017
8644.30704613	7.52109869574	17.5344368651
8644.44036025	7.53382042564	17.5484520787
8644.57367454	7.45997451248	17.6213109606
8644.70698879	7.5244977944	17.578385499
8644.84030304	7.52897722191	17.5988258314
8644.97361729	7.53247930856	17.5967932932
8645.10693142	7.55410249656	17.6066943436
8645.24024558	7.54565143432	17.6130579989
8645.37355983	7.56184132691	17.6120336921
8645.50687404	7.63028747665	17.6619910611
8645.64018813	7.53461318565	17.6341532189
8645.77350233	7.57169462071	17.6267079099
8645.90681667	7.57469520902	17.6207225149
8646.04013088	7.56622102048	17.6310717056
8646.17344508	7.57523390815	17.6340526482
8646.30675938	7.57045759574	17.6322797471
8646.44007338	7.57499599102	17.6267528981
8646.57338771	7.56260089007	17.627066081
8646.70670192	7.56460608371	17.6284467313
8646.84001612	7.57840554505	17.6303222828
8646.97333025	7.55216607816	17.6445978304
8647.10664471	7.57632464973	17.6835699727
8647.23995887	7.57027498515	17.7192142708
8647.37327304	7.57689415307	17.7160285117
8647.50658729	7.5842147951	17.7128129019
8647.63990146	7.58820961116	17.7101864972
8647.77321554	7.58700776835	17.7085823579
8647.90652971	7.57061038328	17.733800667
8648.03984392	7.55928447673	17.690711484
8648.17315821	7.54553519074	17.6870793282
8648.30647267	7.53612258254	17.6903623775
8648.43978692	7.55809461337	17.6782840774
8648.57310096	7.53511785888	17.6887553929
8648.70641529	7.53688031302	17.6651872266
8648.83972938	7.53889192916	17.6875541698
8648.97304358	7.52050717415	17.6765229671
8649.10635787	7.52416398233	17.6616641096
8649.239672	7.5311496993	17.6629306039
8649.37298633	7.56605613066	17.5218536293
8649.50630071	7.59892578117	17.5217853976
8649.63961475	7.64682758798	17.522744636
8649.77292892	7.67485550868	17.5220011099
8649.90624317	7.67964234977	17.5199332382
8650.03955742	7.67886411334	17.5168224935
8650.17287154	7.67042448801	17.5136845249
8650.30618592	7.6493294	17.5100504586
8650.43950008	7.63688611181	17.512653885
8650.57281438	7.61011164886	17.5252710138
8650.70612858	7.58256641265	17.5382251508
8650.83944292	7.55896767257	17.5418027405
8650.97275708	7.55318017351	17.5461983578
8651.10607125	7.56443660587	17.5476070559
8651.23938554	7.57475640092	17.5515465522
8651.37269979	7.57791210484	17.5504109634
8651.506014	7.57859201588	17.5513711957
8651.63932821	7.57390826589	17.552002233
8651.77264254	7.57468267131	17.5426244165
8651.90595683	7.57044545407	17.532857023
8652.03927104	7.57370636349	17.5163378567
8652.17258521	7.5775441331	17.5060545675
8652.3058995	7.59119828197	17.5194239137
8652.43921363	7.61309001036	17.5299773232
8652.57252787	7.64505063888	17.5483469018
8652.705842	7.67880347551	17.5837722176
8652.83915621	7.71667060002	17.6111317589
8652.97247071	7.73019393282	17.6346883867
8653.10578488	7.74900019989	17.6481923138
8653.23909904	7.7743289519	17.6496827979
8653.37241325	7.79063062133	17.654768832
8653.5057275	7.79369850491	17.6762838051
8653.63904162	7.79553351271	17.7201780764
8653.77235596	7.8007282583	17.7426417096
8653.90567017	7.80302190179	17.7530972296
8654.03898433	7.79978605221	17.7468018764
8654.17229871	7.81091872226	17.7304634549
8654.30561279	7.83780414859	17.7201175212
8654.43892708	7.85395684912	17.6982541831
8654.57224129	7.88253832775	17.6574966092
8654.70555542	7.94699380844	17.6111611348
8654.83886967	7.96765858113	17.5840525357
8654.97218383	8.00130557439	17.5662773546
8655.10549812	8.03365244648	17.5637674186
8655.23881246	8.07616680025	17.5643473528
8655.37212662	8.14205906111	17.5721595877
8655.50544079	8.22415817341	17.6072456479
8655.63875492	8.29729834003	17.6244569906
8655.77206912	8.37568487152	17.6407620789
8655.90538333	8.39844212113	17.6413981945
8656.0386975	8.47225028779	17.6301050054
8656.17201171	8.55109858087	17.60547104
8656.30532588	8.6218719174	17.5784781195
8656.43864029	8.6835874597	17.5599462085
8656.57195442	8.70859481188	17.5339991568
8656.70526871	8.75954625833	17.523492834
8656.83858279	8.81282505532	17.5219000024
8656.971897	8.87383292865	17.5243173606
8657.10521129	8.93578812873	17.5436566969
8657.23852542	8.99035072638	17.5793039869
8657.3718395	9.03898771862	17.6049304402
8657.50515371	9.10685011861	17.6018526098
8657.638468	9.17686696	17.5884164495
8657.77178217	9.23572186626	17.5574177723
8657.90509646	9.30193344017	17.518664027
8658.03841054	9.35236829073	17.4920597261
8658.17172475	9.40706521814	17.4679737336
8658.30503883	9.46449055749	17.4538641479
8658.43835313	9.51522505769	17.4438906922
8658.57166725	9.55870935726	17.4407211024
8658.70498146	9.60984276086	17.4512147182
8658.83829588	9.67337066065	17.4555962535
8658.97160992	9.75291648871	17.472506571
8659.10492413	9.83424149212	17.5063158898
8659.23823825	9.87819163159	17.5346863386
8659.37155254	9.91578579096	17.5450858966
8659.50486667	9.97270511258	17.5427764832
8659.63818079	10.028011638	17.5337575878
8659.77149513	10.0921974481	17.4968844919
8659.90480925	10.1612263449	17.4573554456
8660.03812362	10.2281372525	17.4323294649
8660.17143767	10.3014956347	17.4207519628
8660.30475196	10.3747732383	17.4208664635
8660.438066	10.4583566643	17.4170380176
8660.57138038	10.552242111	17.4425845124
8660.70469437	10.6355454182	17.4695151093
8660.83800854	10.709401891	17.4853860226
8660.97132267	10.7719235857	17.4887617491
8661.10463708	10.8331748026	17.4795454021
8661.23795133	10.896318175	17.453931052
8661.37126533	10.9788693878	17.4106094536
8661.50457958	11.0425850458	17.3779956455
8661.63789379	11.1113828968	17.3568975961
8661.77120792	11.1767799988	17.340231493
8661.90452212	11.2505635631	17.330792548
8662.03783625	11.3326624437	17.3420775835
8662.17115037	11.40642521	17.3710532254
8662.30446471	11.4769125774	17.4126516227
8662.43777896	11.5326851634	17.4490895834
8662.57109292	11.58799161	17.4681405341
8662.70440717	11.6400745128	17.4737265664
8662.83772129	11.699252448	17.4737440481
8662.9710355	11.7791882828	17.4612475582
8663.10434967	11.8688450996	17.424245675
8663.23766379	11.9338416351	17.3938861468
8663.37097808	11.9985178329	17.3695897682
8663.50429229	12.0562944201	17.3525409089
8663.63760667	12.1116000039	17.343094047
8663.77092079	12.1599454882	17.3418025113
8663.90423492	12.2096896005	17.3434920205
8664.03754904	12.2790940705	17.3458360449
8664.17086333	12.3623544375	17.3593590271
8664.30417737	12.4549679493	17.3824506412
8664.43749158	12.5351332441	17.4162275807
8664.57080567	12.6034652102	17.4354447824
8664.70412012	12.677215557	17.4341609492
8664.83743421	12.7475905555	17.4167548004
8664.97074842	12.811880674	17.3712545903
8665.10406267	12.8638013616	17.3346723609
8665.23737683	12.9207431844	17.301544673
8665.37069092	12.9795052405	17.2765359037
8665.50400512	13.0376575023	17.2600416252
8665.63731954	13.0955485407	17.2500807955
8665.77063367	13.1572344653	17.2540165569
8665.90394788	13.8027363746	17.3396838893
8666.03726204	13.8700103697	17.3636082222
8666.17057617	13.9166042506	17.3756128173
8666.30389025	13.9623890197	17.3689748923
8666.43720446	13.9862057349	17.3510813166
8666.57051871	14.0013684905	17.3243899618
8666.70383279	14.0052712922	17.3042549743
8666.83714712	14.0058671602	17.286029478
8666.97046138	14.0073840793	17.2741679846
8667.10377558	14.0085429148	17.2762913546
8667.23708983	14.0189330155	17.2775279656
8667.370404	14.0352358425	17.277743729
8667.50371825	14.0543999306	17.2783331575
8667.63703233	14.0712895596	17.2755157016
8667.77034667	14.0926477223	17.2758240997
8667.90366083	14.129489204	17.2640595294
8668.03697496	14.1709282623	17.2425950978
8668.17028925	14.2175453852	17.2328503168
8668.3036035	14.2692207221	17.2368858009
8668.43691767	14.3305586915	17.2344188473
8668.570232	14.3352043117	17.3184111542
8668.70354617	14.4154066189	17.3683198208
8668.83686038	14.4578946107	17.4106073067
8668.83686038	14.4578946107	17.4106073067
8668.83686038	14.4578946107	17.4106073067
8669.23680296	14.6883095097	17.4498249235
8669.37011742	14.7690754567	17.4398174673
8669.50343146	14.8478807613	17.4225787374
8669.50343146	14.8478807613	17.4225787374
8669.77005996	15.0137507421	17.4305863783
8669.90337421	15.0451579538	17.4409926106
8670.03668833	15.1032701892	17.4714889792
8670.17000258	15.154996136	17.505349247
8670.30331683	15.1877338519	17.5212408064
8670.43663096	15.2157427236	17.5325507139
8670.5699455	15.2487742655	17.5204931069
8670.70325971	15.2921446712	17.5001127813
8670.83657383	15.3428247883	17.4607398565
8670.96988817	15.3882720713	17.4076903811
8671.10320233	15.4171130654	17.3661915909
8671.23651646	15.4434170556	17.3327610955
8671.36983071	15.4664798804	17.312801103
8671.50314496	15.4879476462	17.3001205777
8671.63645904	15.510497904	17.294055058
8671.76977354	15.5391952735	17.2970568092
8671.90308767	15.581688677	17.3004015402
8672.03640188	15.6372230704	17.308715668
8672.16971612	15.6930655782	17.3366137992
8672.30303033	15.7571562772	17.3734712867
8672.43634454	15.8078760652	17.4141742045
8672.56965875	15.8507522319	17.4378201199
8672.70297292	15.89829733	17.4487065494
8672.83628733	15.9595581577	17.4444917491
8672.9696015	16.0296169817	17.4257719146
8673.10291571	16.1109069244	17.3985645385
8673.23622992	16.2012880634	17.370838909
8673.36954404	16.2700271851	17.3330008292
8673.50285829	16.3302529327	17.3231590218
8673.6361725	16.3935126632	17.3149269483
8673.76948663	16.4470626822	17.3038601315
8673.90280092	16.4925055627	17.2991106849
8674.03611525	16.5335065566	17.3007122181
8674.1694295	16.5927161814	17.3106367653
8674.30274354	16.6607432916	17.3358545482
8674.43605779	16.7103882894	17.3710822452
8674.56937192	16.748414443	17.398672398
8674.70268625	16.7906655934	17.4103986452
8674.83600029	16.8275962789	17.4123486398
8674.96931462	16.8897500985	17.403071296
8675.10262883	16.9644950448	17.3823547497
8675.235943	17.0460260392	17.3557689193
8675.36925725	17.10680714	17.3357728889
8675.50257146	17.1808344756	17.3159415973
8675.63588554	17.2417873119	17.3079025519
8675.76919987	17.3098614229	17.3038523517
8675.90251408	17.3821715693	17.3132389773
8676.03582821	17.4605986917	17.3290145658
8676.16914242	17.547261607	17.3589882783
8676.30245667	17.6169387052	17.4080587998
8676.43577087	17.6836591517	17.4363348429
8676.56908517	17.7331240991	17.4491760153
8676.70239929	17.7827978915	17.4459650984
8676.83571346	17.8439908027	17.4373020274
8676.96902767	17.9119623147	17.4184735446
8677.10234183	17.9917611681	17.387295567
8677.23565604	18.0592773876	17.3702698301
8677.36897017	18.1186282856	17.3514925158
8677.50228458	18.1683056333	17.3387686591
8677.63559879	18.2226274502	17.330219882
8677.76891288	18.276753634	17.3271126558
8677.90222712	18.3307960446	17.32721458
8678.03554133	18.4165226045	17.3326704904
8678.16885542	18.5013016895	17.3552367599
8678.30216958	18.5755413729	17.3925901484
8678.43548371	18.6262825902	17.4170366746
8678.56879787	18.6800832666	17.430870928
8678.70211225	18.7319294027	17.4407742561
8678.83542642	18.7932983786	17.4351735251
8678.96874058	18.8672978934	17.4165679377
8679.10205471	19.4361754457	17.3995701899
8679.23536892	19.2284731247	17.4479292475
8679.36868312	19.2955832582	17.4452166416
8679.50199729	19.3564786589	17.4435112401
8679.63531146	19.4203621124	17.4644761166
8679.76862554	19.4715162847	17.4650371212
8679.90194004	19.5054304882	17.4619143265
8680.03525412	19.5266518654	17.4536629074
8680.16856821	19.5368043517	17.4445679502
8680.3018825	19.5331039783	17.4399260664
8680.43519679	19.5302420727	17.4427317741
8680.56851075	19.5371962965	17.4390750079
8680.70182504	19.5558759659	17.4278166726
8680.83513917	19.5911574703	17.434082431
8680.96845329	19.6291853899	17.4511525154
8681.10176762	19.6607739338	17.4896583191
8681.23508179	19.6940353952	17.5363832905
8681.36839604	19.7199372942	17.5621636096
8681.50171021	19.763347699	17.5785504847
8681.63502425	19.7993304248	17.574752661
8681.76833854	19.8549341309	17.5525550216
8681.90165258	19.9192136911	17.5153339272
8682.03496683	19.968396112	17.4852465273
8682.16828117	19.9953605237	17.4633282439
8682.30159529	20.0175701708	17.4541322807
8682.43490954	20.0422792094	17.445054923
8682.56822362	20.0716361817	17.4367686663
8682.70153788	20.1085447742	17.4293620894
8682.83485196	20.1576389349	17.4293830309
8682.96816612	20.2164683134	17.4350456061
8683.10148038	20.2909533646	17.4531063392
8683.23479437	20.374084543	17.4766377955
8683.36810875	20.4490423945	17.5196674371
8683.50142292	20.4863109153	17.5463300288
8683.63473708	20.5390105205	17.5498116631
8683.76805138	20.5886550882	17.5425717498
8683.90136542	20.6383644698	17.5413295713
8684.03467962	20.7097419287	17.5279724258
8684.16799375	20.8043236129	17.4988036918
8684.30130796	20.8886570479	17.4685969053
8684.43462208	20.9626491512	17.4473516843
8684.56793646	21.0368281961	17.4341020785
8684.7012505	21.1081229571	17.4227877068
8684.83456471	21.190569487	17.4270741974
8684.96787904	21.2631774802	17.4481544137
8685.10119304	21.3238448169	17.4814775187
8685.23450717	21.3640988892	17.5106757688
8685.36782142	21.3984345899	17.5319741153
8685.50113558	21.4264871133	17.5472022963
8685.63444979	21.449352603	17.5564525377
8685.767764	21.4758712992	17.5686306081
8685.90107812	21.5080659552	17.5723707047
8686.03439229	21.5533686233	17.5743670503
8686.1677065	21.6173074248	17.5678310586
8686.30102071	21.6985052391	17.5502045735
8686.43433488	21.7990733215	17.5214559498
8686.567649	21.8795226567	17.4953778979
8686.70096304	21.9543568575	17.4725786496
8686.83427725	22.0190319356	17.4567081165
8686.9675915	22.0762278258	17.4481109243
8687.10090567	22.1305667506	17.4478650242
8687.23421979	22.1958946063	17.4515950313
8687.36753396	22.2751377854	17.4647369033
8687.50084817	22.3562410011	17.4806498941
8687.63416229	22.4342064222	17.4901250539
8687.76747646	22.4969940583	17.4953121019
8687.90079063	22.5627380517	17.4865584128
8688.034105	22.6211038551	17.4693894375
8688.16741904	22.6792129632	17.439402364
8688.30073317	22.7273790239	17.426254869
8688.43404733	22.7654960667	17.4109667052
8688.5673615	22.8118000969	17.3961904749
8688.70067567	22.8700884417	17.4022884883
8688.83398988	22.9284686197	17.4017612458
8688.967304	22.9854326647	17.4058319379
8689.10061808	23.0579394802	17.4291611015
8689.23393238	23.1241519908	17.4689470551
8689.36724654	23.1821387382	17.4996925595
8689.50056071	23.2263706177	17.511395067
8689.63387479	23.2734526475	17.5092216144
8689.76718883	23.3522743587	17.4934614559
8689.900503	23.4319138842	17.4696973481
8690.03381725	23.5038399346	17.4434989033
8690.16713133	23.5549467004	17.4244262797
8690.30044546	23.6134482307	17.4046229024
8690.43375979	23.6777072907	17.406835434
8690.56707396	23.7468047667	17.4088340588
8690.70038808	23.8300091199	17.4259484247
8690.83370229	23.9177053851	17.4478348585
8690.96701637	23.9901722355	17.4738501799
8691.10033042	24.0419736498	17.4873526412
8691.23364454	24.0775945163	17.4887121054
8691.36695871	24.1072673425	17.4836228116
8691.50027288	24.1356633325	17.4670155383
8691.63358725	24.1741938349	17.4426339765
8691.76690125	24.2281883644	17.3980643486
8691.90021542	24.2725102881	17.3594760866
8692.0335295	24.3161519698	17.330717345
8692.16684371	24.3562199895	17.3082245862
8692.30015775	24.404071625	17.2952246102
8692.43347196	24.4675101908	17.2853084635
8692.56678596	24.5338983607	17.2839297307
8692.70010025	24.6036595342	17.2908452396
8692.83341442	24.6811506106	17.3134534922
8692.96672867	24.7462521571	17.339870885
8693.10004275	24.7887714224	17.3527582307
8693.23335688	24.8450019574	17.3560513342
8693.36667104	24.897068784	17.3565114126
8693.49998517	24.9404490716	17.3508314876
8693.63329917	24.9963952949	17.3326534764
8693.76661338	25.0652714557	17.293435769
8693.89992775	25.3036478977	17.2847492446
8694.03324179	25.3463104545	17.2281528835
8694.16655592	25.3942816352	17.1980179259
8694.29987021	25.426078008	17.1714355246
8694.43318421	25.4534829079	17.1410658757
8694.56649825	25.4732365446	17.1273310102
8694.69981246	25.5122352094	17.1091009246
8694.83312679	25.5334973506	17.1032832751
8694.96644075	25.5546401636	17.0909969233
8695.099755	25.5847395712	17.0737635709
8695.23306917	25.6298075889	17.0641408495
8695.36638333	25.6835423407	17.0473806462
8695.49969746	25.7327477673	17.0585751025
8695.6330115	25.8046760037	17.0832990918
8695.76632562	25.8707566871	17.0876816028
8695.89963988	25.8996111156	17.0871656311
8696.03295412	25.9275712468	17.0879883208
8696.16626812	25.9822416807	17.0704890814
8696.29958242	26.0442440993	17.0658638203
8696.43289658	26.1066259565	17.0458942212
8696.56621067	26.1791640419	17.0012883511
8696.69952496	26.2326275447	16.9671211305
8696.832839	26.2673860845	16.9385542066
8696.96615304	26.2169906165	16.9258525276
8697.09946737	26.274782979	16.9136662513
8697.23278146	26.3311732329	16.8981208543
8697.36609554	26.3953699188	16.8928205596
8697.49940987	26.4710672175	16.8884930467
8697.63272396	26.5411732481	16.8980790459
8697.76603817	26.602388689	16.9226606283
8697.89935237	26.6438006817	16.9417546394
8698.03266646	26.6792095686	16.9559024175
8698.1659805	26.7170148649	16.9643286903
8698.29929475	26.7683102729	16.9569964928
8698.43260888	26.835701215	16.9425441914
8698.56592296	26.9147805244	16.90955455
8698.69923725	26.9802618763	16.8798234442
8698.83255138	27.041647836	16.8574349103
8698.96586554	27.1026373797	16.8407566264
8699.09917979	27.1732287983	16.8270623163
8699.23249388	27.2514236109	16.818773235
8699.36580787	27.3337205694	16.8139015796
8699.49912217	27.4086288335	16.8270445653
8699.63243633	27.4698389644	16.8431661494
8699.7657505	27.5142434936	16.8503682799
8699.89906467	27.5581402086	16.8451207266
8700.03237892	27.5978312817	16.8308858114
8700.165693	27.6376139128	16.803200836
8700.29900708	27.6823836634	16.7549927263
8700.43232129	27.7232433973	16.6908270677
8700.56563533	27.7514965558	16.6161893196
8700.69894954	27.773455264	16.5503955241
8700.83226379	27.7972145054	16.4854505986
8700.96557796	27.8166761767	16.4243783713
8701.09889229	27.8382397933	16.3664048252
8701.23220646	27.8672009103	16.3044466353
8701.36552042	27.9006599239	16.2391356216
8701.49883467	27.9468215962	16.1780566358
8701.63214883	27.9914828294	16.1162785916
8701.76546288	28.0250507243	16.0651175123
8701.89877712	28.042225194	16.0244367245
8702.03209129	28.0559964005	15.9785580719
8702.16540567	28.0556709239	15.9379682682
8702.29871971	28.0496496286	15.9040420408
8702.43203392	28.050421798	15.8597015474
8702.56534792	28.0377842916	15.7999494677
8702.69866217	28.0142388788	15.7276042319
8702.83197638	27.9909956502	15.6587388072
8702.96529037	27.9688606939	15.6030526895
8703.09860458	27.9534255731	15.5471023664
8703.23191892	27.9442911792	15.4923080889
8703.36523312	27.9392493593	15.4256812403
8703.49854733	27.9455024405	15.3509273008
8703.63186158	27.9608548232	15.2750576498
8703.76517571	27.98141254	15.2076847333
8703.89848979	27.993981255	15.1578368346
8704.031804	28.0063532715	15.1132490604
8704.16511821	28.016531973	15.079312665
8704.29843225	28.0083985329	15.0260377595
8704.43174671	27.9904601865	14.9649490066
8704.56506079	27.9656235298	14.9065545841
8704.69837492	27.9501947546	14.8607142591
8704.83168917	27.9411523329	14.7931299213
8704.96500325	27.9460085904	14.7234368595
8705.09831737	27.9623598619	14.6457965812
8705.23163171	27.9942117895	14.569196574
8705.36494579	28.0342735885	14.5083214168
8705.49826	28.0612473533	14.4665144782
8705.63157425	28.071924517	14.4301277694
8705.76488846	28.0733054045	14.3996768967
8705.89820275	28.0685876677	14.3714198523
8706.03151683	28.0613666802	14.337984378
8706.164831	28.0461373213	14.2912139277
8706.29814517	28.020201418	14.2340201953
8706.43145925	27.977856442	14.1623767594
8706.5647735	27.9431189964	14.1027285509
8706.69808775	27.9194882395	14.0537333733
8706.83140204	27.9079612022	14.0106605999
8706.96471608	27.9101423029	13.980549225
8707.09803033	27.9304309132	13.9623964871
8707.23134458	27.9655215416	13.9474544592
8707.36465875	28.0048115604	13.9315397953
8707.49797275	28.0422963574	13.9073062628
8707.63128704	28.060675597	13.8742247204
8707.76460112	28.0645606329	13.8503822773
8707.89791529	28.0646544755	13.8405722164
8708.03122962	28.0516550492	13.8414903758
8708.16454383	28.0324607271	13.8505424251
8708.29785804	28.0178663161	13.8594515872
8708.43117221	28.0034803409	13.8818006211
8708.56448642	28.0022913628	13.8993613708
8708.6978005	28.0047989444	13.9114397993
8708.83111471	28.0085004877	13.9138974764
8708.96442879	28.0104074418	13.9249762817
8709.09774296	28.0044157658	13.938240045
8709.23105742	28.0026195446	13.9442611736
8709.36437154	28.0027214401	13.9472811103
8709.49768554	28.003720511	13.9458004829
8709.63099996	28.0033208124	13.9462807339
8709.76431404	27.997715265	13.9374442505
8709.89762808	27.9971112732	13.9310846284
8710.03094233	27.9903280016	13.9577388912
8710.16425642	27.9713522644	13.9964008091
8710.29757062	27.9593665648	14.0191883365
8710.43088513	27.9675693689	14.0236531889
8710.56419921	28.0013061646	14.4062901579
8710.69751338	28.0608680701	14.4135203263
8710.83082758	28.1304394191	14.4343058959
8710.96414171	28.1908394705	14.4504740094
8711.09745583	28.23221558	14.4544228908
8711.23077004	28.2721243694	14.4531424919
8711.36408425	28.3131146409	14.4388386028
8711.49739842	28.3496948211	14.4101468475
8711.63071279	28.3959995809	14.3775558424
8711.76402688	28.4328405994	14.3551258411
8711.89734096	28.4648904686	14.3312658436
8712.03065525	28.4947014753	14.3136119636
8712.16396942	28.5368139303	14.2957650244
8712.2972835	28.5897409981	14.2756156846
8712.43059783	28.6494447271	14.2592188057
8712.56391179	28.7299777421	14.2541924346
8712.69722625	28.815698878	14.2670688651
8712.83054046	28.8824078576	14.2978167257
8712.9638545	28.935523001	14.3115492251
8713.09716875	28.9915639386	14.3051796319
8713.23048283	29.048105635	14.2827028558
8713.36379704	29.1026047927	14.2510331239
8713.49711104	29.1546303324	14.2151378371
8713.63042533	29.2002228463	14.1845024152
8713.76373946	29.2450372681	14.1503620578
8713.89705383	29.2836713709	14.1290432939
8714.03036804	29.3207654091	14.1141250222
8714.16368229	29.3742937787	14.0937694394
8714.29699633	29.4351549509	14.0841799334
8714.43031058	29.5007747467	14.0812203218
8714.56362467	29.5865006988	14.0933267674
8714.69693904	29.4200419641	13.8936517221
8714.83025321	29.4852717843	13.9284295448
8714.96356729	29.5323846115	13.9534212058
8715.09688167	29.5701757603	13.968033478
8715.23019579	29.6003291304	13.9794622475
8715.36351	29.6289403508	13.9899041662
8715.49682417	29.6764516473	13.9846903759
8715.63013846	29.7460607934	13.9704504048
8715.76345242	29.8287087771	13.9332498781
8715.89676675	29.8897934534	13.8947889261
8716.03008096	29.9783073708	13.840892172
8716.163395	30.0219965271	13.8213371824
8716.29670933	30.0542217072	13.8106228289
8716.43002358	30.084995697	13.7982275093
8716.56333763	30.1245100463	13.7912210409
8716.69665196	30.172584079	13.7839627362
8716.82996621	30.2297820456	13.7768663839
8716.96328025	30.299248773	13.7793520776
8717.09659437	30.3609329282	13.8029802515
8717.22990875	30.4286790868	13.8316387946
8717.363223	30.4814660487	13.866755552
8717.49653725	30.5159858794	13.8844035941
8717.62985146	30.5492333707	13.9027774131
8717.76316554	30.5722985451	13.9118126014
8717.89647971	30.6020048198	13.9098633329
8718.02979408	30.6583776235	13.9008326574
8718.16310812	30.7311848681	13.8726657844
8718.29642233	30.8062168627	13.8432487165
8718.42973658	30.8765116997	13.8161848885
8718.56305088	30.9301619768	13.7920890097
8718.69636508	30.9679900595	13.7783483744
8718.82967921	30.9946105053	13.7685109781
8718.96299346	31.0198516426	13.7627236569
8719.09630771	31.0493430945	13.7609252236
8719.22962179	31.0806074972	13.7627557219
8719.362936	31.1299869444	13.7750209489
8719.49625033	31.1809143461	13.7965985729
8719.62956446	31.2381019586	13.8264888234
8719.76287879	31.2904297512	13.8654797471
8719.896193	31.3427059531	13.8974359469
8720.02950725	31.3765490631	13.9126311439
8720.16282154	31.4229275028	13.9171767819
8720.29613558	31.4712716805	13.909170198
8720.42944979	31.5377587133	13.8852687468
8720.56276408	31.5905709625	13.8517856102
8720.69607817	31.6304625379	13.8211834091
8720.82939233	31.6826588275	13.8008595352
8720.96270667	31.7347564154	13.7891934415
8721.09602104	31.7766494641	13.7846969909
8721.22933512	31.821751926	13.7813312775
8721.36264937	31.8817581939	13.7840356111
8721.49596363	31.9568222046	13.7987394438
8721.62927767	32.0332672931	13.8223887236
8721.76259192	32.0961324249	13.86037696
8721.89590621	32.5444238902	14.2769960363
8722.02922054	32.6529148775	14.3745327697
8722.16253475	32.7624586433	14.55953419
8722.29584896	32.8124686012	14.5366652916
8722.42916321	32.8623498579	14.4952972626
8722.56247742	32.9025892989	14.4574862393
8722.69579146	32.9259042893	14.4213253581
8722.82910571	32.9612475566	14.3846723861
8722.96241992	32.9960084919	14.3614875576
8723.09573412	33.0274645413	14.3384618794
8723.22904854	33.0664115102	14.3248727803
8723.36236267	33.1009900833	14.3201140107
8723.49567704	33.1447625444	14.3213919969
8723.62899104	33.2000034105	14.3250361161
8723.76230537	33.2255707703	14.1048946654
8723.89561954	33.2955575968	13.9759373496
8724.02893371	33.3385775731	14.0149953647
8724.162248	33.3767435224	14.0363517973
8724.29556217	33.4903896712	13.8488375458
8724.42887654	33.5515856263	13.8711616423
8724.56219062	33.617962765	13.8618232479
8724.69550496	33.6900684709	13.8394446983
8724.82881917	33.7582885482	13.7831212517
8724.96213329	33.7937729021	13.7553047183
8725.09544754	33.8203413806	13.7306863197
8725.22876175	33.8425695547	13.7097556
8725.36207588	33.8664249497	13.7005488286
8725.49539012	33.8955214661	13.6899288645
8725.62870454	33.9277458504	13.6743544639
8725.76201883	33.9557998035	13.6594415798
8725.89533296	33.986325688	13.6532876885
8726.02864729	33.8912744818	13.8810977553
8726.16196142	33.9676670936	13.8107634371
8726.29527558	33.9725876416	13.8193493375
8726.42858975	33.9919253031	13.8230193658
8726.561904	33.9956765226	13.8283033224
8726.69521833	34.0022989857	13.8450460755
8726.82853263	34.0182075148	13.838489353
8726.96184683	33.9865138039	14.0512096044
8727.09516096	34.053912741	14.0116494805
8727.22847525	34.1092770433	13.8926235185
8727.3617895	34.1304351568	13.869658344
8727.49510367	34.1851407741	13.8871008194
8727.628418	34.1896685102	13.8831939638
8727.76173204	34.199777732	13.8722382508
8727.89504654	34.2610229959	13.5708367964
8728.02836067	34.2409701974	13.5449248438
8728.16167488	34.262610727	13.4850978434
8728.29498908	34.286418295	13.4393773643
8728.42830337	34.3040799677	13.405028533
8728.56161758	34.3215363513	13.3760391284
8728.69493179	34.3427981492	13.3358321831
8728.82824604	34.3745713083	13.2916607222
8728.96156033	34.4229590339	13.2317136922
8729.09487475	34.4888929187	13.1733334409
8729.22818879	34.5643080084	13.1088650739
8729.36150304	34.6090549167	13.0726050878
8729.49481725	34.6343802673	13.0245637606
8729.62813163	34.647885131	12.9972299801
8729.76144587	34.6561129124	12.9876571794
8729.89476004	34.6696521914	12.9852031982
8730.02807421	34.6818301824	13.0053557718
8730.16138837	34.6850131158	12.9932892056
8730.29470288	34.6621255639	13.0012198956
8730.42801708	34.669856769	12.9927921695
8730.56133133	34.6843564632	12.985060975
8730.69464558	34.6928968368	12.9627931749
8730.82795983	34.6942542006	12.9297159915
8730.96127392	34.687174447	12.8810417202
8731.09458821	34.672565858	12.8109499551
8731.22790246	34.6516840384	12.7402303538
8731.36121658	34.7579083381	12.6874669896
8731.494531	34.6686963418	12.5713074002
8731.62784525	34.6637473304	12.5305695825
8731.76115963	34.6627256819	12.492340992
8731.89447375	34.7188942243	12.479250081
8732.027788	34.725609831	12.4326683139
8732.16110221	34.7369838452	12.3772047204
8732.29441646	34.759385266	12.3075127643
8732.42773075	34.7754451772	12.2560045305
8732.56104492	34.7849140465	12.1909482094
8732.69435942	34.7874127713	12.1635411524
8732.82767363	34.7813149602	12.1273551164
8732.96098775	34.8079400191	12.0764102249
8733.09430213	34.8000598996	12.0208912404
8733.22761629	34.8007009131	11.9830317556
8733.36093046	34.7184367185	11.8448549089
8733.49424475	34.6918439041	11.824363755
8733.62755904	34.6581737473	11.7576440508
8733.76087346	34.655965578	11.7501845959
8733.89418762	34.6547198152	11.7249849053
8734.02750179	34.6442788402	11.6713973727
8734.16081613	34.6396396158	11.6104232005
8734.29413029	34.6610564781	11.5521952143
8734.4274445	34.6958027089	11.486081645
8734.56075875	34.7469559729	11.4213299125
8734.694073	34.7823439231	11.363777381
8734.82738725	34.7921880193	11.3058599927
8734.96070154	34.7911874708	11.2494786004
8735.09401583	34.7767564967	11.2050795352
8735.22733004	34.7694855983	11.1003508141
8735.36064425	34.7195618681	11.0476246963
8735.49395858	34.7280556572	10.9977271134
8735.62727279	34.739268452	10.9395288761
8735.76058696	34.7542370787	10.8624055805
8735.89390129	34.7738146304	10.7658820089
8736.0272155	34.8106849964	10.6732479843
8736.16052983	34.8400966119	10.6042649881
8736.29384413	34.853740307	10.5605514435
8736.42715829	34.8454841264	10.4815020312
8736.56047263	34.8167943268	10.4163953165
8736.69378683	34.7721084403	10.3494524905
8736.827101	34.7269249833	10.2941900465
8736.96041533	34.6953448319	10.2562099657
8737.0937295	34.6703502723	10.2177310054
8737.22704379	34.6619607987	10.1888511918
8737.36035821	34.6540856142	10.1579031407
8737.4936725	34.6510511533	10.1160531174
8737.62698658	34.6530896936	10.0737497079
8737.76030096	34.6727245436	10.0226101238
8737.89361512	34.6934700555	9.96751340304
8738.02692933	34.7261215632	9.90417146158
8738.16024375	34.7711304516	9.84578976613
8738.293558	34.8969423138	9.6251406774
8738.42687225	35.16796935	9.62283445033
8738.56018654	34.9118475968	9.54488128297
8738.69350071	34.9144899235	9.4628820208
8738.826815	34.8889469977	9.39526037232
8738.96012925	34.8560965268	9.32749949747
8739.09344346	34.8930109462	9.27609912086
8739.22675775	34.8894143303	9.28329501382
8739.36007204	35.8933052666	9.02841352267
8739.49338633	34.95458014	9.18366204399
8739.62670075	34.9692578666	9.102443962
8739.76001496	34.8113866424	9.07193115116
8739.89332912	34.8520002662	9.03142997305
8740.02664342	34.8682707885	8.9615578743
8740.15995767	34.8485472029	8.88753304651
8740.29327187	34.827587911	8.82072827786
8740.42658629	34.8256529962	8.7942462779
8740.55990042	34.7927252386	8.76451587095
8740.69321467	34.7214477824	8.66138369791
8740.82652908	34.6833243556	8.62808047986
8740.95984325	34.6573281159	8.60479431398
8741.09315763	34.6404412266	8.58546032912
8741.22647183	34.6238207884	8.57390125452
8741.35978613	34.6438052577	8.6467940096
8741.49310029	34.6411995642	8.64144701407
8741.62641454	34.6937216238	8.47186765264
8741.75972896	34.7125138127	8.48291523927
8741.89304312	34.6991653966	8.47424136857
8742.02635742	34.6979344965	8.47058774176
8742.15967171	34.7040721498	8.47156917125
8742.29298596	34.699952104	8.46924565653
8742.42630021	34.6959588582	8.46624439946
8742.55961454	34.700527117	8.46667080392
8742.69292875	34.7044537533	8.46267629343
8742.82624292	34.7072834714	8.461988765
8742.95955712	34.6478179548	8.6060995086
8743.0928715	34.6404632682	8.56452839075
8743.22618583	34.6357000797	8.53632505179
8743.35950012	34.645758474	8.54685105857
8743.49281438	34.6665407872	8.65694372273
8743.6261285	34.6701251063	8.6327444943
8743.75944279	34.7962968947	8.41990033808
8743.89275713	34.798197068	8.36130350078
8744.02607133	34.79981673	8.2913061673
8744.15938558	34.8047264721	8.22711446665
8744.29270004	34.8140167196	8.17433027108
8744.42601433	34.8230773932	8.13884570834
8744.55932858	34.8324231939	8.11206164574
8744.69264275	35.0329941547	8.02883968274
8744.82595704	34.9812728691	8.00211792066
8744.95927129	34.9475792061	7.97738035675
8745.09258546	34.8969747017	7.95868211788
8745.22589963	34.8317849912	7.93929702971
8745.35921387	34.7694802097	7.92341011023
8745.49252837	34.6993101899	7.89735520053
8745.62584254	34.6256722516	7.86728238825
8745.75915683	34.5459379393	7.83100278743
8745.89247104	34.4712644486	7.78698767865
8746.02578538	34.4113897424	7.73426131381
8746.15909954	34.364274561	7.68296131693
8746.29241388	34.2618424949	7.69158677843
8746.42572804	34.2149981869	7.67995188241
8746.55904242	34.17100687	7.66903840284
8746.69235679	34.1722594432	7.61687496186
8746.82567092	34.1279344533	7.59209828334
8746.95898517	33.983131778	7.64879894276
8747.09229942	33.8879010838	7.68488639058
8747.22561362	33.8243542085	7.71862658391
8747.35892792	33.7993288168	7.7296424856
8747.49224208	33.7089124353	7.73064883399
8747.62555633	33.6270998814	7.78282866753
8747.75887075	33.5414414151	7.73102480011
8747.89218504	33.4965713809	7.73383371997
8748.02549921	33.4499691735	7.73198865487
8748.15881354	33.4139917185	7.71655224559
8748.29212788	33.3784922761	7.69393102568
8748.42544204	33.3586234074	7.68651293595
8748.55875629	33.3282112527	7.68918142745
8748.69207046	33.2809301466	7.70574122847
8748.82538475	33.2144680616	7.73500299958
8748.95869917	33.1401333112	7.77607117324
8749.09201333	33.0919674586	7.79988336859
8749.22532758	33.0334971593	7.8183515601
8749.35864196	32.9788318874	7.83441730154
8749.49195604	32.9209991377	7.83748700188
8749.62527029	32.8489470485	7.83399466097
8749.75858454	32.7759500193	7.82230005891
8749.89189875	32.7025845084	7.79773439544
8750.025213	32.6300506765	7.776546351
8750.15852746	32.5706323404	7.77688001119
8750.29184167	32.4961589916	7.78352608743
8750.42515592	32.4299527253	7.80337804682
8750.55847008	32.3691389378	7.83600385336
8750.69178433	32.3098005723	7.87647332804
8750.82509858	32.2586258814	7.90526014821
8750.95841283	32.2065574881	7.93517891177
8751.09172704	32.1563261714	7.95099962052
8751.22504142	32.0947374676	7.96209383389
8751.35835562	32.0352756182	7.96172172741
8751.49167	31.9674399179	7.95445552046
8751.62498425	31.8958787916	7.93364674357
8751.75829846	31.8244667153	7.90973993761
8751.89161279	31.7732648223	7.89648904542
8752.02492696	31.7221610759	7.89448227913
8752.15824125	31.6808954823	7.8973806889
8752.29155542	31.6494976718	7.90980153821
8752.42486975	31.6323722684	7.91815441542
8752.55818408	31.6055701143	7.92582869311
8752.69149842	31.5719445052	7.91981135073
8752.82481254	31.5297938308	7.90628579532
8752.95812692	31.4768005034	7.87914639122
8753.09144096	31.4163513972	7.83495379497
8753.22475525	31.3540293904	7.78037744973
8753.35806954	31.2908010299	7.72833655776
8753.49138379	31.2485605314	7.69473908337
8753.624698	31.2077553375	7.66948366512
8753.75801237	31.1627013617	7.6571289388
8753.89132671	31.1073105461	7.64855703453
8754.024641	31.0371291934	7.651736301
8754.15795517	30.9583774322	7.66666580569
8754.2912695	30.8941674803	7.67293414522
8754.42458358	30.8280682816	7.67774620644
8754.557898	30.7643375741	7.67432174839
8754.69121213	30.6876583329	7.65851845853
8754.82452658	30.605468724	7.62642051162
8754.95784075	30.5184995171	7.58390549015
8755.09115504	30.4320607921	7.54103187565
8755.22446929	30.3798361875	7.51555952442
8755.35778363	30.3314826633	7.4993275594
8755.49109783	30.0770120987	7.49290927114
8755.62441213	30.0288355929	7.48813534894
8755.75772621	29.9528953764	7.48377362231
8755.89104046	29.8638138451	7.55232349712
8756.024355	29.8295819744	7.5801772119
8756.15766912	29.7392543377	7.61655129583
8756.2909835	29.6789202642	7.6476647908
8756.42429767	29.6266928227	7.67237965176
8756.557612	29.5738953311	7.68670148415
8756.69092617	29.5194916089	7.69656125162
8756.82424042	29.4562522225	7.69638802165
8756.95755458	29.3850098268	7.68585516617
8757.09086879	29.3115750657	7.6628754824
8757.22418317	29.2396531254	7.64093568958
8757.35749742	29.1870334927	7.62987114046
8757.49081175	29.1333974744	7.62674743264
8757.62412592	29.0882828666	7.62599765936
8757.75744017	29.0350823494	7.63476093345
8757.89075442	28.976447304	7.65146875927
8758.02406871	28.9015389877	7.68498463847
8758.15738288	28.8403453495	7.71672355218
8758.29069708	28.7822720057	7.73388358517
8758.42401154	28.7175290745	7.74371582137
8758.55732583	28.6504020052	7.74991957511
8758.69063996	28.5673991342	7.73953239994
8758.82395438	28.4615802272	7.7171502883
8758.95726854	28.3646557574	7.68854089903
8759.09058267	28.27351069	7.66376537311
8759.223897	28.2101014963	7.65544406573
8759.35721129	28.153194244	7.65965650316
8759.4905255	28.0963689548	7.67522205832
8759.62383983	28.0436057938	7.69808138574
8759.757154	27.990415165	7.74017992497
8759.89046838	27.9462875469	7.77194977425
8760.0237825	27.9000352973	7.80724324959
8760.15709675	27.8621164047	7.82581682183
8760.290411	27.8213225042	7.83840839363
8760.42372521	27.7804215859	7.84215470979
8760.55703942	27.7358148601	7.84245472501
8760.69035387	27.6876467732	7.83881942477
8760.82366808	27.6302678339	7.82039831385
8760.95698238	27.5844381172	7.78745461848
8761.09029654	27.5458851605	7.75175252432
8761.22361075	27.5209080009	7.72138969347
8761.35692496	27.4988445117	7.69992408264
8761.49023917	27.4839287993	7.68382124062
8761.6235535	27.4654322368	7.67291815951
8761.75686758	27.4494930242	7.66706482712
8761.89018204	27.4251007563	7.66476759623
8762.02349625	27.4010128448	7.66912448942
8762.15681042	27.3780860714	7.6761964808
8762.29012479	27.3462163007	7.68557559142
8762.423439	27.3161420568	7.69842976801
8762.55675321	27.2848627528	7.71017136655
8762.69006746	27.254938215	7.71801878889
8762.82338162	27.2205899687	7.71924270738
8762.95669575	27.183736337	7.71261022441
8763.09001029	27.1416971738	7.69777955485
8763.2233245	27.0988538147	7.67404084011
8763.35663875	27.0568106349	7.64364707369
8763.48995292	27.0118339896	7.6023462096
8763.623267	26.9677422696	7.56905701868
8763.75658142	26.9281373631	7.52050878107
8763.88989558	26.8921745469	7.47499948692
8764.02320967	26.8673854406	7.46373049371
8764.15652383	26.8296063657	7.44396204655
8764.28983837	26.7913645647	7.43379078047
8764.42315254	26.7518614072	7.43093586455
8764.55646683	26.6895122057	7.43425656803
8764.689781	26.6077215004	7.45500362889
8764.82309521	26.5267479868	7.46779190859
8764.95640942	26.4540926733	7.46737308609
8765.08972363	26.3908962813	7.46449280026
8765.22303771	26.3366775327	7.44665751791
8765.35635192	26.3090016657	7.426192514
8765.48966642	26.2874343058	7.40256268142
8765.62298054	26.283354553	7.37428273063
8765.75629471	26.2886987696	7.34504423976
8765.88960888	26.2972903996	7.32322695545
8766.02292308	26.2869301618	7.30894005681
8766.15623688	26.2724781031	7.28434456943
8766.28955154	26.249285339	7.24420237599
8766.42286571	26.2112792422	7.1912799176
8766.55618004	26.1530314714	7.13010854198
8766.68949425	26.0906686803	7.06334551114
8766.82280846	26.0345780165	7.00497893305
8766.95612267	25.9983009465	6.951810576
8767.08943683	25.9701682435	6.8940542688
8767.22275108	25.9400210248	6.83079507813
8767.35606525	25.9206791455	6.75123942651
8767.48937933	25.9114426354	6.68434124356
8767.62269367	25.8916352471	6.61106916586
8767.75600804	25.8882202063	6.54419325469
8767.88932217	25.8826270204	6.49258350491
8768.02263642	25.8693627035	6.45925937106
8768.15595054	25.8433082333	6.40741330483
8768.28926475	25.7981243519	6.36729863347
8768.42257896	25.745534727	6.33806352851
8768.55589312	25.6692064059	6.28701113005
8768.68920725	25.5916646669	6.25723565846
8768.82252142	25.5202837055	6.23263365945
8768.95583588	25.4511900683	6.21496478009
8769.08915	25.3779674875	6.20746653616
8769.22246412	25.3056539591	6.2043675676
8769.35577842	25.2311257936	6.19464323998
8769.48909242	25.1550170735	6.16790856706
8769.62240679	25.0854641236	6.1207797313
8769.755721	25.0318135791	6.07879807977
8769.88903504	24.9923385743	6.05556353659
8770.02234929	24.9496876003	6.04529638405
8770.15566367	24.8945560797	6.0509740098
8770.28897792	24.8249984734	6.06298314811
8770.422292	24.7525571953	6.08025483688
8770.55560621	24.7060980249	6.09554913265
8770.68892046	24.6534582817	6.10366007819
8770.8222345	24.603211962	6.09411453699
8770.95554875	24.554501041	6.09093237153
8771.08886292	24.5114346673	6.08193306873
8771.22217717	24.4577797816	6.07790401898
8771.3554915	24.3867412176	6.07291178193
8771.48880563	24.3168668899	6.0527628779
8771.62211979	24.2501524468	6.02205484843
8771.75543392	24.19569894	5.98341464145
8771.88874813	24.1568202828	5.94798442816
8772.02206242	24.1207952893	5.92546222025
8772.15537646	24.0906397038	5.91692286081
8772.28869067	24.0669489461	5.90906614402
8772.42200512	24.0440020715	5.90298330375
8772.55531917	24.0076127058	5.91014808344
8772.68863333	23.9463272069	5.92952894061
8772.8219475	23.8732292684	5.95186213084
8772.95526163	23.7942745932	5.99686134488
8773.08857604	23.7311044804	6.036053013
8773.22189025	23.6674837095	6.06687050012
8773.35520429	23.6086281261	6.09048639102
8773.48851842	23.5555980377	6.09735732422
8773.62183292	23.5009960494	6.10830368753
8773.755147	23.438131545	6.10173831681
8773.88846125	23.3627391769	6.08711672937
8774.02177538	23.3058257466	6.06241204451
8774.15508938	23.2441143472	6.02743557827
8774.28840379	23.2043693168	6.00608440604
8774.42171792	23.1705716408	5.99450610315
8774.555032	23.1366425048	5.99888031474
8774.68834617	23.0857651915	6.01417832093
8774.82166058	23.0122886605	6.03848550907
8774.95497467	22.9311985286	6.08489887464
8775.08828892	22.8749021502	6.11577358567
8775.22160325	22.8038744022	6.14522114947
8775.35491725	22.7523923929	6.16277400437
8775.48823142	22.6910741124	6.16468148392
8775.62154567	22.6153857363	6.15334659382
8775.75486	22.5355059425	6.13169414505
8775.88817404	22.4556799683	6.10944411494
8776.02148837	22.401387605	6.09019653628
8776.15480242	22.3624121245	6.09040128651
8776.28811675	22.3162208184	6.09045818588
8776.42143083	22.2783563669	6.09839375849
8776.554745	22.2141287386	6.11811206888
8776.68805929	22.1348168151	6.1581592759
8776.82137346	22.0551225887	6.19576233796
8776.95468758	21.9944105441	6.21880941254
8777.08800162	21.9347949929	6.24305969212
8777.22131604	21.8714086833	6.25120682353
8777.35463013	21.8076598658	6.25891968766
8777.48794437	21.7377725425	6.25563760997
8777.62125863	21.6622366553	6.24260957276
8777.75457271	21.7311838552	6.02301823117
8777.88788696	21.671195595	5.97895851447
8778.02120108	21.6305285811	5.94832040122
8778.15451508	21.5883179519	5.92716212191
8778.28782946	21.5418738795	5.92370406744
8778.42114375	21.4826997806	5.93582537191
8778.55445792	21.4049795154	5.95479720284
8778.68777213	21.3146781089	5.9936037227
8778.82108621	21.2360376138	6.02576771709
8778.95440042	21.1522408062	6.04878499399
8779.08771446	21.0146464499	6.00928253864
8779.22102871	20.9470346527	6.01526709174
8779.35434296	20.8736692661	6.0025383819
8779.48765733	20.7639606709	5.95634796393
8779.62097137	20.6698016017	5.9030297687
8779.75428558	20.6039659429	5.86584879702
8779.88759983	20.530839819	5.88578312008
8780.020914	20.4364174664	5.88578360612
8780.15422817	20.3616232009	5.89744425603
8780.28754221	20.3046838663	5.93284029116
8780.42085637	20.2680662333	5.93918695293
8780.55417067	20.1954464226	5.98129122995
8780.68748492	20.1717338833	5.99456514755
8780.82079925	20.1299988895	5.99134630491
8780.95411342	20.1196127136	5.9797498581
8781.08742737	20.0318484123	5.97746005121
8781.22074167	19.9573622887	5.94911897601
8781.35405592	19.8932552316	5.89500266871
8781.48737008	19.8591913748	5.83334853838
8781.62068417	19.8005681837	5.79325777892
8781.75399846	19.7558355297	5.76599899571
8781.88731279	19.7102446281	5.7529346132
8782.02062688	19.6608152897	5.74808733499
8782.15394112	19.5916110377	5.75456668
8782.28725533	19.5091405011	5.77865278763
8782.42056942	19.4465792591	5.79807065334
8782.55388375	19.3810124936	5.80838812193
8782.68719779	19.3201238524	5.81863664704
8782.82051208	19.2425433375	5.81580403095
8782.95382646	19.1632381946	5.79425427678
8783.08714058	19.0713399163	5.76391685834
8783.22045483	18.9784480844	5.71313417271
8783.35376892	18.9099353974	5.67299019911
8783.48708317	18.8427975039	5.6614878795
8783.62039733	18.787581331	5.65980361355
8783.75371167	18.7230506838	5.67003826399
8783.88702567	18.6546348723	5.68687424753
8784.02033987	18.5875506058	5.72137590084
8784.15365442	18.5341736198	5.74436032539
8784.28696846	18.4784888037	5.76728214148
8784.42028267	18.4198857034	5.77145097067
8784.55359683	18.3569058224	5.76918084106
8784.68691096	18.28163785	5.75976835816
8784.82022529	18.1890702867	5.74082870079
8784.9535395	18.1016211114	5.69711012085
8785.08685363	18.0262409894	5.6465182557
8785.22016783	17.9866693938	5.61391121328
8785.35348221	17.9386035744	5.59502796642
8785.48679638	17.8831292296	5.5912004909
8785.62011067	17.8366701452	5.59232937294
8785.75342475	17.7672538706	5.60673595874
8785.88673896	17.6905976806	5.64044496991
8786.02005308	17.6194529905	5.67075817949
8786.15336738	17.4189527029	5.70010184467
8786.2866815	17.3493790076	5.72573764782
8786.41999571	17.2917447054	5.72904201111
8786.55331013	17.2404116598	5.73601071741
8786.68662425	17.1792713604	5.72455309884
8786.8199385	17.1039179343	5.69978583007
8786.95325258	17.031186252	5.66880532828
8787.08656679	16.9619249498	5.634819918
8787.21988113	16.9073292726	5.61058720172
8787.35319521	16.8507020224	5.59697808232
8787.48650937	16.791740585	5.59324528158
8787.61982358	16.7271978412	5.5971334466
8787.75313796	16.6570243635	5.62124960546
8787.88645221	16.5861179336	5.64324848276
8788.01976638	16.5236809398	5.66649325433
8788.15308054	16.4617095874	5.67718726584
8788.28639467	16.3972043016	5.67684228819
8788.41970892	16.3284792769	5.67128499791
8788.55302304	16.248287678	5.65560021646
8788.68633733	16.166369637	5.62454558473
8788.81965179	16.0890765882	5.58846526438
8788.95296592	16.0396755047	5.5657420836
8789.08628004	15.9951359173	5.5478134263
8789.21959433	15.9508207157	5.54091425906
8789.35290858	15.9060663703	5.53203843993
8789.48622275	15.8521400399	5.53211453635
8789.61953696	15.7806924591	5.54647202924
8789.75285113	15.696073124	5.57801985042
8789.88616533	15.6245509507	5.60972372437
8790.01947975	15.5519354616	5.62674879862
8790.15279383	15.4743814058	5.637758014
8790.286108	15.3890909194	5.63874037827
8790.41942225	15.2982970582	5.62273228156
8790.55273642	15.2131555551	5.59275551464
8790.68605058	15.1281364576	5.56269438607
8790.81936488	15.0791423784	5.54688808663
8790.95267904	15.035504534	5.53997958175
8791.08599321	14.9923685781	5.53868895976
8791.21930771	14.9521310653	5.53879927564
8791.35262187	14.8903856065	5.55245020651
8791.48593587	14.8220595756	5.5781279479
8791.61925025	14.7500924147	5.60200161841
8791.75256442	14.6980863072	5.61989559472
8791.88587854	14.6453823224	5.63093427619
8792.01919271	14.5838916647	5.62807046588
8792.15250692	14.5166788347	5.6176721254
8792.28582108	14.3680356712	5.56262258518
8792.41913562	14.2842982743	5.53658532519
8792.55244967	14.2253572668	5.49806250403
8792.68576383	14.1679853149	5.46808434234
8792.81907804	14.1164169268	5.44760990388
8792.95239238	14.0671333606	5.44022117136
8793.08570654	14.0131340064	5.44686266993
8793.21902071	13.9348134094	5.46216451929
8793.35233492	13.8530665215	5.50011708454
8793.48564917	13.7972880984	5.51931545746
8793.61896358	13.7355788146	5.53888865054
8793.75227767	13.6770803375	5.55140258587
8793.88559187	13.6094253242	5.55794741371
8794.01890617	13.5369175595	5.55835011611
8794.15222029	13.44878597	5.54503122257
8794.2855345	13.3552813872	5.5222814731
8794.41884879	13.2720676022	5.4982854967
8794.55216296	13.2180910186	5.48556365228
8794.68547729	13.1685472216	5.48417161387
8794.81879158	13.1071652042	5.48635345862
8794.95210562	13.0362821546	5.49431274101
8795.08542	12.9703975758	5.51750075248
8795.21873417	12.8950589674	5.5521146873
8795.35204825	12.8363452695	5.57850715929
8795.48536267	12.777566549	5.59874510676
8795.61867687	12.7117091497	5.60843437158
8795.75199104	12.6336742878	5.6106725019
8795.88530542	12.5542463708	5.60225908314
8796.01861958	12.476787422	5.57605279882
8796.15193392	12.4035419104	5.53736935751
8796.28524804	12.3386286849	5.50797898396
8796.41856217	12.2923834639	5.48684253124
8796.5518765	12.25343004	5.47225064073
8796.68519062	12.2101566197	5.47213796742
8796.81850492	12.1429171282	5.47581209123
8796.95181908	12.063306874	5.49901538882
8797.0851335	11.9683916359	5.54209027343
8797.21844775	11.8923421403	5.56795074953
8797.351762	11.8296566151	5.58458185956
8797.48507621	11.7678648208	5.59023969092
8797.61839046	11.694334055	5.59565472499
8797.75170467	11.6157152357	5.58754290392
8797.88501896	11.5412975786	5.56705316963
8798.01833312	11.4724083309	5.5399923556
8798.15164725	11.4169955904	5.5235662092
8798.28496171	11.3606316649	5.5158894712
8798.41827592	11.2972287223	5.52447164886
8798.55159021	11.3142267292	5.49493233836
8798.68490429	11.241108543	5.53074118309
8798.81821862	11.1599866741	5.56493618609
8798.95153275	11.0846453392	5.60923976653
8799.08484708	11.017167645	5.62760422336
8799.21816133	10.9460119397	5.63084385505
8799.35147558	10.8685666912	5.62422591883
8799.48478996	10.7817452844	5.60242587604
8799.61810413	10.6933054001	5.57208545933
8799.75141838	10.6264523807	5.54796094487
8799.88473254	10.5755069591	5.53485310068
8800.01804679	10.540272615	5.52919180899
8800.15136104	10.5005578128	5.53508830079
8800.28467533	10.453955821	5.54893981538
8800.41798942	10.3965955548	5.57632782636
8800.55130387	10.3318308726	5.61756003266
8800.68461808	10.2842880221	5.65170068684
8800.81793237	10.2309177263	5.6694793203
8800.95124662	10.1777092017	5.67716759801
8801.08456071	10.1201544618	5.67741795685
8801.21787492	10.0612251372	5.66441099993
8801.35118921	9.99023318965	5.64137664967
8801.4845035	9.92233530258	5.60232541486
8801.61781762	9.86271096611	5.56999435746
8801.75113196	9.81131346746	5.55479477801
8801.88444625	9.76215791171	5.54610623798
8802.0177605	9.70933595592	5.55365099943
8802.15107463	9.64612498102	5.57478840736
8802.28438883	9.57618549934	5.61341302575
8802.41770321	9.51728840702	5.63884779983
8802.55101733	9.46663527416	5.66027639912
8802.68433167	9.41520517942	5.6702581014
8802.81764592	9.35340484918	5.67299849878
8802.95096029	9.29587108886	5.66971181353
8803.08427437	9.24633673525	5.66501165439
8803.21758858	9.19270897623	5.65746374927
8803.35090279	9.12431448757	5.63613932079
8803.48421704	8.78281547531	5.60187593791
8803.61753125	8.74221004333	5.58460444784
8803.7508455	8.70351286855	5.57132896119
8803.88415971	8.6756845137	5.57044344039
8804.01747387	8.60507923043	5.55982773683
8804.15078833	8.58289406454	5.58298849296
8804.28410258	8.52619458921	5.60736120348
8804.41741671	8.4479172519	5.64937623041
8804.55073096	8.35160640785	5.66704259432
8804.68404517	8.31129327512	5.68801648833
8804.81735937	8.26522670695	5.7076367278
8804.9506735	8.27578118321	5.67335224027
8805.08398792	8.2151584049	5.67893356181
8805.21730221	8.14828285455	5.68403976047
8805.35061638	8.08961040045	5.69050941499
8805.48393058	8.04085030185	5.70208154032
8805.61724496	8.01007400337	5.71763726119
8805.75055904	7.98825079139	5.7272281902
8805.88387333	7.97407157293	5.73514366011
8806.0171875	7.95720017482	5.70876649715
8806.15050167	7.92303102462	5.66947078269
8806.28381583	7.89364542212	5.64562910562
8806.41713029	7.78026393401	5.66959850284
8806.5504445	7.75299705483	5.69025010518
8806.68375871	7.68790186553	5.71286439557
8806.81707296	7.61280855754	5.74452185592
8806.95038717	7.54056803833	5.78936340121
8807.08370142	7.48905032318	5.82087795541
8807.21701562	7.43331798962	5.85168625779
8807.35032988	7.38324430779	5.87976528178
8807.48364404	7.32474017481	5.90707678163
8807.61695842	7.26213599488	5.93277927091
8807.75027267	7.18489451655	5.95515239152
8807.88358671	7.10329658648	5.9684850847
8808.01690096	7.01901975678	5.97377650952
8808.15021517	6.94457032749	5.97637379229
8808.28352942	6.89408522778	5.98712311821
8808.41684358	6.84543992618	6.01085740631
8808.55015788	6.81540520953	6.03504845209
8808.68347196	6.79192940397	6.06585794824
8808.81678638	6.8741200201	5.86448662907
8808.95010062	6.78327254025	5.88924488069
8809.08341479	6.78891898159	5.96922502698
8809.21672896	6.80190447912	6.04491439779
8809.35004317	6.81722076055	6.10270524502
8809.48335746	6.83053342896	6.14988275936
8809.61667158	6.84024322579	6.18532713192
8809.74998587	6.84967846599	6.21004475199
8809.88330004	6.85223211796	6.22647849355
8810.01661437	6.84737644316	6.23623487209
8810.14992858	6.85087027429	6.25643712306
8810.28324279	6.84908315383	6.28001477774
8810.41655696	6.8399808511	6.30753387993
8810.54987129	6.8315676679	6.35744440936
8810.68318538	6.8275621089	6.42559632714
8810.81649954	6.8284936243	6.46970284003
8810.94981375	6.83804579316	6.49425096766
8811.08312804	6.85565648102	6.51868741939
8811.21644229	6.86713111956	6.53388758947
8811.34975654	6.86232884044	6.5463015701
8811.48307083	6.84140136332	6.54950394449
8811.616385	6.81055442634	6.55170291672
8811.74969908	6.78885909856	6.56126083241
8811.88301329	6.77272546264	6.56610420851
8812.01632763	6.76919509067	6.58311262624
8812.14964183	6.76361428518	6.61689138155
8812.28295608	6.7631724616	6.65434401286
8812.41627038	6.75570889498	6.6918884302
8812.54958446	6.7446814454	6.73302521976
8812.68289875	6.72354961527	6.77702885319
8812.81621292	6.6915640049	6.83668676574
8812.94952721	6.6495091263	6.89098641017
8813.08284125	6.59061932815	6.95124688374
8813.2161555	6.52032275406	7.00678278718
8813.34946979	6.44578352574	7.0551048716
8813.48278408	6.39423635109	7.08734381985
8813.61609829	6.35179467987	7.12162235314
8813.74941258	6.31997833189	7.15946449501
8813.88272675	6.29253576192	7.21103362001
8814.01604092	6.26802399428	7.27349700487
8814.14935513	6.25242125231	7.35761280209
8814.28266929	6.23843958659	7.43207005845
8814.41598363	6.22746789634	7.49125673695
8814.54929775	6.20530520632	7.57029475104
8814.682612	6.1839846876	7.64841988645
8814.81592629	6.15882430432	7.7178733069
8814.9492405	6.13804104147	7.76718548071
8815.08255458	6.12168724573	7.80419817805
8815.21586879	6.08236631564	11.5631717517
8815.34918304	6.09728765767	11.5673683407
8815.48249729	6.05855091516	8.01687512897
8815.61581142	6.09100296687	11.4965158712
8815.74912575	6.11001636347	11.4312857036
8815.88243996	6.1472687559	11.3615463651
8816.01575412	6.1484256894	11.3702175276
8816.14906837	6.13984004161	8.32085696813
8816.28238263	6.18533949831	8.40274922838
8816.41569679	6.16279948407	8.47690815348
8816.54901104	6.15817991249	8.54162018412
8816.68232521	6.13531566958	8.61627700165
8816.81563933	6.09533605106	8.69413432118
8816.94895375	6.05768518857	8.76046436455
8817.08226792	6.03195770288	8.81234409354
8817.21558212	6.01197216293	8.85182249633
8817.34889646	6.01676776644	8.88602354598
8817.4822105	6.0078545319	8.90358437256
8817.61552492	6.0067160264	8.95206211892
8817.74883904	6.02203640385	8.99714395331
8817.88215329	6.05466431012	9.06897556648
8818.01546746	6.09665628661	9.12819087386
8818.14878175	6.1382784396	9.19401709264
8818.28209596	6.15202228807	9.24513348218
8818.41541025	6.16129596864	9.2662087605
8818.54872433	6.16647924903	9.32007211565
8818.68203863	6.17539599942	9.40478021053
8818.81535271	6.15700914917	9.4744593368
8818.94866696	6.12000930339	9.53799115492
8819.08198121	6.0848840184	9.60776878137
8819.21529542	6.05689701676	9.64354028176
8819.34860979	6.04355713633	9.68544357148
8819.48192404	6.03596549055	9.72983569595
8819.61523821	6.03548062729	9.78132847124
8819.74855238	6.05392268534	9.84113429951
8819.88186658	6.09283946	9.9100031339
8820.01518075	6.11710940431	9.96702108812
8820.14849508	6.13868638429	10.0168450696
8820.28180912	6.15486469395	10.0559625644
8820.41512337	6.16336649451	10.1035130722
8820.54843775	6.16572702488	10.1506579934
8820.68175204	6.16400917006	10.2000558625
8820.81506625	6.15755986124	10.2605081852
8820.94838042	6.13886190005	10.3304339082
8821.08169471	6.10593409986	10.389157302
8821.21500883	6.07873689765	10.4354679303
8821.34832304	6.0649857956	10.4650412323
8821.48163729	6.05393622738	10.4914607089
8821.6149515	6.05205522251	10.5149695247
8821.74826583	6.05893786989	10.5634967837
8821.88158017	6.07444098192	10.6332705504
8822.01489421	6.09984499424	10.6984095384
8822.14820846	6.12250662032	10.7489571516
8822.28152267	6.1409324141	10.7991940805
8822.41483692	6.15197807838	10.8516003845
8822.54815104	6.15745267088	10.8952927824
8822.68146521	6.15402497274	10.9438287143
8822.81477967	6.15130537564	11.0209209694
8822.94809392	6.13012771153	11.0999446908
8823.08140804	6.10359188803	11.174843533
8823.21472225	6.08301003603	11.2342577693
8823.3480365	6.08032104674	11.2726752423
8823.48135067	6.08604659135	11.3231823026
8823.61466483	6.09042436057	11.3704228661
8823.747979	6.10952735997	11.4275345235
8823.88129337	6.13230884049	11.4971346467
8824.01460771	6.0956172646	12.0315041665
8824.14792192	6.13494005809	12.0669918558
8824.28123612	6.15152500647	12.1196799691
8824.41455033	6.17136750793	12.1541427683
8824.54786446	6.18893179041	12.1943674008
8824.68117858	6.18802562055	12.2220650594
8824.81449288	6.21837012723	12.342362395
8824.94780708	6.2044877271	12.4081507243
8825.08112129	6.17814375981	12.4802921901
8825.21443575	6.13888959529	12.5425858131
8825.34774992	6.105618667	12.5939369828
8825.481064	6.08249637106	12.6439288655
8825.61437833	6.06721114612	12.6902913104
8825.74769254	6.06585085193	12.7578420705
8825.88100658	6.06582762735	12.8489294542
8826.01432087	6.08564260104	12.9432385127
8826.14763504	6.10267491721	13.0111356607
8826.28094921	6.11346902786	13.0807989888
8826.41426371	6.11704630757	13.1293918861
8826.54757788	6.11828095425	13.1704029254
8826.68089208	6.11141660728	13.213882973
8826.81420633	6.10546332143	13.2610412903
8826.94752046	6.09701257855	13.3126615251
8827.08083471	6.08178739092	13.3788201539
8827.214149	6.07211842669	13.4080587437
8827.34746317	6.06899240839	13.4276426787
8827.48077754	6.07027882647	13.4297241994
8827.61409179	6.07018136783	13.4113321521
8827.74740587	6.18080626075	13.3864695458
8827.88072008	6.19455830825	13.3964599747
8828.01403429	6.1814983211	13.384023862
8828.14734862	6.18716185889	13.3853063946
8828.28066275	6.20522463386	13.3931107805
8828.41397696	6.20180168443	13.3898517882
8828.54729117	6.20911965487	13.3864129016
8828.68060558	6.20399117384	13.3961318101
8828.81391983	6.1904875239	13.4199379697
8828.94723392	6.1651011528	13.4614657275
8829.08054813	6.09489504188	13.4886870672
8829.2138625	6.06985300066	13.5350647372
8829.34717671	6.05476109568	13.571128582
8829.48049083	6.04796624191	13.6049721924
8829.61380508	6.05414533963	13.644233762
8829.74711925	6.06828604463	13.7084119628
8829.88043371	6.09821557611	13.7803874041
8830.013748	6.11775126241	13.8475387307
8830.14706196	6.13705653395	13.9072108187
8830.28037633	6.14005941083	13.9630029546
8830.41369054	6.13387647433	14.0001457251
8830.54700479	6.12978286835	14.01532333
8830.68031896	6.1090933657	14.0769525248
8830.81363317	6.10408941648	14.0767234132
8830.94694737	6.09141849385	14.0596917744
8831.08026183	6.08117607064	14.0377643221
8831.21357604	6.07742428362	14.0198584294
8831.34689025	6.07631682676	14.0073512419
8831.48020442	6.06584254343	13.9922083264
8831.61351875	5.94938127081	13.7442528883
8831.74683279	5.92516399096	13.7387078224
8831.88014704	5.90105030531	13.7580814195
8832.01346133	5.91395057893	13.7916428712
8832.14677542	5.9437118335	13.8344056391
8832.28008992	5.98268148651	13.8648055313
8832.41340408	6.02029595342	13.8890957614
8832.54671833	6.05778622802	13.8970307668
8832.68003258	6.07909942165	13.9102592163
8832.81334671	6.09530249504	13.914273206
8832.94666083	6.10908493644	13.926609932
8833.07997512	6.11233173746	13.9399324987
8833.21328929	6.12062796067	13.9551234164
8833.34660375	6.12826627041	13.9913017625
8833.479918	6.13899313155	14.0484665292
8833.61323217	6.1405910213	14.1207435155
8833.74654642	6.12445027028	14.1890568389
8833.87986067	6.10918859911	14.2574116185
8834.01317475	6.10580045528	14.2971415025
8834.14648896	6.10815950509	14.3393115023
8834.27980317	6.12951702388	14.3863403369
8834.41311746	6.15742228136	14.4407845892
8834.54643179	6.17885424148	14.8593744564
8834.67974608	6.15278546248	14.9269540088
8834.81306017	6.18072980043	14.9731792451
8834.9463745	6.20735064072	15.0183811761
8835.07968862	6.21825500015	15.0628952631
8835.21300292	6.22236638744	15.1170532773
8835.346317	6.22143428587	15.1676593173
8835.47963121	6.20340512434	15.2216404189
8835.6129455	6.17516741628	15.2907479993
8835.74625975	6.1406633923	15.3460557253
8835.879574	6.11200346939	15.3913403887
8836.01288838	6.09621503251	15.4181137246
8836.1462025	6.08293231303	15.4386281556
8836.27951667	6.0827640849	15.4650725478
8836.41283092	6.08123737551	15.500735739
8836.54614504	6.09640897328	15.5578259935
8836.67945925	6.1247472915	15.6189803096
8836.8127735	6.2400066926	15.6842719192
8836.94608792	6.25449491	15.7370557304
8837.07940221	6.24484660941	15.7811330586
8837.21271633	6.24908436138	15.8317749858
8837.3460305	6.25157205525	15.8906981728
8837.47934479	6.25161326465	15.9631463188
8837.61265896	6.24026349371	16.0416701138
8837.74597321	6.19977316869	16.1001742833
8837.87928746	6.13924829478	16.1618206013
8838.01260154	6.09992672967	16.2096958581
8838.14591604	6.066114383	16.2542488093
8838.27923012	6.05597096309	16.2835342707
8838.41254433	6.04970972572	16.3262575576
8838.54585858	6.04257491859	16.3664309509
8838.67917279	6.0429689217	16.4167006809
8838.81248708	6.05159350606	16.4694669552
8838.94580125	6.08162701445	16.5326845943
8839.07911554	6.11555694549	16.6096815254
8839.21242979	6.14078270506	16.6576322928
8839.34574412	6.16643975483	16.6887137309
8839.47905817	6.18422301529	16.7149757095
8839.6123725	6.19848230884	16.7435493061
8839.74568675	6.20640539844	16.7674878347
8839.87900096	6.21224519396	16.7776133988
8840.01231517	6.21814694599	16.7888138199
8840.14562929	6.21931125377	16.8032362638
8840.27894342	6.21427879602	16.8069857968
8840.41225796	6.20845039502	16.8043020251
8840.54557204	6.19940993902	16.8031938823
8840.67888625	6.19223476723	16.8138464672
8840.8122005	6.1872681169	16.8341307209
8840.94551479	6.1677998585	16.8544450967
8841.07882883	6.15120896323	16.8667072701
8841.21214317	6.13490948774	16.885321231
8841.34545725	6.11523575375	16.9256894021
8841.47877154	6.07794805598	16.9803713106
8841.61208583	6.02713271729	17.0332913636
8841.74540004	5.96415664792	17.0821504151
8841.87871429	5.91861044413	17.1231531747
8842.01202846	5.89298135939	17.1691535231
8842.14534262	5.88577826878	17.2121825492
8842.27865679	5.88390446686	17.2433901022
8842.41197108	5.87307421055	17.2567931186
8842.54528521	5.86332027047	17.2664313318
8842.6785995	5.8525776909	17.2655443232
8842.81191375	5.83942284225	17.2547502991
8842.94522804	5.83052008514	17.2405688987
8843.07854221	5.82169610837	17.2358224649
8843.21185642	5.81541815338	17.234386888
8843.34517058	5.82173809585	17.2365809088
8843.47848483	5.82204981129	17.236159799
8843.61179887	5.82266795213	17.2352958534
8843.74511317	5.82238258659	17.2369026722
8843.87842754	5.82183142087	17.236397087
8844.01174162	5.8223255272	17.2364792997
8844.14505592	5.82235613627	17.2367940426
8844.14505592	5.82235613627	17.2367940426
8844.14505592	5.82235613627	17.2367940426
8844.14505592	5.82235613627	17.2367940426
8844.14505592	5.82235613627	17.2367940426
8844.14505592	5.82235613627	17.2367940426
8844.14505592	5.82235613627	17.2367940426
8844.14505592	5.82235613627	17.2367940426
8844.14505592	5.82235613627	17.2367940426
8844.14505592	5.82235613627	17.2367940426
8844.14505592	5.82235613627	17.2367940426
8844.14505592	5.82235613627	17.2367940426
8844.14505592	5.82235613627	17.2367940426
8844.14505592	5.82235613627	17.2367940426
8846.01145425	5.87284382439	17.2900998345
8846.14476854	5.91915169607	17.3274114295
8846.27808283	5.96517357956	17.3491063215
8846.41139688	6.00900261199	17.367560858
8846.544711	6.04576717021	17.3750548194
8846.67802521	6.07378889007	17.3948083436
8846.81133946	6.10545789878	17.4183502294
8846.94465358	6.11572369166	17.4455018315
8847.07796767	6.11295084002	17.4821662801
8847.21128192	6.1015162715	17.5183990339
8847.34459596	6.07779904051	17.5636199522
8847.47791033	6.04256711161	17.6082799498
8847.61122446	6.0114021187	17.6548034204
8847.74453863	5.98843645816	17.6751151026
8847.87785267	5.99422825781	17.6778243566
8848.01116683	5.99958348073	17.6728427717
8848.14448096	5.99841196157	17.6431546
8848.27779504	5.97300027977	17.6212282202
8848.41110925	5.93161781402	17.6212335541
8848.54442354	5.89748914007	17.6211434709
8848.67773779	5.88179049879	17.6070288415
8848.81105187	5.88431972651	17.5962822371
8848.94436596	5.88275300242	17.5901691711
8849.07768029	5.88961699135	17.5915541101
8849.21099442	5.90037586628	17.6058727207
8849.34430854	5.90506858627	17.6234818882
8849.47762262	5.91397806267	17.640280645
8849.61093679	5.92159975251	17.6615446908
8849.74425096	5.93374742227	17.675442292
8849.87756521	5.95150450078	17.6915458246
8850.01087933	5.95566581294	17.7178041658
8850.14419358	5.95460955416	17.7304981178
8850.27750775	5.94940971443	17.720938449
8850.41082183	5.94226126692	17.7054553583
8850.54413583	5.93031811724	17.684741844
8850.67745017	5.90765158188	17.6693826456
8850.81076429	5.88322707522	17.6587505116
8850.9440785	5.86831456147	17.6404354294
8851.07739275	5.87445185357	17.6299701991
8851.21070679	5.87150072603	17.6249766987
8851.34402104	5.87781185227	17.6261326336
8851.47733513	5.87347561843	17.6297982545
8851.61064933	5.86709552552	17.6214971573
8851.7439635	5.86363388926	17.6160894337
8851.87727763	5.86035627392	17.6116265044
8852.01059179	5.86292549093	17.6051461631
8852.143906	5.8706506054	17.5925820711
8852.27722025	5.88244588081	17.5861290503
8852.41053425	5.87157274827	17.5814166848
8852.54384854	5.86470383246	17.585077613
8852.67716262	5.8528948809	17.5948203623
8852.81047671	5.84309899177	17.594324221
8852.94379088	5.83868583529	17.5985056741
8853.07710492	5.83436174468	17.6033742714
8853.21041917	5.82814674158	17.5959213165
8853.3437335	5.82676543416	17.5937077019
8853.47704754	5.82818217381	17.5982785277
8853.61036179	5.83398901355	17.5980061087
8853.74367583	5.83791155969	17.5891065732
8853.87699008	5.83985225656	17.5812925668
8854.01030429	5.83654063986	17.5740624288
8854.14361821	5.84049695804	17.5614264031
8854.2769325	5.85948460631	17.5564026383
8854.41024663	5.88370942597	17.5578593854
8854.54356079	5.92353633695	17.5693669856
8854.676875	5.98624372203	17.5839934806
8854.81018925	6.06025047385	17.6024552867
8854.94350317	6.1158980021	17.619334718
8855.07681746	6.15752889838	17.6255102888
8855.21013167	6.18596881426	17.6200629238
8855.34344571	6.21327286258	17.6118220655
8855.47675988	6.24748784932	17.5973140683
8855.61007433	6.30367076652	17.5658258052
8855.74338837	6.36772436276	17.5139592764
8855.87670258	6.43239007842	17.4600887741
8856.01001671	6.48908427246	17.4237627537
8856.14333071	6.54152448561	17.4021281229
8856.27664508	6.59444561938	17.3995194327
8856.40995912	6.65503679822	17.407394306
8856.54327313	6.70931506274	17.428812718
8856.67658729	6.7385900523	17.434912045
8856.80990167	6.74494399856	17.429389479
8856.94321579	6.74216119578	17.4234086575
8857.07653	6.72972773965	17.4201141479
8857.20984413	6.71978112387	17.4185679864
8857.34315825	6.71294784354	17.4119481715
8857.4764725	6.72316442245	17.3900721569
8857.60978658	6.73101972974	17.3526290752
8857.74310079	6.73335933535	17.3379789803
8857.87641487	6.7240244262	17.3469241638
8858.00972921	6.69612068839	17.3633636377
8858.14304337	6.67872835448	17.3734647815
8858.27635754	6.66998095608	17.3650234461
8858.40967183	6.65119916647	17.3491708023
8858.54298579	6.62540612817	17.33074243
8858.6763	6.60760906527	17.3195823733
8858.80961429	6.59887417299	17.3239880866
8858.94292837	6.59531057646	17.3274375002
8859.0762425	6.59362703859	17.3326555102
8859.20955687	6.59924104045	17.3438537319
8859.342871	6.60312335743	17.3493956073
8859.47618517	6.6124168442	17.3587280979
8859.60949942	6.66170091384	17.363357783
8859.7428135	6.73120998297	17.3342254076
8859.87612779	6.79089702065	17.3131359247
8860.009442	6.84043351757	17.2981031272
8860.14275625	6.86113578604	17.2866846732
8860.27607042	6.86269244084	17.2774144152
8860.40938471	6.85372655318	17.2795330889
8860.54269904	6.84278257017	17.2869870624
8860.67601304	6.81884829248	17.2848653496
8860.8093275	6.76548463586	17.2748476868
8860.94264154	6.70546031949	17.2320555791
8861.07595583	6.66535259794	17.2097445429
8861.20927008	6.63928955538	17.1927705787
8861.34258425	6.63008563236	17.1862539057
8861.47589854	6.64272042581	17.1804226721
8861.60921279	6.67399541007	17.1924674299
8861.74252717	6.7027807026	17.2028750009
8861.87584142	6.7369432596	17.209092825
8862.00915554	6.77296489434	17.2055073946
8862.14246979	6.79213255402	17.1960358406
8862.27578396	6.79931103703	17.1779489293
8862.40909825	6.81245853071	17.1744199137
8862.54241233	6.79515926099	17.1686104561
8862.67572683	6.80438074316	17.1531900568
8862.80904108	6.80487382813	17.1531735581
8862.94235525	6.8102204551	17.1519619174
8863.07566942	6.8164134243	17.1507724989
8863.20898379	6.81796871309	17.1570522089
8863.34229788	6.81877139921	17.1655509888
8863.47561212	6.83017110514	17.1740346296
8863.60892629	6.83739134105	17.189997803
8863.7422405	6.84122596692	17.1905310182
8863.87555496	6.84359227671	17.1741626402
8864.00886917	6.84834203683	17.1365284752
8864.14218342	6.84894929417	17.0883803256
8864.27549758	6.85136484021	17.0201089254
8864.40881192	6.84709931511	16.9608407512
8864.542126	6.84084252486	16.9271749055
8864.67544021	6.83133788374	16.8945369263
8864.80875458	6.83311038129	16.8774008615
8864.94206867	6.84274512375	16.8700065387
8865.07538304	6.85252587039	16.8781681861
8865.20869729	6.87501294307	16.8681857257
8865.34201146	6.90457362427	16.8605152586
8865.47532579	6.93543236851	16.8681133415
8865.60864012	6.97421981779	16.8767602478
8865.74195417	7.01876282339	16.8965515768
8865.87526833	7.05130853056	16.8962519868
8866.00858283	7.0702904131	16.8849550905
8866.14189708	7.06403837734	16.8451046871
8866.27521121	7.07338620325	16.8162165736
8866.40852558	7.06949917501	16.7987670237
8866.54183979	7.07209962567	16.7942674864
8866.67515408	7.07057824122	16.7977715153
8866.80846825	7.06527182125	16.8006151842
8866.94178233	7.05961419746	16.8023075961
8867.07509662	7.05007533093	16.7991846529
8867.20841096	7.04458836378	16.7945950367
8867.34172521	7.03911327057	16.7908103206
8867.47503942	7.03209153465	16.7886886803
8867.60835371	7.02377317975	16.7952474214
8867.741668	7.01871154748	16.7976351857
8867.87498221	7.01187926496	16.7976413171
8868.00829654	7.0071030414	16.798556654
8868.14161058	7.0048929656	16.7960376085
8868.27492483	7.00369619889	16.7933758547
8868.40823908	7.00292831496	16.7954867975
8868.54155338	7.00027552982	16.7987751936
8868.67486771	7.0024924049	16.8036510576
8868.80818204	7.00563484529	16.8054662307
8868.94149613	7.00951982652	16.8063310138
8869.07481029	7.01216927886	16.8133974252
8869.20812467	7.01012993386	16.8330821352
8869.34143879	7.00869997883	16.8409011192
8869.47475312	7.00688930858	16.8477293051
8869.60806742	7.0046861492	16.8463104856
8869.74138162	7.00739222123	16.8426813953
8869.87469587	7.00948971168	16.8389593025
8870.00801025	7.01321987308	16.8342790482
8870.14132442	7.0205534356	16.8395678936
8870.27463863	7.03965035299	16.8512611241
8870.40795283	7.05790880018	16.8687205366
8870.54126696	7.0706507083	16.8889735187
8870.67458129	7.07881359134	16.900895128
8870.80789558	7.09688851763	16.8854537729
8870.94120996	7.11154514307	16.8464218323
8871.07452425	7.12475195456	16.8143088009
8871.20783854	7.13387768323	16.7985310652
8871.34115271	7.15023450747	16.7805231375
8871.47446692	7.17151135673	16.7774794958
8871.60778117	7.19938634606	16.7775172171
8871.74109533	7.23413257934	16.7874629545
8871.87440942	7.28879897885	16.8031824912
8872.00772392	7.33217883996	16.8107130277
8872.14103825	7.35685118712	16.8114463323
8872.27435237	7.37107500813	16.8141921356
8872.40766667	7.37993261092	16.8266285629
8872.54098075	7.38395517858	16.8434136061
8872.67429512	7.3830943072	16.8489592452
8872.80760946	7.39428629745	16.8671662447
8872.94092362	7.40369367081	16.8941779721
8873.07423788	7.40340495307	16.905152763
8873.20755233	7.39922682636	16.9080821019
8873.34086646	7.37761257	16.8931409931
8873.47418083	7.36473539314	16.8834967987
8873.60749504	7.36555329792	16.8608051491
8873.74080925	7.37452258954	16.827848275
8873.87412354	7.3907406886	16.7834278242
8874.00743783	7.4223023883	16.7471157271
8874.14075188	7.46530272081	16.7134377613
8874.27406608	7.52110967	16.6879989058
8874.40738067	7.57532553831	16.6730216101
8874.54069479	7.60151123057	16.6571443023
8874.67400912	7.61289113423	16.6410240388
8874.80732338	7.60371552688	16.6330709339
8874.94063746	7.60916720959	16.6237086225
8875.07395175	7.61247954612	16.6221412557
8875.207266	7.61155963544	16.6247788613
8875.34058021	7.60963425643	16.6224485277
8875.47389442	7.60328029635	16.6198429686
8875.60720888	7.61511773523	16.6208057449
8875.740523	7.61314651973	16.6284405388
8875.87383729	7.59560723136	16.6345839384
8876.00715167	7.57456856153	16.6347377595
8876.14046579	7.57044311464	16.629855381
8876.27378004	7.58127613536	16.6262377021
8876.40709417	7.60730826607	16.6145332619
8876.54040842	7.61998319281	16.615487
8876.67372263	7.63569667222	16.6314755901
8876.80703696	7.64167439736	16.6439502085
8876.94035121	7.63748019351	16.6691726075
8877.07366546	7.63014492993	16.6994014895
8877.20697971	7.62130300865	16.7287930449
8877.34029392	7.61003805088	16.7566672884
8877.47360804	7.59656610452	16.7886437815
8877.60692238	7.59888230389	16.8268330267
8877.7402365	7.59885581797	16.8738665939
8877.873551	7.59074466116	16.9019501355
8878.00686504	7.58242124897	16.9201824837
8878.14017937	7.57812609066	16.9445481203
8878.27349354	7.57456262828	16.9641869256
8878.40680775	7.57291066002	16.9697240014
8878.540122	7.56812481435	16.9703283686
8878.67343613	7.5722070233	16.9674591612
8878.80675038	7.57876428991	16.9599232583
8878.94006454	7.59223966351	16.9539272573
8879.07337892	7.60390349772	16.9440641302
8879.20669321	7.62084070239	16.9461666016
8879.34000742	7.63769435737	16.9458249487
8879.47332163	7.66233646665	16.950877187
8879.60663575	7.69005470796	16.9547002135
8879.73994988	7.71239044161	16.9657738362
8879.87326421	7.73308839156	16.9766288711
8880.00657842	7.74473898679	16.991210888
8880.13989258	7.74503260032	17.0074940607
8880.27320696	7.7451724079	17.0258808801
8880.40652104	7.73568536708	17.0476529035
8880.53983542	7.72952695046	17.0716909476
8880.67314954	7.72860401508	17.0961383633
8880.80646379	7.72854622408	17.131350498
8880.93977808	7.73237472932	17.159894155
8881.07309225	7.73382919071	17.1840922564
8881.20640638	7.72977903392	17.1991349205
8881.33972054	7.72426991431	17.2018152957
8881.47303492	7.64961210088	17.2603677348
8881.60634917	7.65429787216	17.2510906166
8881.73966342	7.64014941122	17.2497637871
8881.87297758	7.64653214389	17.2574569899
8882.00629175	7.63778298659	17.2579206779
8882.13960596	7.63853549216	17.2607561993
8882.27292013	7.64651409924	17.269114405
8882.40623429	7.63230306532	17.2837231508
8882.53954854	7.63335613794	17.2868865693
8882.67286296	7.63566454143	17.2965515578
8882.80617717	7.64208661591	17.2967229137
8882.93949125	7.64623586921	17.2940285395
8883.07280558	7.6554639459	17.2777370328
8883.20611962	7.67326545203	17.2627180096
8883.33943392	7.68903807534	17.2613399955
8883.47274817	7.70834800756	17.2455357551
8883.60606237	7.72207559531	17.2368588755
8883.73937671	7.7302611565	17.2315034579
8883.87269092	7.74005956118	17.2306845644
8884.00600517	7.74102138501	17.2259521498
8884.13931929	7.72519765899	17.2397311919
8884.27263346	7.72583501165	17.2401844441
8884.40594783	7.72570658211	17.2398261512
8884.53926192	7.72363593109	17.2401270188
8884.67257625	7.73740887929	17.2373128189
8884.80589038	7.70406340935	17.2148900908
8884.93920479	7.68745265489	17.2122760174
8885.072519	7.67087997686	17.2097729177
8885.20583325	7.65827762095	17.208605388
8885.33914754	7.65017814322	17.2063179404
8885.47246158	7.65276996732	17.2084635871
8885.60577579	7.65847229215	17.2139365436
8885.73909017	7.66494665612	17.2172724597
8885.87240429	7.67119781486	17.2020595825
