ARKit Data
360019.839444375
normal
simd_float4x4([[0.0130259, -0.999493, 0.0290552, 0.0)], [0.996207, 0.0104718, -0.0863853, 0.0)], [0.0860372, 0.0300702, 0.995838, 0.0)], [0.0953144, -0.0183503, -0.00184372, 1.0)]])
0.0953144, -0.0183503, -0.00184372
float3(-0.0300747, 0.0861828, -1.56032)
360019.906104041
normal
simd_float4x4([[0.0132035, -0.999416, 0.0315062, 0.0)], [0.995974, 0.0103511, -0.0890374, 0.0)], [0.0886593, 0.032555, 0.99553, 0.0)], [0.0954238, -0.0186087, -0.00311694, 1.0)]])
0.0954238, -0.0186087, -0.00311694
float3(-0.0325608, 0.0888231, -1.56044)
360019.972763541
normal
simd_float4x4([[0.0125233, -0.99939, 0.0325874, 0.0)], [0.995897, 0.00954507, -0.0899935, 0.0)], [0.0896276, 0.0335807, 0.995409, 0.0)], [0.0953862, -0.0190463, -0.00369809, 1.0)]])
0.0953862, -0.0190463, -0.00369809
float3(-0.033587, 0.0897988, -1.56125)
360020.056088041
normal
simd_float4x4([[0.0124256, -0.999318, 0.0347832, 0.0)], [0.996417, 0.00946427, -0.0840431, 0.0)], [0.0836565, 0.0357029, 0.995855, 0.0)], [0.0866528, 0.00230883, -0.0778989, 1.0)]])
0.0866528, 0.00230883, -0.0778989
float3(-0.0357105, 0.083808, -1.56133)
360020.139412375
normal
simd_float4x4([[0.00909194, -0.999312, 0.0359494, 0.0)], [0.99524, 0.00555493, -0.0972912, 0.0)], [0.0970246, 0.0366628, 0.994606, 0.0)], [0.105553, 0.00073644, -0.0871213, 1.0)]])
0.105553, 0.00073644, -0.0871213
float3(-0.036671, 0.0972431, -1.56524)
360020.206072166
normal
simd_float4x4([[0.0112463, -0.999121, 0.0403825, 0.0)], [0.995417, 0.00735077, -0.0953496, 0.0)], [0.094969, 0.0412698, 0.994624, 0.0)], [0.105553, 0.000667781, -0.0874778, 1.0)]])
0.105553, 0.000667781, -0.0874778
float3(-0.0412815, 0.0951937, -1.56344)
360020.289396583
normal
simd_float4x4([[0.0104961, -0.999181, 0.039068, 0.0)], [0.996306, 0.00711957, -0.0855835, 0.0)], [0.0852353, 0.039822, 0.995565, 0.0)], [0.0976144, 0.00246406, -0.0873643, 1.0)]])
0.0976144, 0.00246406, -0.0873643
float3(-0.0398325, 0.0854068, -1.56367)
360020.964551875
notAvailable
simd_float4x4([[-0.000972434, 0.0, 0.999999, 0.0)], [0.0, 1.0, 0.0, 0.0)], [-0.999999, 0.0, -0.000972434, 0.0)], [-0.00741462, -0.0781931, 0.00661967, 1.0)]])
-0.00741462, -0.0781931, 0.00661967
float3(-0.0, -1.57177, 0.0)
360021.031211458
notAvailable
simd_float4x4([[-0.000972434, 0.0, 0.999999, 0.0)], [0.0, 1.0, 0.0, 0.0)], [-0.999999, 0.0, -0.000972434, 0.0)], [-0.00741462, -0.0781931, 0.00661967, 1.0)]])
-0.00741462, -0.0781931, 0.00661967
float3(-0.0, -1.57177, 0.0)
360021.097870875
limited(__ObjC.ARCamera.TrackingState.Reason.initializing)
simd_float4x4([[-0.0037248, -0.998118, 0.0612007, 0.0)], [0.999993, -0.00371782, 0.000227998, 0.0)], [-3.62879e-08, 0.0612011, 0.998125, 0.0)], [0.0, 0.0, 0.0, 1.0)]])
0.0, 0.0, 0.0
float3(-0.0612394, -3.63561e-08, -1.57452)
360021.164530583
limited(__ObjC.ARCamera.TrackingState.Reason.initializing)
simd_float4x4([[-0.00328763, -0.998018, 0.0628344, 0.0)], [0.999994, -0.00332627, -0.000510384, 0.0)], [0.000718376, 0.0628324, 0.998024, 0.0)], [0.0, 0.0, 0.0, 1.0)]])
0.0, 0.0, 0.0
float3(-0.0628738, 0.000719798, -1.57413)
360021.231190041
limited(__ObjC.ARCamera.TrackingState.Reason.initializing)
simd_float4x4([[-0.00353245, -0.997985, 0.0633544, 0.0)], [0.99999, -0.0036948, -0.00244551, 0.0)], [0.00267466, 0.0633451, 0.997988, 0.0)], [0.0, 0.0, 0.0, 1.0)]])
0.0, 0.0, 0.0
float3(-0.0633875, 0.00268005, -1.5745)
360021.297849791
limited(__ObjC.ARCamera.TrackingState.Reason.initializing)
simd_float4x4([[0.00291554, -0.99757, 0.0696093, 0.0)], [0.999992, 0.0027194, -0.00291229, 0.0)], [0.00271592, 0.0696172, 0.99757, 0.0)], [0.0, 0.0, 0.0, 1.0)]])
0.0, 0.0, 0.0
float3(-0.0696736, 0.00272253, -1.56807)
360021.364509208
limited(__ObjC.ARCamera.TrackingState.Reason.initializing)
simd_float4x4([[0.00155072, -0.997531, 0.0702021, 0.0)], [0.99999, 0.00126009, -0.00418406, 0.0)], [0.00408527, 0.0702079, 0.997524, 0.0)], [0.0, 0.0, 0.0, 1.0)]])
0.0, 0.0, 0.0
float3(-0.0702657, 0.00409539, -1.56953)
360021.431168833
limited(__ObjC.ARCamera.TrackingState.Reason.initializing)
simd_float4x4([[0.000401388, -0.997763, 0.0668508, 0.0)], [0.999984, 1.86211e-05, -0.0057262, 0.0)], [0.00571215, 0.066852, 0.997747, 0.0)], [0.0, 0.0, 0.0, 1.0)]])
0.0, 0.0, 0.0
float3(-0.0669019, 0.00572499, -1.57078)
360021.497828333
limited(__ObjC.ARCamera.TrackingState.Reason.initializing)
simd_float4x4([[0.00127373, -0.997666, 0.0682779, 0.0)], [0.999985, 0.000902902, -0.00546174, 0.0)], [0.00538734, 0.0682838, 0.997651, 0.0)], [0.0, 0.0, 0.0, 1.0)]])
0.0, 0.0, 0.0
float3(-0.068337, 0.00539997, -1.56989)
360021.564487875
limited(__ObjC.ARCamera.TrackingState.Reason.initializing)
simd_float4x4([[7.56458e-05, -0.997563, 0.0697761, 0.0)], [0.999973, -0.000433378, -0.00727993, 0.0)], [0.00729243, 0.0697748, 0.997536, 0.0)], [0.0, 0.0, 0.0, 1.0)]])
0.0, 0.0, 0.0
float3(-0.0698315, 0.00731031, -1.57123)
360021.647812333
limited(__ObjC.ARCamera.TrackingState.Reason.initializing)
simd_float4x4([[-0.00013457, -0.997505, 0.0705999, 0.0)], [0.99996, -0.000768613, -0.00895372, 0.0)], [0.00898564, 0.0705958, 0.997464, 0.0)], [0.0, 0.0, 0.0, 1.0)]])
0.0, 0.0, 0.0
float3(-0.0706546, 0.00900824, -1.57157)
360021.714472
limited(__ObjC.ARCamera.TrackingState.Reason.initializing)
simd_float4x4([[-0.000687222, -0.997435, 0.0715798, 0.0)], [0.999938, -0.00148046, -0.0110293, 0.0)], [0.011107, 0.0715677, 0.997374, 0.0)], [0.0, 0.0, 0.0, 1.0)]])
0.0, 0.0, 0.0
float3(-0.071629, 0.0111358, -1.57228)
360021.781131458
limited(__ObjC.ARCamera.TrackingState.Reason.initializing)
simd_float4x4([[-0.00047304, -0.997393, 0.0721585, 0.0)], [0.999933, -0.00130662, -0.0115053, 0.0)], [0.0115696, 0.0721482, 0.997327, 0.0)], [0.0, 0.0, 0.0, 1.0)]])
0.0, 0.0, 0.0
float3(-0.072211, 0.0116001, -1.57211)
360021.864455791
normal
simd_float4x4([[0.00281119, -0.997126, 0.0757045, 0.0)], [0.999888, 0.00168771, -0.0149001, 0.0)], [0.0147296, 0.0757379, 0.997019, 0.0)], [0.000112619, 9.13367e-05, -0.000251226, 1.0)]])
0.000112619, 9.13367e-05, -0.000251226
float3(-0.0758105, 0.0147725, -1.5691)
360021.947780416
normal
simd_float4x4([[0.00347708, -0.996918, 0.0783715, 0.0)], [0.999843, 0.0021049, -0.0175844, 0.0)], [0.0173653, 0.0784203, 0.996769, 0.0)], [-0.000122246, -0.000744234, -0.00239202, 1.0)]])
-0.000122246, -0.000744234, -0.00239202
float3(-0.0785009, 0.0174198, -1.56868)
360022.031104833
normal
simd_float4x4([[0.00620279, -0.996737, 0.0804736, 0.0)], [0.999805, 0.00467353, -0.0191777, 0.0)], [0.0187391, 0.0805769, 0.996572, 0.0)], [-0.000425749, -0.00074927, -0.00423868, 1.0)]])
-0.000425749, -0.00074927, -0.00423868
float3(-0.0806644, 0.0188013, -1.56611)
360022.0977645
normal
simd_float4x4([[0.00770574, -0.996633, 0.0816338, 0.0)], [0.999809, 0.00621138, -0.0185438, 0.0)], [0.0179743, 0.0817611, 0.99649, 0.0)], [-5.77224e-05, -0.000285342, -0.00515483, 1.0)]])
-5.77224e-05, -0.000285342, -0.00515483
float3(-0.0818524, 0.0180356, -1.56456)
360022.181088916
normal
simd_float4x4([[0.00978693, -0.996528, 0.0826825, 0.0)], [0.999753, 0.00810217, -0.0206873, 0.0)], [0.0199455, 0.0828645, 0.996361, 0.0)], [0.000284939, -2.50414e-05, -0.00555988, 1.0)]])
0.000284939, -2.50414e-05, -0.00555988
float3(-0.0829596, 0.0200157, -1.56267)
360022.247748375
normal
simd_float4x4([[0.0108696, -0.996354, 0.0846159, 0.0)], [0.999686, 0.00891543, -0.0234389, 0.0)], [0.0225991, 0.084844, 0.996138, 0.0)], [0.000389859, 0.000315733, -0.00654869, 1.0)]])
0.000389859, 0.000315733, -0.00654869
float3(-0.0849462, 0.0226828, -1.56185)
360022.314408041
normal
simd_float4x4([[0.0119621, -0.996166, 0.0866578, 0.0)], [0.999642, 0.00984068, -0.0248669, 0.0)], [0.0239188, 0.0869243, 0.995928, 0.0)], [9.00241e-05, 0.000733909, -0.00780171, 1.0)]])
9.00241e-05, 0.000733909, -0.00780171
float3(-0.0870341, 0.024012, -1.56092)
360022.414397375
normal
simd_float4x4([[0.0114476, -0.996195, 0.0863914, 0.0)], [0.999583, 0.0091089, -0.0274172, 0.0)], [0.026526, 0.0866692, 0.995884, 0.0)], [0.000688034, 0.00164169, -0.00826176, 1.0)]])
0.000688034, 0.00164169, -0.00826176
float3(-0.0867781, 0.0266293, -1.56165)
360022.514386666
normal
simd_float4x4([[0.0104918, -0.996252, 0.0858645, 0.0)], [0.999567, 0.00808729, -0.0283036, 0.0)], [0.0275031, 0.0861243, 0.995905, 0.0)], [0.000321968, 0.00211331, -0.00703474, 1.0)]])
0.000321968, 0.00211331, -0.00703474
float3(-0.0862311, 0.0276092, -1.56268)
360022.59771125
normal
simd_float4x4([[0.0106738, -0.996255, 0.0858062, 0.0)], [0.999557, 0.00824585, -0.0286007, 0.0)], [0.0277861, 0.0860735, 0.995901, 0.0)], [0.000351278, 0.00277033, -0.00868134, 1.0)]])
0.000351278, 0.00277033, -0.00868134
float3(-0.0861801, 0.0278932, -1.56252)
360022.681035666
normal
simd_float4x4([[0.0092669, -0.996236, 0.0861818, 0.0)], [0.99958, 0.00686092, -0.0281719, 0.0)], [0.0274746, 0.0864066, 0.995881, 0.0)], [0.000539677, 0.00243495, -0.00934972, 1.0)]])
0.000539677, 0.00243495, -0.00934972
float3(-0.0865145, 0.0275812, -1.56391)
360022.747695125
normal
simd_float4x4([[0.00962488, -0.996179, 0.0868027, 0.0)], [0.999583, 0.00722262, -0.0279466, 0.0)], [0.0272129, 0.0870355, 0.995834, 0.0)], [0.000480191, 0.00257025, -0.010584, 1.0)]])
0.000480191, 0.00257025, -0.010584
float3(-0.0871458, 0.0273199, -1.56355)
360022.814354875
normal
simd_float4x4([[0.00965954, -0.996136, 0.0872888, 0.0)], [0.999602, 0.00730548, -0.0272479, 0.0)], [0.026505, 0.0875173, 0.99581, 0.0)], [0.000549727, 0.00258369, -0.0104216, 1.0)]])
0.000549727, 0.00258369, -0.0104216
float3(-0.0876294, 0.0266102, -1.56346)
360022.881014208
normal
simd_float4x4([[0.00994978, -0.996018, 0.0886009, 0.0)], [0.999609, 0.00759091, -0.0269208, 0.0)], [0.026141, 0.0888341, 0.995703, 0.0)], [0.000382634, 0.00252077, -0.0118318, 1.0)]])
0.000382634, 0.00252077, -0.0118318
float3(-0.0889514, 0.0262478, -1.56318)
360022.947674041
normal
simd_float4x4([[0.00992478, -0.996015, 0.0886327, 0.0)], [0.999625, 0.00762012, -0.0263031, 0.0)], [0.0255229, 0.0888605, 0.995717, 0.0)], [0.000248351, 0.0025519, -0.012146, 1.0)]])
0.000248351, 0.0025519, -0.012146
float3(-0.0889778, 0.025627, -1.56315)
360023.0143335
normal
simd_float4x4([[0.00999234, -0.996014, 0.0886324, 0.0)], [0.999653, 0.00778787, -0.0251831, 0.0)], [0.0243925, 0.0888532, 0.995746, 0.0)], [3.94393e-05, 0.00237473, -0.0112406, 1.0)]])
3.94393e-05, 0.00237473, -0.0112406
float3(-0.0889706, 0.0244918, -1.56298)
360023.114322958
normal
simd_float4x4([[0.0103973, -0.995842, 0.0905034, 0.0)], [0.999645, 0.00813262, -0.0253559, 0.0)], [0.0245144, 0.0907349, 0.995573, 0.0)], [-0.000445631, 0.00253511, -0.0130801, 1.0)]])
-0.000445631, 0.00253511, -0.0130801
float3(-0.0908599, 0.0246185, -1.56263)
360023.214312125
normal
simd_float4x4([[0.0109147, -0.995742, 0.091535, 0.0)], [0.999611, 0.00851564, -0.0265593, 0.0)], [0.0256667, 0.0917893, 0.995448, 0.0)], [-0.000639096, 0.00238297, -0.0116055, 1.0)]])
-0.000639096, 0.00238297, -0.0116055
float3(-0.0919187, 0.0257784, -1.56224)
360023.280971833
normal
simd_float4x4([[0.0106253, -0.995751, 0.0914739, 0.0)], [0.999585, 0.00812631, -0.0276481, 0.0)], [0.0267873, 0.0917296, 0.995424, 0.0)], [-0.000726429, 0.00187518, -0.00931496, 1.0)]])
-0.000726429, 0.00187518, -0.00931496
float3(-0.0918588, 0.026904, -1.56264)
360023.36429625
normal
simd_float4x4([[0.0108167, -0.995746, 0.0914978, 0.0)], [0.999517, 0.00810124, -0.0299971, 0.0)], [0.0291282, 0.0917781, 0.995353, 0.0)], [-0.000880557, 0.00161682, -0.0079544, 1.0)]])
-0.000880557, 0.00161682, -0.0079544
float3(-0.0919075, 0.0292559, -1.56266)
360023.43095575
normal
simd_float4x4([[0.0109278, -0.995782, 0.0911018, 0.0)], [0.999479, 0.00811074, -0.0312349, 0.0)], [0.0303642, 0.0913956, 0.995352, 0.0)], [-0.0011667, 0.00199074, -0.00811176, 1.0)]])
-0.0011667, 0.00199074, -0.00811176
float3(-0.0915234, 0.0304966, -1.56265)
360023.497615416
normal
simd_float4x4([[0.0107881, -0.995864, 0.0902155, 0.0)], [0.999412, 0.00780044, -0.033404, 0.0)], [0.0325622, 0.0905228, 0.995362, 0.0)], [-0.000368513, 0.00110293, -0.00741526, 1.0)]])
-0.000368513, 0.00110293, -0.00741526
float3(-0.0906469, 0.0327022, -1.56296)
360023.564274916
normal
simd_float4x4([[0.0112794, -0.995887, 0.0898953, 0.0)], [0.999362, 0.00818062, -0.0347653, 0.0)], [0.0338869, 0.0902301, 0.995344, 0.0)], [-0.000458572, 0.00121606, -0.00745435, 1.0)]])
-0.000458572, 0.00121606, -0.00745435
float3(-0.090353, 0.0340322, -1.56258)
360023.6309345
normal
simd_float4x4([[0.0110733, -0.995926, 0.0894946, 0.0)], [0.999345, 0.00793879, -0.0353046, 0.0)], [0.0344503, 0.0898269, 0.995362, 0.0)], [-0.000220941, 0.00126643, -0.00758125, 1.0)]])
-0.000220941, 0.00126643, -0.00758125
float3(-0.0899481, 0.034597, -1.56283)
360023.697594083
normal
simd_float4x4([[0.0113406, -0.996027, 0.0883318, 0.0)], [0.99931, 0.00816506, -0.0362289, 0.0)], [0.0353638, 0.0886817, 0.995432, 0.0)], [-0.00047427, 0.00179888, -0.00756155, 1.0)]])
-0.00047427, 0.00179888, -0.00756155
float3(-0.0887984, 0.0355111, -1.5626)
360023.7975835
normal
simd_float4x4([[0.0104718, -0.996035, 0.0883414, 0.0)], [0.9993, 0.00725004, -0.0367119, 0.0)], [0.0359258, 0.0886639, 0.995413, 0.0)], [-0.000805508, 0.00228215, -0.00779425, 1.0)]])
-0.000805508, 0.00228215, -0.00779425
float3(-0.0887805, 0.0360757, -1.56352)
360023.864243083
normal
simd_float4x4([[0.0103635, -0.996056, 0.0881147, 0.0)], [0.99929, 0.00712506, -0.0369884, 0.0)], [0.0362147, 0.0884355, 0.995423, 0.0)], [-0.00165665, 0.00269952, -0.00771601, 1.0)]])
-0.00165665, 0.00269952, -0.00771601
float3(-0.0885512, 0.0363652, -1.56364)
360023.947567375
normal
simd_float4x4([[0.010853, -0.99599, 0.088803, 0.0)], [0.999282, 0.00757842, -0.0371291, 0.0)], [0.0363072, 0.0891422, 0.995357, 0.0)], [-0.0013847, 0.00273203, -0.00847273, 1.0)]])
-0.0013847, 0.00273203, -0.00847273
float3(-0.0892607, 0.0364604, -1.56319)
360024.014226875
normal
simd_float4x4([[0.010628, -0.995972, 0.0890381, 0.0)], [0.999263, 0.00729497, -0.0376754, 0.0)], [0.0368741, 0.089373, 0.995315, 0.0)], [-0.00266724, 0.00302615, -0.00789916, 1.0)]])
-0.00266724, 0.00302615, -0.00789916
float3(-0.0894924, 0.0370307, -1.56347)
360024.080886583
normal
simd_float4x4([[0.0108405, -0.995925, 0.0895272, 0.0)], [0.999254, 0.00747009, -0.0378959, 0.0)], [0.0370727, 0.0898712, 0.995263, 0.0)], [-0.00327549, 0.00312591, -0.00702988, 1.0)]])
-0.00327549, 0.00312591, -0.00702988
float3(-0.0899927, 0.0372319, -1.5633)
360024.147546125
normal
simd_float4x4([[0.010738, -0.995948, 0.0892918, 0.0)], [0.999229, 0.0073143, -0.0385818, 0.0)], [0.0377723, 0.0896373, 0.995258, 0.0)], [-0.00326052, 0.00333147, -0.00731615, 1.0)]])
-0.00326052, 0.00333147, -0.00731615
float3(-0.0897577, 0.0379341, -1.56345)
360024.2475355
normal
simd_float4x4([[0.00989128, -0.996029, 0.0884806, 0.0)], [0.999226, 0.00647582, -0.0388052, 0.0)], [0.0380782, 0.088796, 0.995322, 0.0)], [-0.00356113, 0.00372299, -0.00656407, 1.0)]])
-0.00356113, 0.00372299, -0.00656407
float3(-0.0889131, 0.0382385, -1.56429)
360024.314195125
normal
simd_float4x4([[0.00976974, -0.995942, 0.0894622, 0.0)], [0.999234, 0.00633233, -0.0386267, 0.0)], [0.0379034, 0.089771, 0.995241, 0.0)], [-0.00349443, 0.00393257, -0.00598889, 1.0)]])
-0.00349443, 0.00393257, -0.00598889
float3(-0.089892, 0.0380663, -1.56444)
360024.3975195
normal
simd_float4x4([[0.00854835, -0.995979, 0.0891832, 0.0)], [0.999191, 0.00500262, -0.0399059, 0.0)], [0.0392993, 0.0894522, 0.995215, 0.0)], [-0.00343913, 0.00485188, -0.00546274, 1.0)]])
-0.00343913, 0.00485188, -0.00546274
float3(-0.0895719, 0.0394677, -1.56577)
360024.464179208
normal
simd_float4x4([[0.00877448, -0.99595, 0.0894818, 0.0)], [0.999189, 0.00521592, -0.0399251, 0.0)], [0.0392967, 0.0897595, 0.995188, 0.0)], [-0.00356868, 0.00502115, -0.00619401, 1.0)]])
-0.00356868, 0.00502115, -0.00619401
float3(-0.0898805, 0.0394662, -1.56556)
360024.564168333
normal
simd_float4x4([[0.00866371, -0.99606, 0.0882534, 0.0)], [0.999203, 0.00518332, -0.0395895, 0.0)], [0.0389761, 0.088526, 0.995311, 0.0)], [-0.00335571, 0.00548877, -0.00559378, 1.0)]])
-0.00335571, 0.00548877, -0.00559378
float3(-0.0886421, 0.0391397, -1.56559)
360024.630828041
normal
simd_float4x4([[0.00842757, -0.996095, 0.087881, 0.0)], [0.999218, 0.00499344, -0.0392239, 0.0)], [0.0386319, 0.0881428, 0.995358, 0.0)], [-0.00287044, 0.00567205, -0.00512023, 1.0)]])
-0.00287044, 0.00567205, -0.00512023
float3(-0.0882574, 0.0387926, -1.56578)
360024.6974875
normal
simd_float4x4([[0.00853095, -0.996053, 0.0883453, 0.0)], [0.999224, 0.0050943, -0.0390529, 0.0)], [0.0384487, 0.0886099, 0.995324, 0.0)], [-0.00261991, 0.00575002, -0.00604844, 1.0)]])
-0.00261991, 0.00575002, -0.00604844
float3(-0.0887263, 0.0386101, -1.56568)
360024.764147125
normal
simd_float4x4([[0.00917974, -0.996073, 0.0880634, 0.0)], [0.999274, 0.00588134, -0.0376415, 0.0)], [0.0369757, 0.088345, 0.995403, 0.0)], [-0.0022737, 0.00623596, -0.00556429, 1.0)]])
-0.0022737, 0.00623596, -0.00556429
float3(-0.0884603, 0.0371294, -1.56489)
360024.830806708
normal
simd_float4x4([[0.00936968, -0.996054, 0.0882481, 0.0)], [0.999288, 0.0061004, -0.0372436, 0.0)], [0.0365583, 0.0885342, 0.995402, 0.0)], [-0.00204945, 0.00624012, -0.00667417, 1.0)]])
-0.00204945, 0.00624012, -0.00667417
float3(-0.0886503, 0.0367107, -1.56467)
360024.897466333
normal
simd_float4x4([[0.00983647, -0.996044, 0.0883105, 0.0)], [0.999334, 0.00668893, -0.0358671, 0.0)], [0.0351345, 0.0886045, 0.995447, 0.0)], [-0.00208925, 0.00635258, -0.00677178, 1.0)]])
-0.00208925, 0.00635258, -0.00677178
float3(-0.0887209, 0.0352806, -1.56408)
360024.980790791
normal
simd_float4x4([[0.0105645, -0.995879, 0.0900798, 0.0)], [0.99938, 0.00749071, -0.0343931, 0.0)], [0.0335766, 0.0903873, 0.995341, 0.0)], [-0.00239454, 0.00638901, -0.00771797, 1.0)]])
-0.00239454, 0.00638901, -0.00771797
float3(-0.0905108, 0.033721, -1.56327)
360025.047450291
normal
simd_float4x4([[0.0115511, -0.99569, 0.0920252, 0.0)], [0.999392, 0.00846696, -0.0338346, 0.0)], [0.0329096, 0.09236, 0.995182, 0.0)], [-0.00270159, 0.00615222, -0.00933463, 1.0)]])
-0.00270159, 0.00615222, -0.00933463
float3(-0.0924918, 0.0330569, -1.56229)
360025.147439666
normal
simd_float4x4([[0.0122774, -0.99564, 0.0924724, 0.0)], [0.999461, 0.00940308, -0.0314545, 0.0)], [0.0304478, 0.0928087, 0.995218, 0.0)], [-0.00361565, 0.00571751, -0.00941367, 1.0)]])
-0.00361565, 0.00571751, -0.00941367
float3(-0.0929424, 0.0305846, -1.56135)
360025.230764083
normal
simd_float4x4([[0.0119155, -0.99565, 0.0924067, 0.0)], [0.999479, 0.00908641, -0.0309766, 0.0)], [0.0300022, 0.0927277, 0.995239, 0.0)], [-0.00399047, 0.00578716, -0.0108396, 1.0)]])
-0.00399047, 0.00578716, -0.0108396
float3(-0.0928611, 0.0301366, -1.56167)
360025.297423708
normal
simd_float4x4([[0.0109806, -0.995702, 0.0919581, 0.0)], [0.999505, 0.00821891, -0.0303569, 0.0)], [0.0294707, 0.092246, 0.9953, 0.0)], [-0.00437447, 0.00560536, -0.0109682, 1.0)]])
-0.00437447, 0.00560536, -0.0109682
float3(-0.0923773, 0.0296012, -1.56254)
360025.364083375
normal
simd_float4x4([[0.00980404, -0.99576, 0.091468, 0.0)], [0.999487, 0.00696862, -0.0312671, 0.0)], [0.0304971, 0.0917276, 0.995317, 0.0)], [-0.00469971, 0.00574634, -0.0117592, 1.0)]])
-0.00469971, 0.00574634, -0.0117592
float3(-0.0918567, 0.030631, -1.5638)
360025.43074275
normal
simd_float4x4([[0.00946985, -0.9958, 0.0910639, 0.0)], [0.999483, 0.00662651, -0.0314754, 0.0)], [0.0307398, 0.0913148, 0.995348, 0.0)], [-0.00458224, 0.00553708, -0.0114532, 1.0)]])
-0.00458224, 0.00553708, -0.0114532
float3(-0.0914422, 0.0308737, -1.56414)
360025.497402375
normal
simd_float4x4([[0.00929704, -0.995865, 0.0903663, 0.0)], [0.999448, 0.00637285, -0.0325941, 0.0)], [0.0318834, 0.0906195, 0.995375, 0.0)], [-0.00446595, 0.00508121, -0.0108921, 1.0)]])
-0.00446595, 0.00508121, -0.0108921
float3(-0.090744, 0.0320206, -1.5644)
360025.564061916
normal
simd_float4x4([[0.00958451, -0.995844, 0.0905744, 0.0)], [0.999425, 0.00659384, -0.0332607, 0.0)], [0.0325252, 0.0908411, 0.995334, 0.0)], [-0.00440588, 0.00494851, -0.0114791, 1.0)]])
-0.00440588, 0.00494851, -0.0114791
float3(-0.0909665, 0.032666, -1.56418)
360025.630721541
normal
simd_float4x4([[0.00982029, -0.995747, 0.0916094, 0.0)], [0.999428, 0.00680984, -0.0331167, 0.0)], [0.0323519, 0.0918823, 0.995244, 0.0)], [-0.00392346, 0.00460709, -0.0106301, 1.0)]])
-0.00392346, 0.00460709, -0.0106301
float3(-0.092012, 0.0324951, -1.56396)
360025.714045916
normal
simd_float4x4([[0.00962671, -0.995742, 0.0916818, 0.0)], [0.999401, 0.00653428, -0.0339707, 0.0)], [0.033227, 0.0919539, 0.995209, 0.0)], [-0.00327665, 0.00446416, -0.0108132, 1.0)]])
-0.00327665, 0.00446416, -0.0108132
float3(-0.092084, 0.0333745, -1.56423)
360025.830700291
normal
simd_float4x4([[0.0093981, -0.995635, 0.0928602, 0.0)], [0.999402, 0.00626205, -0.0340056, 0.0)], [0.0332757, 0.0931243, 0.995098, 0.0)], [-0.00235095, 0.0044183, -0.0118157, 1.0)]])
-0.00235095, 0.0044183, -0.0118157
float3(-0.0932594, 0.0334272, -1.56451)
360025.897359916
normal
simd_float4x4([[0.00915459, -0.99561, 0.093149, 0.0)], [0.999404, 0.00600888, -0.0339953, 0.0)], [0.0332863, 0.0934047, 0.995072, 0.0)], [-0.00180161, 0.00422864, -0.0118299, 1.0)]])
-0.00180161, 0.00422864, -0.0118299
float3(-0.093541, 0.0334387, -1.56476)
360025.964019333
normal
simd_float4x4([[0.0084335, -0.995585, 0.0934899, 0.0)], [0.999393, 0.0052322, -0.0344346, 0.0)], [0.0337934, 0.0937236, 0.995025, 0.0)], [-0.000873623, 0.00430285, -0.0120099, 1.0)]])
-0.000873623, 0.00430285, -0.0120099
float3(-0.0938613, 0.0339493, -1.56554)
360026.04734375
normal
simd_float4x4([[0.00784038, -0.995634, 0.0930134, 0.0)], [0.99936, 0.00455531, -0.0354781, 0.0)], [0.0348995, 0.093232, 0.995033, 0.0)], [-0.000356698, 0.00451724, -0.0124895, 1.0)]])
-0.000356698, 0.00451724, -0.0124895
float3(-0.0933676, 0.0350593, -1.56622)
360026.13066825
normal
simd_float4x4([[0.00731822, -0.995819, 0.0910583, 0.0)], [0.999352, 0.00407406, -0.0357623, 0.0)], [0.0352418, 0.091261, 0.995203, 0.0)], [0.000534648, 0.00470031, -0.01236, 1.0)]])
0.000534648, 0.00470031, -0.01236
float3(-0.0913882, 0.0353968, -1.56671)
360026.197327916
normal
simd_float4x4([[0.0106026, -0.995928, 0.0895233, 0.0)], [0.999133, 0.00694624, -0.0410554, 0.0)], [0.0402664, 0.089881, 0.995138, 0.0)], [0.00107074, 0.0050201, -0.0124016, 1.0)]])
0.00107074, 0.0050201, -0.0124016
float3(-0.0900024, 0.0404411, -1.56382)
360026.263987291
normal
simd_float4x4([[0.0145365, -0.995977, 0.0884238, 0.0)], [0.999161, 0.0110822, -0.0394313, 0.0)], [0.0382927, 0.0889228, 0.995302, 0.0)], [0.000396221, 0.0056516, -0.0123319, 1.0)]])
0.000396221, 0.0056516, -0.0123319
float3(-0.0890404, 0.0384545, -1.55967)
360026.330647
normal
simd_float4x4([[0.00877444, -0.996001, 0.0889134, 0.0)], [0.999102, 0.00504703, -0.0420602, 0.0)], [0.0414433, 0.0892026, 0.995151, 0.0)], [0.00162995, 0.00505945, -0.0127346, 1.0)]])
0.00162995, 0.00505945, -0.0127346
float3(-0.0893213, 0.0416211, -1.56573)
360026.3973065
normal
simd_float4x4([[0.00813521, -0.995611, 0.0932331, 0.0)], [0.999005, 0.00400431, -0.0444089, 0.0)], [0.0438407, 0.0935016, 0.994653, 0.0)], [0.00240446, 0.00444574, -0.0136037, 1.0)]])
0.00240446, 0.00444574, -0.0136037
float3(-0.0936384, 0.0440478, -1.56677)
360026.480630916
normal
simd_float4x4([[0.0121392, -0.99529, 0.0961783, 0.0)], [0.99909, 0.00814041, -0.0418603, 0.0)], [0.0408802, 0.096599, 0.994484, 0.0)], [0.00269487, 0.00468187, -0.0145027, 1.0)]])
0.00269487, 0.00468187, -0.0145027
float3(-0.0967498, 0.0410838, -1.56262)
360026.547290666
normal
simd_float4x4([[0.0107152, -0.995601, 0.0930786, 0.0)], [0.999291, 0.00730165, -0.0369372, 0.0)], [0.0360951, 0.0934084, 0.994973, 0.0)], [0.00396829, 0.00474387, -0.0126574, 1.0)]])
0.00396829, 0.00474387, -0.0126574
float3(-0.0935448, 0.0362615, -1.56346)
360026.613950125
normal
simd_float4x4([[0.00781572, -0.99596, 0.0894617, 0.0)], [0.999474, 0.00496481, -0.0320456, 0.0)], [0.031472, 0.0896651, 0.995475, 0.0)], [0.00516793, 0.0045322, -0.0107106, 1.0)]])
0.00516793, 0.0045322, -0.0107106
float3(-0.0897857, 0.0316046, -1.56581)
360026.713939583
normal
simd_float4x4([[0.010815, -0.99593, 0.0894771, 0.0)], [0.999514, 0.00815019, -0.0300945, 0.0)], [0.0292427, 0.0897591, 0.995534, 0.0)], [0.00470815, 0.00513366, -0.0107249, 1.0)]])
0.00470815, 0.00513366, -0.0107249
float3(-0.0898801, 0.0293655, -1.56261)
360026.780599083
normal
simd_float4x4([[0.0104523, -0.996139, 0.087162, 0.0)], [0.99955, 0.00795694, -0.028928, 0.0)], [0.0281228, 0.0874251, 0.995774, 0.0)], [0.00505225, 0.00478468, -0.0103444, 1.0)]])
0.00505225, 0.00478468, -0.0103444
float3(-0.0875369, 0.0282346, -1.56281)
360026.847258708
normal
simd_float4x4([[0.00704926, -0.995872, 0.0904899, 0.0)], [0.999485, 0.00418273, -0.0318286, 0.0)], [0.0313187, 0.0906677, 0.995389, 0.0)], [0.00529013, 0.00397788, -0.0121579, 1.0)]])
0.00529013, 0.00397788, -0.0121579
float3(-0.0907924, 0.0314534, -1.5666)
360026.947247875
normal
simd_float4x4([[0.00436583, -0.995687, 0.0926723, 0.0)], [0.999382, 0.00111233, -0.0351302, 0.0)], [0.0348756, 0.0927685, 0.995077, 0.0)], [0.00535729, 0.00271783, -0.0133283, 1.0)]])
0.00535729, 0.00271783, -0.0133283
float3(-0.092902, 0.0350338, -1.56968)
360027.013907583
normal
simd_float4x4([[0.00156858, -0.995969, 0.0896882, 0.0)], [0.99924, -0.00193223, -0.0389329, 0.0)], [0.0389492, 0.0896811, 0.995209, 0.0)], [0.00609722, 0.00251855, -0.0130479, 1.0)]])
0.00609722, 0.00251855, -0.0130479
float3(-0.0898017, 0.0391168, -1.57274)
360027.097232041
normal
simd_float4x4([[-0.00354104, -0.99649, 0.0836364, 0.0)], [0.999095, -0.00706984, -0.0419338, 0.0)], [0.0423779, 0.0834122, 0.995614, 0.0)], [0.00800618, 0.00226336, -0.0116975, 1.0)]])
0.00800618, 0.00226336, -0.0116975
float3(-0.0835093, 0.0425389, -1.57789)
360027.163891458
normal
simd_float4x4([[-0.00444061, -0.996205, 0.0869251, 0.0)], [0.999323, -0.00759587, -0.0360016, 0.0)], [0.0365252, 0.0867064, 0.995564, 0.0)], [0.00964133, 0.00235824, -0.0115361, 1.0)]])
0.00964133, 0.00235824, -0.0115361
float3(-0.0868154, 0.0366715, -1.57842)
360027.230551041
normal
simd_float4x4([[-0.0077663, -0.996528, 0.0828965, 0.0)], [0.99953, -0.0101954, -0.0289196, 0.0)], [0.0296643, 0.082633, 0.996138, 0.0)], [0.0123526, 0.00234081, -0.00989809, 1.0)]])
0.0123526, 0.00234081, -0.00989809
float3(-0.0827273, 0.0297705, -1.58103)
360027.313875541
normal
simd_float4x4([[-0.00981518, -0.996599, 0.0818176, 0.0)], [0.99972, -0.0115424, -0.020665, 0.0)], [0.0215391, 0.0815919, 0.996433, 0.0)], [0.00999651, -0.0137831, 0.00217364, 1.0)]])
0.00999651, -0.0137831, 0.00217364
float3(-0.0816827, 0.0216129, -1.58238)
360027.397200083
normal
simd_float4x4([[-0.00982874, -0.996578, 0.0820771, 0.0)], [0.999796, -0.0112438, -0.0167965, 0.0)], [0.0176618, 0.0818953, 0.996484, 0.0)], [0.0112975, -0.0133721, 0.00271759, 1.0)]])
0.0112975, -0.0133721, 0.00271759
float3(-0.0819871, 0.0177223, -1.58208)
360027.463859541
normal
simd_float4x4([[-0.011084, -0.996599, 0.0816547, 0.0)], [0.999792, -0.0124418, -0.0161386, 0.0)], [0.0170996, 0.0814589, 0.99653, 0.0)], [0.0118292, -0.0133628, 0.00414034, 1.0)]])
0.0118292, -0.0133628, 0.00414034
float3(-0.0815492, 0.0171575, -1.58328)
360027.530519125
normal
simd_float4x4([[-0.0118795, -0.996495, 0.0828045, 0.0)], [0.999789, -0.0132264, -0.0157356, 0.0)], [0.0167756, 0.0826, 0.996442, 0.0)], [0.0119902, -0.0134306, 0.00446737, 1.0)]])
0.0119902, -0.0134306, 0.00446737
float3(-0.0826943, 0.0168339, -1.58407)
360027.597178791
normal
simd_float4x4([[-0.0122407, -0.99661, 0.0813593, 0.0)], [0.999785, -0.0135588, -0.0156688, 0.0)], [0.0167188, 0.08115, 0.996562, 0.0)], [0.0126183, -0.0133544, 0.00514901, 1.0)]])
0.0126183, -0.0133544, 0.00514901
float3(-0.0812393, 0.0167749, -1.5844)
360027.680503166
normal
simd_float4x4([[-0.0125943, -0.99666, 0.0806913, 0.0)], [0.999775, -0.0139276, -0.0159817, 0.0)], [0.0170522, 0.0804718, 0.996611, 0.0)], [0.0132912, -0.0127338, 0.00576399, 1.0)]])
0.0132912, -0.0127338, 0.00576399
float3(-0.0805589, 0.0171085, -1.58477)
360027.747162708
normal
simd_float4x4([[-0.0114924, -0.996674, 0.0806805, 0.0)], [0.999803, -0.0127591, -0.0152022, 0.0)], [0.0161811, 0.0804898, 0.996624, 0.0)], [0.0133649, -0.01243, 0.00628612, 1.0)]])
0.0133649, -0.01243, 0.00628612
float3(-0.080577, 0.0162344, -1.5836)
360027.813822416
normal
simd_float4x4([[-0.010605, -0.996789, 0.0793641, 0.0)], [0.999839, -0.0117205, -0.0136027, 0.0)], [0.0144892, 0.079207, 0.996753, 0.0)], [0.0133179, -0.0119608, 0.00797558, 1.0)]])
0.0133179, -0.0119608, 0.00797558
float3(-0.0792901, 0.0145354, -1.58255)
360027.913811666
normal
simd_float4x4([[-0.010355, -0.996935, 0.0775458, 0.0)], [0.999846, -0.0114218, -0.0133253, 0.0)], [0.0141702, 0.0773959, 0.9969, 0.0)], [0.0134803, -0.0111715, 0.009485, 1.0)]])
0.0134803, -0.0111715, 0.009485
float3(-0.0774733, 0.0142133, -1.58225)
360027.997136041
normal
simd_float4x4([[-0.00843728, -0.996979, 0.0772153, 0.0)], [0.99988, -0.00941369, -0.0122901, 0.0)], [0.0129798, 0.0771024, 0.996939, 0.0)], [0.0128794, -0.0107472, 0.00993605, 1.0)]])
0.0128794, -0.0107472, 0.00993605
float3(-0.077179, 0.013019, -1.58024)
360028.063795791
normal
simd_float4x4([[-0.00921162, -0.997014, 0.0766759, 0.0)], [0.999865, -0.0102274, -0.0128656, 0.0)], [0.0136114, 0.076547, 0.996973, 0.0)], [0.012937, -0.0108392, 0.010749, 1.0)]])
0.012937, -0.0108392, 0.010749
float3(-0.076622, 0.0136519, -1.58105)
360028.130455166
normal
simd_float4x4([[-0.0107439, -0.996874, 0.0782688, 0.0)], [0.999807, -0.0119958, -0.0155422, 0.0)], [0.0164325, 0.0780867, 0.996811, 0.0)], [0.0129706, -0.0111766, 0.0108934, 1.0)]])
0.0129706, -0.0111766, 0.0108934
float3(-0.0781663, 0.0164836, -1.58283)
360028.197114916
normal
simd_float4x4([[-0.0102326, -0.996701, 0.0805184, 0.0)], [0.999802, -0.0115727, -0.0161944, 0.0)], [0.0170728, 0.0803368, 0.996622, 0.0)], [0.0122656, -0.0112627, 0.0103308, 1.0)]])
0.0122656, -0.0112627, 0.0103308
float3(-0.0804234, 0.017129, -1.58241)
360028.297104041
normal
simd_float4x4([[-0.00970934, -0.996767, 0.079758, 0.0)], [0.999826, -0.0109455, -0.0150762, 0.0)], [0.0159005, 0.0795977, 0.9967, 0.0)], [0.0111869, -0.0112188, 0.01081, 1.0)]])
0.0111869, -0.0112188, 0.01081
float3(-0.079682, 0.0159518, -1.58178)
360028.363763791
normal
simd_float4x4([[-0.00913373, -0.996657, 0.0811846, 0.0)], [0.999888, -0.0100629, -0.0110438, 0.0)], [0.0118238, 0.0810747, 0.996638, 0.0)], [0.0111152, -0.01178, 0.00980544, 1.0)]])
0.0111152, -0.01178, 0.00980544
float3(-0.0811638, 0.0118632, -1.58089)
360028.430423333
normal
simd_float4x4([[-0.0115312, -0.996634, 0.0811708, 0.0)], [0.999915, -0.0119835, -0.00508707, 0.0)], [0.00604266, 0.0811053, 0.996687, 0.0)], [0.0117763, -0.0120537, 0.00904669, 1.0)]])
0.0117763, -0.0120537, 0.00904669
float3(-0.0811945, 0.00606267, -1.58282)
360028.513747833
normal
simd_float4x4([[-0.0100717, -0.996426, 0.0838686, 0.0)], [0.999929, -0.00950262, 0.00718125, 0.0)], [-0.00635861, 0.083935, 0.996451, 0.0)], [0.0119741, -0.0120124, 0.00773105, 1.0)]])
0.0119741, -0.0120124, 0.00773105
float3(-0.0840339, -0.00638117, -1.58033)
360028.580407333
normal
simd_float4x4([[-0.00820626, -0.996456, 0.0837196, 0.0)], [0.999783, -0.00657082, 0.0197916, 0.0)], [-0.0191713, 0.0838638, 0.996293, 0.0)], [0.0122039, -0.0117073, 0.00754005, 1.0)]])
0.0122039, -0.0117073, 0.00754005
float3(-0.0839624, -0.0192403, -1.57739)
360028.647066916
normal
simd_float4x4([[-0.00748253, -0.996517, 0.0830586, 0.0)], [0.999357, -0.0045395, 0.0355655, 0.0)], [-0.0350646, 0.0832713, 0.99591, 0.0)], [0.0122776, -0.011432, 0.00651722, 1.0)]])
0.0122776, -0.011432, 0.00651722
float3(-0.0833679, -0.0351941, -1.57535)
360028.713726416
normal
simd_float4x4([[-0.00668581, -0.99636, 0.0849804, 0.0)], [0.998393, -0.00186891, 0.0566361, 0.0)], [-0.0562711, 0.0852225, 0.994772, 0.0)], [0.0117649, -0.0122314, 0.00609123, 1.0)]])
0.0117649, -0.0122314, 0.00609123
float3(-0.085326, -0.0565066, -1.57267)
360028.780385958
normal
simd_float4x4([[-0.00740642, -0.996258, 0.0861092, 0.0)], [0.997027, -0.000752193, 0.0770535, 0.0)], [-0.0767004, 0.0864239, 0.993302, 0.0)], [0.011467, -0.0134716, 0.00587956, 1.0)]])
0.011467, -0.0134716, 0.00587956
float3(-0.0865318, -0.0770648, -1.57155)
360028.880375166
normal
simd_float4x4([[-0.0118791, -0.996656, 0.0808444, 0.0)], [0.993042, -0.00228587, 0.117736, 0.0)], [-0.117157, 0.0816805, 0.989749, 0.0)], [0.0122648, -0.0158387, 0.00680723, 1.0)]])
0.0122648, -0.0158387, 0.00680723
float3(-0.0817716, -0.117823, -1.57309)
360028.947034875
normal
simd_float4x4([[-0.0159683, -0.997055, 0.0750066, 0.0)], [0.988197, -0.00430712, 0.153125, 0.0)], [-0.152351, 0.0765665, 0.985356, 0.0)], [0.014228, -0.0177004, 0.00793534, 1.0)]])
0.014228, -0.0177004, 0.00793534
float3(-0.0766415, -0.153401, -1.57512)
360029.013694416
normal
simd_float4x4([[-0.0170401, -0.997478, 0.0689042, 0.0)], [0.98063, -0.00322389, 0.195841, 0.0)], [-0.195125, 0.0709067, 0.978212, 0.0)], [0.0164095, -0.0192103, 0.00965912, 1.0)]])
0.0164095, -0.0192103, 0.00965912
float3(-0.0709662, -0.196887, -1.57403)
360029.113683875
normal
simd_float4x4([[-0.0160547, -0.997783, 0.064584, 0.0)], [0.961903, 0.00221797, 0.273382, 0.0)], [-0.272919, 0.0665126, 0.959735, 0.0)], [0.0222823, -0.0221257, 0.0112315, 1.0)]])
0.0222823, -0.0221257, 0.0112315
float3(-0.0665618, -0.277055, -1.56857)
360029.180343375
normal
simd_float4x4([[-0.0181636, -0.997889, 0.0623547, 0.0)], [0.944613, 0.00331239, 0.32817, 0.0)], [-0.327684, 0.0648618, 0.942558, 0.0)], [0.028229, -0.025398, 0.0123569, 1.0)]])
0.028229, -0.025398, 0.0123569
float3(-0.0649073, -0.334583, -1.56748)
360029.247002916
normal
simd_float4x4([[-0.024389, -0.997877, 0.0603865, 0.0)], [0.921607, 0.000962358, 0.388123, 0.0)], [-0.387357, 0.0651185, 0.919627, 0.0)], [0.0353293, -0.0280483, 0.0143854, 1.0)]])
0.0353293, -0.0280483, 0.0143854
float3(-0.0651646, -0.398657, -1.56983)
360029.313662458
normal
simd_float4x4([[-0.0305659, -0.997736, 0.0599113, 0.0)], [0.891327, -8.28762e-05, 0.453362, 0.0)], [-0.45233, 0.0672579, 0.889311, 0.0)], [0.0437644, -0.0319469, 0.0176988, 1.0)]])
0.0437644, -0.0319469, 0.0176988
float3(-0.0673087, -0.470528, -1.57088)
360029.380322125
normal
simd_float4x4([[-0.0329746, -0.997649, 0.0600823, 0.0)], [0.852874, 0.00325376, 0.522106, 0.0)], [-0.521074, 0.0684589, 0.850761, 0.0)], [0.0535185, -0.0334676, 0.0243337, 1.0)]])
0.0535185, -0.0334676, 0.0243337
float3(-0.0685124, -0.549545, -1.56753)
360029.480311458
normal
simd_float4x4([[-0.0283465, -0.99775, 0.0607539, 0.0)], [0.777432, 0.0161985, 0.628759, 0.0)], [-0.628328, 0.0650552, 0.775223, 0.0)], [0.0708478, -0.0325527, 0.0393522, 1.0)]])
0.0708478, -0.0325527, 0.0393522
float3(-0.0651011, -0.681118, -1.55456)
360029.546970958
normal
simd_float4x4([[-0.0306737, -0.99832, 0.0491455, 0.0)], [0.715577, 0.0123958, 0.698423, 0.0)], [-0.69786, 0.0565906, 0.713996, 0.0)], [0.0846571, -0.0312436, 0.0550853, 1.0)]])
0.0846571, -0.0312436, 0.0550853
float3(-0.0566209, -0.77397, -1.55838)
360029.6302955
normal
simd_float4x4([[-0.0447376, -0.998554, 0.0298195, 0.0)], [0.628475, -0.00492951, 0.777815, 0.0)], [-0.776543, 0.0535383, 0.627786, 0.0)], [0.105532, -0.0307778, 0.0778965, 1.0)]])
0.105532, -0.0307778, 0.0778965
float3(-0.0535639, -0.890932, -1.57573)
360029.696954916
normal
simd_float4x4([[-0.0576735, -0.998224, 0.0149362, 0.0)], [0.549078, -0.0192214, 0.83555, 0.0)], [-0.833779, 0.0563902, 0.549211, 0.0)], [0.123011, -0.0313991, 0.0985797, 1.0)]])
0.123011, -0.0313991, 0.0985797
float3(-0.0564201, -0.988329, -1.59005)
360029.763614583
normal
simd_float4x4([[-0.060277, -0.998175, 0.00360599, 0.0)], [0.462925, -0.0247538, 0.886052, 0.0)], [-0.884346, 0.0550778, 0.463572, 0.0)], [0.138114, -0.0319471, 0.122442, 1.0)]])
0.138114, -0.0319471, 0.122442
float3(-0.0551057, -1.08798, -1.59559)
360029.830274083
normal
simd_float4x4([[-0.0632899, -0.997994, -0.00143286, 0.0)], [0.374492, -0.02508, 0.926891, 0.0)], [-0.925067, 0.0581262, 0.375329, 0.0)], [0.152971, -0.0311327, 0.145987, 1.0)]])
0.152971, -0.0311327, 0.145987
float3(-0.058159, -1.18536, -1.59592)
360029.896933666
normal
simd_float4x4([[-0.0629975, -0.998014, 0.000291284, 0.0)], [0.274848, -0.0170686, 0.961336, 0.0)], [-0.959422, 0.0606419, 0.275377, 0.0)], [0.164434, -0.0300506, 0.17193, 1.0)]])
0.164434, -0.0300506, 0.17193
float3(-0.0606791, -1.29129, -1.5879)
360029.980257916
normal
simd_float4x4([[-0.0660226, -0.997786, -0.00800435, 0.0)], [0.150923, -0.0179153, 0.988383, 0.0)], [-0.986338, 0.0640475, 0.151771, 0.0)], [0.177355, -0.0300352, 0.205714, 1.0)]])
0.177355, -0.0300352, 0.205714
float3(-0.0640914, -1.41812, -1.58875)
360030.063582458
normal
simd_float4x4([[-0.0630256, -0.997675, -0.0259134, 0.0)], [0.0430195, -0.0286567, 0.998663, 0.0)], [-0.997084, 0.0618265, 0.0447256, 0.0)], [0.187895, -0.0295068, 0.239943, 1.0)]])
0.187895, -0.0295068, 0.239943
float3(-0.061866, -1.52597, -1.59951)
360030.180236875
normal
simd_float4x4([[-0.0497506, -0.998687, -0.0122214, 0.0)], [-0.130306, -0.00564162, 0.991458, 0.0)], [-0.990225, 0.0509181, -0.129854, 0.0)], [0.188745, -0.0237374, 0.279766, 1.0)]])
0.188745, -0.0237374, 0.279766
float3(-0.0509402, -1.70119, -1.57645)
360030.280226083
normal
simd_float4x4([[-0.0542625, -0.998506, 0.00638939, 0.0)], [-0.294943, 0.0221409, 0.955258, 0.0)], [-0.953973, 0.0499502, -0.295704, 0.0)], [0.181369, -0.0204632, 0.308509, 1.0)]])
0.181369, -0.0204632, 0.308509
float3(-0.049971, -1.87138, -1.54863)
360030.363550541
normal
simd_float4x4([[-0.0707669, -0.99748, -0.00501295, 0.0)], [-0.426177, 0.0256909, 0.904275, 0.0)], [-0.901868, 0.0661292, -0.426921, 0.0)], [0.174205, -0.0205211, 0.330639, 1.0)]])
0.174205, -0.0205211, 0.330639
float3(-0.0661775, -2.01292, -1.54505)
360030.463573583
normal
simd_float4x4([[-0.0776592, -0.996845, -0.0164317, 0.0)], [-0.553329, 0.0293854, 0.832444, 0.0)], [-0.829335, 0.073739, -0.553865, 0.0)], [0.161248, -0.0223053, 0.350183, 1.0)]])
0.161248, -0.0223053, 0.350183
float3(-0.073806, -2.15961, -1.54133)
360030.513601916
normal
simd_float4x4([[-0.088304, -0.995746, -0.026302, 0.0)], [-0.614319, 0.033655, 0.78834, 0.0)], [-0.784101, 0.0857713, -0.614678, 0.0)], [0.158322, -0.0253923, 0.360121, 1.0)]])
0.158322, -0.0253923, 0.360121
float3(-0.0858769, -2.23566, -1.53701)
360030.56363
normal
simd_float4x4([[-0.0964703, -0.994557, -0.0393762, 0.0)], [-0.668358, 0.0354131, 0.742996, 0.0)], [-0.737557, 0.0979944, -0.668136, 0.0)], [0.154252, -0.0282887, 0.368557, 1.0)]])
0.154252, -0.0282887, 0.368557
float3(-0.098152, -2.30685, -1.5352)
360030.630334291
normal
simd_float4x4([[-0.102559, -0.993217, -0.0547899, 0.0)], [-0.731908, 0.038046, 0.680341, 0.0)], [-0.673642, 0.109876, -0.730845, 0.0)], [0.156092, -0.0328149, 0.38236, 1.0)]])
0.156092, -0.0328149, 0.38236
float3(-0.110099, -2.3969, -1.53251)
360030.697038625
normal
simd_float4x4([[-0.102033, -0.99239, -0.068928, 0.0)], [-0.786282, 0.0380079, 0.616697, 0.0)], [-0.609385, 0.11712, -0.784177, 0.0)], [0.160127, -0.0378295, 0.393939, 1.0)]])
0.160127, -0.0378295, 0.393939
float3(-0.117389, -2.48097, -1.53252)
360030.747066833
normal
simd_float4x4([[-0.102465, -0.991615, -0.0787431, 0.0)], [-0.821453, 0.0397069, 0.568892, 0.0)], [-0.560996, 0.122975, -0.818634, 0.0)], [0.16053, -0.039984, 0.398797, 1.0)]])
0.16053, -0.039984, 0.398797
float3(-0.123288, -2.54081, -1.53077)
360030.81377125
normal
simd_float4x4([[-0.0845332, -0.99266, -0.086489, 0.0)], [-0.867599, 0.0306397, 0.49632, 0.0)], [-0.490027, 0.116993, -0.863821, 0.0)], [0.164847, -0.0432777, 0.406286, 1.0)]])
0.164847, -0.0432777, 0.406286
float3(-0.117262, -2.62558, -1.53994)
360030.863799583
normal
simd_float4x4([[-0.0737154, -0.992422, -0.098308, 0.0)], [-0.896198, 0.0226779, 0.443073, 0.0)], [-0.437486, 0.120765, -0.891079, 0.0)], [0.163886, -0.0442686, 0.408928, 1.0)]])
0.163886, -0.0442686, 0.408928
float3(-0.12106, -2.6852, -1.54795)
360030.930503916
normal
simd_float4x4([[-0.0598743, -0.989624, -0.130615, 0.0)], [-0.92798, 0.0069717, 0.372566, 0.0)], [-0.367789, 0.143516, -0.918768, 0.0)], [0.164315, -0.0479293, 0.431165, 1.0)]])
0.164315, -0.0479293, 0.431165
float3(-0.144013, -2.76082, -1.56375)
360030.997208166
normal
simd_float4x4([[-0.0423253, -0.989393, -0.138958, 0.0)], [-0.949087, -0.00363902, 0.314992, 0.0)], [-0.312157, 0.145216, -0.938866, 0.0)], [0.156621, -0.0478646, 0.435008, 1.0)]])
0.156621, -0.0478646, 0.435008
float3(-0.145731, -2.82061, -1.57447)
360031.063912541
normal
simd_float4x4([[-0.047782, -0.984987, -0.165887, 0.0)], [-0.971037, 0.00688283, 0.23883, 0.0)], [-0.234102, 0.172494, -0.956787, 0.0)], [0.154825, -0.0507328, 0.450864, 1.0)]])
0.154825, -0.0507328, 0.450864
float3(-0.173361, -2.90163, -1.56381)
360031.113940791
normal
simd_float4x4([[-0.0345018, -0.985038, -0.168846, 0.0)], [-0.982026, 0.00204526, 0.188734, 0.0)], [-0.185565, 0.172323, -0.967404, 0.0)], [0.142663, -0.0532697, 0.453881, 1.0)]])
0.142663, -0.0532697, 0.453881
float3(-0.173187, -2.95208, -1.56872)
360031.213997333
normal
simd_float4x4([[-0.0348965, -0.984573, -0.171459, 0.0)], [-0.994861, 0.0179069, 0.099654, 0.0)], [-0.0950463, 0.174055, -0.980138, 0.0)], [0.13211, -0.0652001, 0.474957, 1.0)]])
0.13211, -0.0652001, 0.474957
float3(-0.174946, -3.04492, -1.55261)
360031.280701541
normal
simd_float4x4([[-0.0410095, -0.983401, -0.176749, 0.0)], [-0.997467, 0.0300031, 0.0645013, 0.0)], [-0.0581277, 0.178946, -0.98214, 0.0)], [0.131835, -0.0749499, 0.500122, 1.0)]])
0.131835, -0.0749499, 0.500122
float3(-0.179915, -3.08248, -1.5403)
360031.347406
normal
simd_float4x4([[-0.0341453, -0.983284, -0.178851, 0.0)], [-0.998503, 0.025914, 0.0481595, 0.0)], [-0.0427197, 0.180228, -0.982697, 0.0)], [0.115166, -0.0809419, 0.5151, 1.0)]])
0.115166, -0.0809419, 0.5151
float3(-0.181218, -3.09815, -1.54445)
360031.397434208
normal
simd_float4x4([[-0.0281743, -0.983326, -0.179657, 0.0)], [-0.999131, 0.0221787, 0.0352943, 0.0)], [-0.0307212, 0.180496, -0.983096, 0.0)], [0.115575, -0.0847823, 0.545373, 1.0)]])
0.115575, -0.0847823, 0.545373
float3(-0.18149, -3.11035, -1.54825)
360031.464138541
normal
simd_float4x4([[-0.0100627, -0.981528, -0.191056, 0.0)], [-0.999474, 0.00398011, 0.0321937, 0.0)], [-0.0308386, 0.191279, -0.981051, 0.0)], [0.0973263, -0.0818233, 0.565442, 1.0)]])
0.0973263, -0.0818233, 0.565442
float3(-0.192465, -3.11017, -1.56674)
360031.530842833
normal
simd_float4x4([[0.00488612, -0.983345, -0.181681, 0.0)], [-0.999254, -0.0117608, 0.0367813, 0.0)], [-0.0383055, 0.181366, -0.982669, 0.0)], [0.0937854, -0.0741739, 0.600821, 1.0)]])
0.0937854, -0.0741739, 0.600821
float3(-0.182375, -3.10263, -1.58276)
360031.580871041
normal
simd_float4x4([[0.00722998, -0.982988, -0.183528, 0.0)], [-0.999125, -0.0146597, 0.0391581, 0.0)], [-0.0411824, 0.183084, -0.982234, 0.0)], [0.0829767, -0.0664125, 0.610959, 1.0)]])
0.0829767, -0.0664125, 0.610959
float3(-0.184123, -3.09969, -1.58571)
360031.647575375
normal
simd_float4x4([[0.0139635, -0.981352, -0.191712, 0.0)], [-0.999407, -0.0197341, 0.0282239, 0.0)], [-0.0314808, 0.191204, -0.981045, 0.0)], [0.092146, -0.0573938, 0.654238, 1.0)]])
0.092146, -0.0573938, 0.654238
float3(-0.192388, -3.10951, -1.5909)
360031.714279583
normal
simd_float4x4([[0.0212547, -0.982059, -0.187375, 0.0)], [-0.999445, -0.0256769, 0.0212049, 0.0)], [-0.0256356, 0.18682, -0.98206, 0.0)], [0.106919, -0.0486208, 0.680684, 1.0)]])
0.106919, -0.0486208, 0.680684
float3(-0.187924, -3.11549, -1.59694)
360031.780984
normal
simd_float4x4([[-0.000848491, -0.981, -0.194005, 0.0)], [-0.999904, -0.00185128, 0.0137343, 0.0)], [-0.0138325, 0.193998, -0.980904, 0.0)], [0.102799, -0.0496251, 0.693283, 1.0)]])
0.102799, -0.0496251, 0.693283
float3(-0.195236, -3.12749, -1.57268)
360031.847688375
normal
simd_float4x4([[-0.0140143, -0.978523, -0.205661, 0.0)], [-0.99989, 0.0147222, -0.00191224, 0.0)], [0.00489895, 0.205611, -0.978621, 0.0)], [0.132483, -0.0373526, 0.805106, 1.0)]])
0.132483, -0.0373526, 0.805106
float3(-0.207088, 3.13659, -1.55575)
360031.914392625
normal
simd_float4x4([[-0.00326339, -0.981747, -0.190163, 0.0)], [-0.999995, 0.00330888, 7.82976e-05, 0.0)], [0.000552358, 0.190162, -0.981753, 0.0)], [0.157935, -0.0420293, 0.908901, 1.0)]])
0.157935, -0.0420293, 0.908901
float3(-0.191328, 3.14103, -1.56743)
360031.981096916
normal
simd_float4x4([[-0.00977986, -0.985599, -0.168813, 0.0)], [-0.999922, 0.00832983, 0.00929562, 0.0)], [-0.00775558, 0.168891, -0.985604, 0.0)], [0.160531, -0.0438532, 0.938784, 1.0)]])
0.160531, -0.0438532, 0.938784
float3(-0.169704, -3.13372, -1.56235)
360032.047801333
normal
simd_float4x4([[-0.0197379, -0.984179, -0.176075, 0.0)], [-0.999339, 0.0247984, -0.0265864, 0.0)], [0.0305321, 0.175434, -0.984018, 0.0)], [0.221864, -0.0630537, 1.20618, 1.0)]])
0.221864, -0.0630537, 1.20618
float3(-0.176346, 3.11057, -1.5456)
360032.114505625
normal
simd_float4x4([[0.0165599, -0.982728, -0.184312, 0.0)], [-0.999822, -0.0146134, -0.0119145, 0.0)], [0.0090153, 0.184476, -0.982796, 0.0)], [0.244141, -0.0654039, 1.36102, 1.0)]])
0.244141, -0.0654039, 1.36102
float3(-0.185539, 3.13242, -1.58567)
360032.181210083
normal
simd_float4x4([[0.0252349, -0.981705, -0.188729, 0.0)], [-0.999607, -0.0224675, -0.0167888, 0.0)], [0.0122414, 0.189078, -0.981886, 0.0)], [0.242416, -0.0551131, 1.40909, 1.0)]])
0.242416, -0.0551131, 1.40909
float3(-0.190223, 3.12913, -1.59368)
360032.264590375
normal
simd_float4x4([[0.0282021, -0.975638, -0.217566, 0.0)], [-0.999098, -0.0206007, -0.0371282, 0.0)], [0.0317416, 0.218417, -0.975339, 0.0)], [0.288509, -0.0645168, 1.66325, 1.0)]])
0.288509, -0.0645168, 1.66325
float3(-0.220192, 3.10906, -1.59191)
360032.31461875
normal
simd_float4x4([[0.0374842, -0.975317, -0.217603, 0.0)], [-0.998473, -0.0277109, -0.0477937, 0.0)], [0.040584, 0.219063, -0.974866, 0.0)], [0.284412, -0.0629099, 1.7037, 1.0)]])
0.284412, -0.0629099, 1.7037
float3(-0.220854, 3.09999, -1.5992)
360032.397998958
normal
simd_float4x4([[0.0494413, -0.975427, -0.214705, 0.0)], [-0.99722, -0.0362121, -0.0651201, 0.0)], [0.0557449, 0.217327, -0.974506, 0.0)], [0.299641, -0.0822314, 1.90742, 1.0)]])
0.299641, -0.0822314, 1.90742
float3(-0.219076, 3.08445, -1.6079)
360032.464703416
normal
simd_float4x4([[0.0513094, -0.981979, -0.181893, 0.0)], [-0.997208, -0.0404834, -0.0627419, 0.0)], [0.0542475, 0.184604, -0.981315, 0.0)], [0.301457, -0.10316, 2.01784, 1.0)]])
0.301457, -0.10316, 2.01784
float3(-0.185669, 3.08637, -1.612)
360032.531407666
normal
simd_float4x4([[0.04801, -0.989107, -0.139152, 0.0)], [-0.998367, -0.043203, -0.0373641, 0.0)], [0.0309453, 0.140718, -0.989566, 0.0)], [0.296668, -0.11669, 2.07601, 1.0)]])
0.296668, -0.11669, 2.07601
float3(-0.141187, 3.11033, -1.61445)
360032.581436
normal
simd_float4x4([[0.0448893, -0.992707, -0.111883, 0.0)], [-0.998454, -0.0409079, -0.0376318, 0.0)], [0.0327805, 0.113399, -0.993009, 0.0)], [0.29653, -0.12453, 2.15616, 1.0)]])
0.29653, -0.12453, 2.15616
float3(-0.113644, 3.10859, -1.61198)
360032.648140333
normal
simd_float4x4([[0.060467, -0.993689, -0.0944763, 0.0)], [-0.998107, -0.0591249, -0.0169436, 0.0)], [0.0112508, 0.095322, -0.995383, 0.0)], [0.290581, -0.129516, 2.21652, 1.0)]])
0.290581, -0.129516, 2.21652
float3(-0.0954669, 3.13029, -1.63023)
360032.714844791
normal
simd_float4x4([[0.0505555, -0.991352, -0.121098, 0.0)], [-0.998668, -0.048924, -0.0164103, 0.0)], [0.0103438, 0.121766, -0.992505, 0.0)], [0.289116, -0.128803, 2.29946, 1.0)]])
0.289116, -0.128803, 2.29946
float3(-0.122069, 3.13117, -1.62011)
360032.781549
normal
simd_float4x4([[0.0320622, -0.986513, -0.160514, 0.0)], [-0.999457, -0.0328664, 0.002357, 0.0)], [-0.00760073, 0.160351, -0.987031, 0.0)], [0.294507, -0.130673, 2.38326, 1.0)]])
0.294507, -0.130673, 2.38326
float3(-0.161047, -3.13389, -1.6041)
360032.831577208
normal
simd_float4x4([[0.0146337, -0.982538, -0.185488, 0.0)], [-0.999824, -0.0165621, 0.00885113, 0.0)], [-0.0117686, 0.185326, -0.982607, 0.0)], [0.300349, -0.137448, 2.42998, 1.0)]])
0.300349, -0.137448, 2.42998
float3(-0.186403, -3.12962, -1.58765)
360032.898281625
normal
simd_float4x4([[0.00191277, -0.979534, -0.201269, 0.0)], [-0.999129, -0.0102593, 0.0404347, 0.0)], [-0.041672, 0.201017, -0.978701, 0.0)], [0.307287, -0.155214, 2.51522, 1.0)]])
0.307287, -0.155214, 2.51522
float3(-0.202396, -3.09904, -1.58127)
360032.94830975
normal
simd_float4x4([[-0.00651324, -0.978528, -0.206012, 0.0)], [-0.997596, -0.00785563, 0.0688529, 0.0)], [-0.0689928, 0.205965, -0.976124, 0.0)], [0.312485, -0.16954, 2.56614, 1.0)]])
0.312485, -0.16954, 2.56614
float3(-0.20745, -3.07103, -1.57882)
360032.998338208
normal
simd_float4x4([[-0.0276994, -0.976105, -0.215527, 0.0)], [-0.995004, 0.00623477, 0.0996403, 0.0)], [-0.0959156, 0.21721, -0.971401, 0.0)], [0.31927, -0.180762, 2.62173, 1.0)]])
0.31927, -0.180762, 2.62173
float3(-0.218956, -3.04317, -1.56441)
360033.0650425
normal
simd_float4x4([[-0.0714521, -0.976456, -0.203539, 0.0)], [-0.991553, 0.0473895, 0.120737, 0.0)], [-0.108249, 0.210446, -0.971594, 0.0)], [0.329187, -0.189017, 2.71989, 1.0)]])
0.329187, -0.189017, 2.71989
float3(-0.212031, -3.03064, -1.5223)
360033.131746833
normal
simd_float4x4([[-0.0774627, -0.980492, -0.18065, 0.0)], [-0.992897, 0.0594544, 0.103061, 0.0)], [-0.0903098, 0.18735, -0.978133, 0.0)], [0.333022, -0.186962, 2.79655, 1.0)]])
0.333022, -0.186962, 2.79655
float3(-0.188464, -3.04953, -1.51023)
360033.181775
normal
simd_float4x4([[-0.0574182, -0.984713, -0.164447, 0.0)], [-0.991548, 0.0370531, 0.124334, 0.0)], [-0.11634, 0.170196, -0.978518, 0.0)], [0.328766, -0.178262, 2.87495, 1.0)]])
0.328766, -0.178262, 2.87495
float3(-0.171028, -3.02325, -1.53319)
360033.248479416
normal
simd_float4x4([[-0.035592, -0.990498, -0.132844, 0.0)], [-0.991846, 0.0187336, 0.126059, 0.0)], [-0.122373, 0.136247, -0.983088, 0.0)], [0.322683, -0.160512, 2.9499, 1.0)]])
0.322683, -0.160512, 2.9499
float3(-0.136672, -3.01775, -1.55189)
360033.33185975
normal
simd_float4x4([[-0.00133186, -0.993106, -0.117208, 0.0)], [-0.990182, -0.0150732, 0.138967, 0.0)], [-0.139776, 0.116243, -0.983336, 0.0)], [0.304632, -0.137789, 3.06089, 1.0)]])
0.304632, -0.137789, 3.06089
float3(-0.116506, -3.00039, -1.58597)
360033.398564125
normal
simd_float4x4([[0.00195718, -0.994911, -0.100738, 0.0)], [-0.993731, -0.0131956, 0.111015, 0.0)], [-0.11178, 0.0998895, -0.9887, 0.0)], [0.292242, -0.125568, 3.1334, 1.0)]])
0.292242, -0.125568, 3.1334
float3(-0.100056, -3.02901, -1.58406)
360033.465268458
normal
simd_float4x4([[0.0176199, -0.997671, -0.0658922, 0.0)], [-0.996085, -0.0232254, 0.0852969, 0.0)], [-0.0866286, 0.0641313, -0.994174, 0.0)], [0.276317, -0.131521, 3.23418, 1.0)]])
0.276317, -0.131521, 3.23418
float3(-0.0641753, -3.05468, -1.59407)
360033.515296666
normal
simd_float4x4([[0.0343814, -0.999022, -0.0278011, 0.0)], [-0.994858, -0.0368632, 0.0943311, 0.0)], [-0.0952636, 0.0244149, -0.995153, 0.0)], [0.26198, -0.138209, 3.29219, 1.0)]])
0.26198, -0.138209, 3.29219
float3(-0.0244173, -3.04616, -1.60768)
360033.582001
normal
simd_float4x4([[0.0422893, -0.999013, 0.0136118, 0.0)], [-0.99154, -0.0402918, 0.12339, 0.0)], [-0.12272, -0.0187147, -0.992265, 0.0)], [0.245379, -0.151728, 3.40122, 1.0)]])
0.245379, -0.151728, 3.40122
float3(0.0187158, -3.01854, -1.61111)
360033.632029166
normal
simd_float4x4([[0.033435, -0.998915, 0.032419, 0.0)], [-0.992286, -0.0293037, 0.120459, 0.0)], [-0.119378, -0.0361964, -0.992189, 0.0)], [0.233301, -0.153386, 3.46029, 1.0)]])
0.233301, -0.153386, 3.46029
float3(0.0362043, -3.02185, -1.60012)
360033.698733541
normal
simd_float4x4([[0.00529052, -0.999741, 0.0221295, 0.0)], [-0.991321, -0.00233651, 0.13144, 0.0)], [-0.131354, -0.0226328, -0.991077, 0.0)], [0.221071, -0.148019, 3.56636, 1.0)]])
0.221071, -0.148019, 3.56636
float3(0.0226347, -3.00982, -1.57313)
360033.748761875
normal
simd_float4x4([[-0.013783, -0.999114, 0.0397587, 0.0)], [-0.991464, 0.0188115, 0.129016, 0.0)], [-0.129649, -0.0376411, -0.990845, 0.0)], [0.214089, -0.133715, 3.62318, 1.0)]])
0.214089, -0.133715, 3.62318
float3(0.03765, -3.01148, -1.55197)
360033.815466125
normal
simd_float4x4([[-0.0182299, -0.998525, 0.051141, 0.0)], [-0.989577, 0.025327, 0.141761, 0.0)], [-0.142847, -0.0480236, -0.988579, 0.0)], [0.209164, -0.118164, 3.72069, 1.0)]])
0.209164, -0.118164, 3.72069
float3(0.0480421, -2.99809, -1.54544)
360033.882170458
normal
simd_float4x4([[-0.0388207, -0.997956, 0.0507646, 0.0)], [-0.988234, 0.045865, 0.145914, 0.0)], [-0.147944, -0.0445028, -0.987994, 0.0)], [0.210346, -0.108741, 3.81653, 1.0)]])
0.210346, -0.108741, 3.81653
float3(0.0445175, -2.99296, -1.52487)
360033.948874833
normal
simd_float4x4([[-0.05719, -0.996951, 0.053077, 0.0)], [-0.98616, 0.0646979, 0.15265, 0.0)], [-0.155619, -0.0436124, -0.986854, 0.0)], [0.21226, -0.110829, 3.89421, 1.0)]])
0.21226, -0.110829, 3.89421
float3(0.0436262, -2.98519, -1.50599)
360033.998903
normal
simd_float4x4([[-0.050401, -0.996385, 0.0683875, 0.0)], [-0.986205, 0.0604622, 0.154092, 0.0)], [-0.15767, -0.0596777, -0.985687, 0.0)], [0.212307, -0.12392, 3.9698, 1.0)]])
0.212307, -0.12392, 3.9698
float3(0.0597132, -2.98298, -1.51019)
360034.048931291
normal
simd_float4x4([[-0.0262655, -0.995719, 0.0886263, 0.0)], [-0.986175, 0.0403196, 0.160727, 0.0)], [-0.163613, -0.0831795, -0.983012, 0.0)], [0.209082, -0.139423, 4.03092, 1.0)]])
0.209082, -0.139423, 4.03092
float3(0.0832757, -2.97666, -1.53033)
360034.115635666
normal
simd_float4x4([[0.00159778, -0.995136, 0.0985018, 0.0)], [-0.987097, 0.014202, 0.159491, 0.0)], [-0.160114, -0.0974857, -0.982273, 0.0)], [0.205389, -0.159039, 4.12977, 1.0)]])
0.205389, -0.159039, 4.12977
float3(0.0976408, -2.98001, -1.55653)
360034.18234
normal
simd_float4x4([[0.0222262, -0.996465, 0.0810132, 0.0)], [-0.990273, -0.0108104, 0.138716, 0.0)], [-0.13735, -0.0833083, -0.987013, 0.0)], [0.203307, -0.167775, 4.22998, 1.0)]])
0.203307, -0.167775, 4.22998
float3(0.083405, -3.00332, -1.58164)
360034.232368333
normal
simd_float4x4([[0.031177, -0.997914, 0.056525, 0.0)], [-0.989808, -0.022963, 0.140543, 0.0)], [-0.138951, -0.0603306, -0.98846, 0.0)], [0.202292, -0.166443, 4.30054, 1.0)]])
0.202292, -0.166443, 4.30054
float3(0.0603673, -3.00193, -1.5938)
360034.2990725
normal
simd_float4x4([[0.0385622, -0.997521, 0.0588662, 0.0)], [-0.99437, -0.0324886, 0.100857, 0.0)], [-0.0986948, -0.0624241, -0.993158, 0.0)], [0.201089, -0.159133, 4.39034, 1.0)]])
0.201089, -0.159133, 4.39034
float3(0.0624647, -3.04254, -1.60335)
360034.365776833
normal
simd_float4x4([[0.0377646, -0.998971, 0.0251173, 0.0)], [-0.994387, -0.0350814, 0.0998223, 0.0)], [-0.0988384, -0.028746, -0.994688, 0.0)], [0.19706, -0.146884, 4.48154, 1.0)]])
0.19706, -0.146884, 4.48154
float3(0.02875, -3.04255, -1.6059)
360034.415805083
normal
simd_float4x4([[0.0281571, -0.999476, 0.0159623, 0.0)], [-0.997202, -0.0269795, 0.0697211, 0.0)], [-0.0692539, -0.0178808, -0.997439, 0.0)], [0.195921, -0.140383, 4.5512, 1.0)]])
0.195921, -0.140383, 4.5512
float3(0.0178818, -3.07227, -1.59778)
360034.515861625
normal
simd_float4x4([[0.0373764, -0.998981, 0.0253117, 0.0)], [-0.998783, -0.0365293, 0.03314, 0.0)], [-0.0321816, -0.0265196, -0.99913, 0.0)], [0.186055, -0.14759, 4.68569, 1.0)]])
0.186055, -0.14759, 4.68569
float3(0.0265227, -3.10939, -1.60735)
360034.582566083
normal
simd_float4x4([[0.0500347, -0.99659, 0.0656066, 0.0)], [-0.99752, -0.0466094, 0.0527419, 0.0)], [-0.0495042, -0.0680828, -0.996451, 0.0)], [0.178095, -0.16178, 4.78048, 1.0)]])
0.178095, -0.16178, 4.78048
float3(0.0681355, -3.09195, -1.61753)
360034.649270416
normal
simd_float4x4([[0.052252, -0.996391, 0.066896, 0.0)], [-0.996958, -0.0481682, 0.0612691, 0.0)], [-0.0578257, -0.0698939, -0.995877, 0.0)], [0.169007, -0.173742, 4.87956, 1.0)]])
0.169007, -0.173742, 4.87956
float3(0.069951, -3.08359, -1.6191)
360034.715974541
normal
simd_float4x4([[0.0465688, -0.997987, 0.043044, 0.0)], [-0.995427, -0.0427653, 0.0854155, 0.0)], [-0.0834028, -0.0468249, -0.995415, 0.0)], [0.160789, -0.175588, 4.97769, 1.0)]])
0.160789, -0.175588, 4.97769
float3(0.046842, -3.058, -1.61362)
360034.76600275
normal
simd_float4x4([[0.0417885, -0.998333, 0.0398101, 0.0)], [-0.996123, -0.0385428, 0.0790738, 0.0)], [-0.0774076, -0.0429601, -0.996073, 0.0)], [0.154982, -0.171301, 5.04912, 1.0)]])
0.154982, -0.171301, 5.04912
float3(0.0429734, -3.06404, -1.60938)
360034.816031041
normal
simd_float4x4([[0.0334369, -0.999194, 0.0221912, 0.0)], [-0.995708, -0.0313865, 0.0870695, 0.0)], [-0.0863029, -0.0250073, -0.995955, 0.0)], [0.151811, -0.162527, 5.11896, 1.0)]])
0.151811, -0.162527, 5.11896
float3(0.0250099, -3.05516, -1.6022)
360034.882735375
normal
simd_float4x4([[0.00912418, -0.99987, -0.0133013, 0.0)], [-0.997484, -0.010036, 0.0701764, 0.0)], [-0.0703008, 0.0126275, -0.997446, 0.0)], [0.150649, -0.1514, 5.21304, 1.0)]])
0.150649, -0.1514, 5.21304
float3(-0.0126278, -3.07123, -1.58083)
360034.949439708
normal
simd_float4x4([[-0.0075168, -0.999274, -0.0373461, 0.0)], [-0.997563, 0.00490284, 0.0695978, 0.0)], [-0.0693642, 0.0377783, -0.996876, 0.0)], [0.149822, -0.149298, 5.30659, 1.0)]])
0.149822, -0.149298, 5.30659
float3(-0.0377873, -3.07212, -1.56589)
360034.999468125
normal
simd_float4x4([[-0.0229529, -0.998945, -0.0397743, 0.0)], [-0.997384, 0.020153, 0.0694206, 0.0)], [-0.0685458, 0.0412636, -0.996794, 0.0)], [0.151028, -0.153631, 5.37554, 1.0)]])
0.151028, -0.153631, 5.37554
float3(-0.0412753, -3.07293, -1.55062)
360035.049496458
normal
simd_float4x4([[-0.0302506, -0.999156, -0.0277859, 0.0)], [-0.997444, 0.0283751, 0.0655778, 0.0)], [-0.064734, 0.0296986, -0.99746, 0.0)], [0.151985, -0.161977, 5.44392, 1.0)]])
0.151985, -0.161977, 5.44392
float3(-0.029703, -3.07678, -1.5424)
360035.116200583
normal
simd_float4x4([[-0.0339053, -0.999425, -0.000981704, 0.0)], [-0.997728, 0.0337905, 0.0582754, 0.0)], [-0.0582087, 0.00295532, -0.9983, 0.0)], [0.151582, -0.175789, 5.53498, 1.0)]])
0.151582, -0.175789, 5.53498
float3(-0.00295532, -3.08335, -1.537)
360035.182905
normal
simd_float4x4([[-0.040919, -0.999148, -0.00545762, 0.0)], [-0.998008, 0.0406086, 0.0482828, 0.0)], [-0.04802, 0.00742243, -0.998819, 0.0)], [0.153153, -0.18399, 5.63307, 1.0)]])
0.153153, -0.18399, 5.63307
float3(-0.0074225, -3.09355, -1.53018)
360035.249609291
normal
simd_float4x4([[-0.0373273, -0.998791, -0.0319815, 0.0)], [-0.998882, 0.0363632, 0.0302149, 0.0)], [-0.0290155, 0.0330735, -0.999032, 0.0)], [0.149538, -0.182263, 5.73178, 1.0)]])
0.149538, -0.182263, 5.73178
float3(-0.0330796, -3.11256, -1.53441)
360035.299637416
normal
simd_float4x4([[-0.031686, -0.998816, -0.036909, 0.0)], [-0.999364, 0.031055, 0.0175459, 0.0)], [-0.0163789, 0.0374414, -0.999165, 0.0)], [0.148137, -0.175776, 5.80143, 1.0)]])
0.148137, -0.175776, 5.80143
float3(-0.0374502, -3.1252, -1.53971)
360035.366341708
normal
simd_float4x4([[-0.0225489, -0.998558, -0.048722, 0.0)], [-0.999728, 0.0222315, 0.00704628, 0.0)], [-0.00595295, 0.0488676, -0.998788, 0.0)], [0.139726, -0.162537, 5.89426, 1.0)]])
0.139726, -0.162537, 5.89426
float3(-0.0488871, -3.13563, -1.54854)
360035.416369916
normal
simd_float4x4([[-0.0190007, -0.998074, -0.0590503, 0.0)], [-0.999807, 0.0192615, -0.00384951, 0.0)], [0.00497948, 0.0589657, -0.998248, 0.0)], [0.135001, -0.154412, 5.96249, 1.0)]])
0.135001, -0.154412, 5.96249
float3(-0.059, 3.1366, -1.5515)
360035.483074375
normal
simd_float4x4([[-0.016401, -0.998065, -0.0599706, 0.0)], [-0.999287, 0.018402, -0.0329665, 0.0)], [0.0340063, 0.0593872, -0.997656, 0.0)], [0.126422, -0.151881, 6.05553, 1.0)]])
0.126422, -0.151881, 6.05553
float3(-0.0594221, 3.10752, -1.55236)
360035.533102625
normal
simd_float4x4([[-0.00988628, -0.998519, -0.0534947, 0.0)], [-0.998354, 0.0128783, -0.0558787, 0.0)], [0.0564849, 0.0528542, -0.997003, 0.0)], [0.118665, -0.157996, 6.12499, 1.0)]])
0.118665, -0.157996, 6.12499
float3(-0.0528789, 3.085, -1.5579)
360035.649835083
normal
simd_float4x4([[0.0201922, -0.9996, -0.0198177, 0.0)], [-0.997967, -0.0189527, -0.0608558, 0.0)], [0.0604559, 0.0210062, -0.99795, 0.0)], [0.0923943, -0.184309, 6.29193, 1.0)]])
0.0923943, -0.184309, 6.29193
float3(-0.0210078, 3.08109, -1.58975)
360035.699863291
normal
simd_float4x4([[0.0227598, -0.99941, -0.0257298, 0.0)], [-0.997968, -0.0211798, -0.0600982, 0.0)], [0.0595178, 0.0270453, -0.997861, 0.0)], [0.0820471, -0.192774, 6.36489, 1.0)]])
0.0820471, -0.192774, 6.36489
float3(-0.0270486, 3.08202, -1.59199)
360035.749891708
normal
simd_float4x4([[0.023078, -0.998674, -0.0460195, 0.0)], [-0.998775, -0.0210162, -0.0447937, 0.0)], [0.0437672, 0.0469969, -0.997936, 0.0)], [0.0723436, -0.192515, 6.44071, 1.0)]])
0.0723436, -0.192515, 6.44071
float3(-0.0470142, 3.09776, -1.59184)
360035.799920041
normal
simd_float4x4([[0.0130553, -0.998608, -0.0511071, 0.0)], [-0.999138, -0.0110144, -0.0400123, 0.0)], [0.0393937, 0.0515854, -0.997891, 0.0)], [0.0647586, -0.187435, 6.5135, 1.0)]])
0.0647586, -0.187435, 6.5135
float3(-0.0516083, 3.10214, -1.58183)
360035.86662425
normal
simd_float4x4([[0.00156886, -0.998183, -0.0602398, 0.0)], [-0.998977, 0.00115763, -0.0451989, 0.0)], [0.0451865, 0.0602491, -0.99716, 0.0)], [0.0606113, -0.173677, 6.60368, 1.0)]])
0.0606113, -0.173677, 6.60368
float3(-0.0602857, 3.09631, -1.56964)
360035.933328541
normal
simd_float4x4([[-0.0167725, -0.996934, -0.0764304, 0.0)], [-0.998382, 0.020852, -0.0528951, 0.0)], [0.0543266, 0.0754196, -0.995671, 0.0)], [0.059455, -0.162204, 6.68881, 1.0)]])
0.059455, -0.162204, 6.68881
float3(-0.0754912, 3.08708, -1.54988)
360035.983356791
normal
simd_float4x4([[-0.0265536, -0.996128, -0.0838053, 0.0)], [-0.998229, 0.0308875, -0.0508472, 0.0)], [0.0532388, 0.0823067, -0.995184, 0.0)], [0.0593872, -0.161411, 6.75599, 1.0)]])
0.0593872, -0.161411, 6.75599
float3(-0.0823999, 3.08815, -1.5398)
360036.033385166
normal
simd_float4x4([[-0.037322, -0.995709, -0.0846784, 0.0)], [-0.997789, 0.0417945, -0.0516748, 0.0)], [0.0549922, 0.0825625, -0.995068, 0.0)], [0.0594418, -0.165039, 6.81817, 1.0)]])
0.0594418, -0.165039, 6.81817
float3(-0.0826566, 3.08638, -1.52885)
360036.100089541
normal
simd_float4x4([[-0.032825, -0.997856, -0.056613, 0.0)], [-0.998397, 0.0353511, -0.0442118, 0.0)], [0.0461184, 0.055071, -0.997417, 0.0)], [0.0594454, -0.179508, 6.90655, 1.0)]])
0.0594454, -0.179508, 6.90655
float3(-0.0550989, 3.09539, -1.53538)
360036.166793875
normal
simd_float4x4([[-0.0211094, -0.999231, -0.0330421, 0.0)], [-0.998769, 0.0225606, -0.044182, 0.0)], [0.0448935, 0.0320687, -0.998477, 0.0)], [0.0600867, -0.196247, 6.99263, 1.0)]])
0.0600867, -0.196247, 6.99263
float3(-0.0320742, 3.09666, -1.54822)
360036.233498125
normal
simd_float4x4([[-0.00153622, -0.999521, -0.0309098, 0.0)], [-0.998827, 0.00302976, -0.0483305, 0.0)], [0.048401, 0.0307993, -0.998353, 0.0)], [0.0582128, -0.207442, 7.08322, 1.0)]])
0.0582128, -0.207442, 7.08322
float3(-0.0308042, 3.09315, -1.56777)
360036.300202458
normal
simd_float4x4([[0.0104762, -0.998073, -0.0611681, 0.0)], [-0.997877, -0.00650247, -0.0648049, 0.0)], [0.0642822, 0.0617171, -0.996022, 0.0)], [0.0584323, -0.208112, 7.18265, 1.0)]])
0.0584323, -0.208112, 7.18265
float3(-0.0617564, 3.07714, -1.57731)
360036.366906875
normal
simd_float4x4([[0.0218787, -0.997484, -0.0674257, 0.0)], [-0.996622, -0.0164205, -0.0804678, 0.0)], [0.0791582, 0.0689585, -0.994474, 0.0)], [0.0515845, -0.200032, 7.27193, 1.0)]])
0.0515845, -0.200032, 7.27193
float3(-0.0690132, 3.06216, -1.58726)
360036.416935125
normal
simd_float4x4([[0.029298, -0.994996, -0.0955208, 0.0)], [-0.996746, -0.0219018, -0.0775798, 0.0)], [0.0750995, 0.0974829, -0.9924, 0.0)], [0.0457416, -0.192802, 7.33927, 1.0)]])
0.0457416, -0.192802, 7.33927
float3(-0.0976379, 3.06606, -1.5928)
360036.466963208
normal
simd_float4x4([[0.0306296, -0.992884, -0.115081, 0.0)], [-0.995165, -0.0195434, -0.0962555, 0.0)], [0.0933215, 0.117473, -0.988682, 0.0)], [0.0410644, -0.188393, 7.40966, 1.0)]])
0.0410644, -0.188393, 7.40966
float3(-0.117745, 3.04748, -1.59048)
360036.516991625
normal
simd_float4x4([[0.0377694, -0.991568, -0.123959, 0.0)], [-0.992521, -0.022814, -0.119921, 0.0)], [0.116082, 0.127562, -0.985014, 0.0)], [0.0350577, -0.191179, 7.47944, 1.0)]])
0.0350577, -0.191179, 7.47944
float3(-0.12791, 3.02429, -1.5938)
360036.583695916
normal
simd_float4x4([[0.0650296, -0.991398, -0.113586, 0.0)], [-0.989988, -0.0498049, -0.132076, 0.0)], [0.125282, 0.121038, -0.98471, 0.0)], [0.0233749, -0.207018, 7.56621, 1.0)]])
0.0233749, -0.207018, 7.56621
float3(-0.121335, 3.01504, -1.62099)
360036.633724125
normal
simd_float4x4([[0.085307, -0.992479, -0.0877933, 0.0)], [-0.989773, -0.0743025, -0.121773, 0.0)], [0.114334, 0.0972835, -0.988668, 0.0)], [0.0126143, -0.22362, 7.63613, 1.0)]])
0.0126143, -0.22362, 7.63613
float3(-0.0974376, 3.02646, -1.64552)
360036.683752333
normal
simd_float4x4([[0.0950994, -0.993458, -0.0632254, 0.0)], [-0.992095, -0.0893621, -0.0881004, 0.0)], [0.0818741, 0.0711039, -0.994103, 0.0)], [0.00162657, -0.240607, 7.70415, 1.0)]])
0.00162657, -0.240607, 7.70415
float3(-0.071164, 3.05942, -1.66051)
360036.750456541
normal
simd_float4x4([[0.0847444, -0.990685, -0.106589, 0.0)], [-0.993487, -0.075834, -0.0850444, 0.0)], [0.0761691, 0.113102, -0.990659, 0.0)], [-0.0111475, -0.253881, 7.80934, 1.0)]])
-0.0111475, -0.253881, 7.80934
float3(-0.113345, 3.06486, -1.64719)
360036.80048475
normal
simd_float4x4([[0.0743807, -0.984894, -0.156368, 0.0)], [-0.996096, -0.0659012, -0.0587372, 0.0)], [0.0475451, 0.160126, -0.985951, 0.0)], [-0.0196295, -0.253871, 7.88516, 1.0)]])
-0.0196295, -0.253871, 7.88516
float3(-0.160819, 3.09341, -1.63761)
360036.85051325
normal
simd_float4x4([[0.0559117, -0.984347, -0.167136, 0.0)], [-0.997823, -0.0492255, -0.0438867, 0.0)], [0.0349724, 0.169226, -0.984957, 0.0)], [-0.022469, -0.244123, 7.95561, 1.0)]])
-0.022469, -0.244123, 7.95561
float3(-0.170044, 3.1061, -1.62076)
360036.917217458
normal
simd_float4x4([[0.0465857, -0.984342, -0.170004, 0.0)], [-0.998138, -0.0391624, -0.0467623, 0.0)], [0.0393723, 0.171866, -0.984333, 0.0)], [-0.024594, -0.228116, 8.0375, 1.0)]])
-0.024594, -0.228116, 8.0375
float3(-0.172723, 3.10161, -1.61056)
360036.983921875
normal
simd_float4x4([[0.0315815, -0.985076, -0.169198, 0.0)], [-0.998582, -0.0238383, -0.0476018, 0.0)], [0.042858, 0.170461, -0.984432, 0.0)], [-0.0206356, -0.218556, 8.11889, 1.0)]])
-0.0206356, -0.218556, 8.11889
float3(-0.171298, 3.09808, -1.59499)
360037.033950041
normal
simd_float4x4([[0.0269815, -0.987925, -0.152569, 0.0)], [-0.998582, -0.0196302, -0.049486, 0.0)], [0.0458935, 0.153688, -0.987053, 0.0)], [-0.0195888, -0.221936, 8.17879, 1.0)]])
-0.0195888, -0.221936, 8.17879
float3(-0.1543, 3.09513, -1.59066)
360037.083978208
normal
simd_float4x4([[0.024306, -0.990743, -0.133558, 0.0)], [-0.998769, -0.0182867, -0.0461127, 0.0)], [0.0432435, 0.134514, -0.989968, 0.0)], [-0.0153557, -0.233587, 8.24243, 1.0)]])
-0.0153557, -0.233587, 8.24243
float3(-0.134923, 3.09794, -1.58925)
360037.150682583
normal
simd_float4x4([[0.0145125, -0.993311, -0.114553, 0.0)], [-0.99963, -0.0117768, -0.024522, 0.0)], [0.0230089, 0.114867, -0.993114, 0.0)], [-0.00891498, -0.249812, 8.32581, 1.0)]])
-0.00891498, -0.249812, 8.32581
float3(-0.115121, 3.11843, -1.58265)
360037.217386958
normal
simd_float4x4([[-0.00128292, -0.991723, -0.128393, 0.0)], [-0.999472, 0.00544113, -0.0320412, 0.0)], [0.0324745, 0.128284, -0.991206, 0.0)], [-0.00102985, -0.264827, 8.42462, 1.0)]])
-0.00102985, -0.264827, 8.42462
float3(-0.128638, 3.10884, -1.56531)
360037.26741525
normal
simd_float4x4([[0.0101345, -0.988907, -0.14819, 0.0)], [-0.998963, -0.00343402, -0.0454016, 0.0)], [0.0443891, 0.148497, -0.987916, 0.0)], [0.00166408, -0.270417, 8.4908, 1.0)]])
0.00166408, -0.270417, 8.4908
float3(-0.149048, 3.09669, -1.57427)
360037.3174435
normal
simd_float4x4([[0.0368956, -0.986465, -0.159766, 0.0)], [-0.997733, -0.0273587, -0.0614874, 0.0)], [0.0562842, 0.161672, -0.985238, 0.0)], [0.00247435, -0.270163, 8.56347, 1.0)]])
0.00247435, -0.270163, 8.56347
float3(-0.162385, 3.08453, -1.59852)
360037.384147666
normal
simd_float4x4([[0.0779049, -0.986814, -0.141873, 0.0)], [-0.994394, -0.0667089, -0.0820374, 0.0)], [0.0714916, 0.147468, -0.98648, 0.0)], [-0.000638706, -0.261069, 8.64344, 1.0)]])
-0.000638706, -0.261069, 8.64344
float3(-0.148008, 3.06925, -1.63829)
360037.450852041
normal
simd_float4x4([[0.106195, -0.982058, -0.155833, 0.0)], [-0.992284, -0.0945792, -0.0801691, 0.0)], [0.0639922, 0.163145, -0.984525, 0.0)], [-0.0047788, -0.247667, 8.72397, 1.0)]])
-0.0047788, -0.247667, 8.72397
float3(-0.163877, 3.07669, -1.66681)
360037.517556458
normal
simd_float4x4([[0.12134, -0.980987, -0.151463, 0.0)], [-0.987508, -0.103851, -0.1185, 0.0)], [0.100517, 0.16395, -0.981334, 0.0)], [-0.00569622, -0.237464, 8.80801, 1.0)]])
-0.00569622, -0.237464, 8.80801
float3(-0.164694, 3.03952, -1.67627)
360037.584260791
normal
simd_float4x4([[0.154335, -0.981106, -0.116674, 0.0)], [-0.982531, -0.139975, -0.122635, 0.0)], [0.103986, 0.133562, -0.98557, 0.0)], [-0.00811164, -0.240466, 8.88546, 1.0)]])
-0.00811164, -0.240466, 8.88546
float3(-0.133963, 3.03647, -1.71251)
360037.650965125
normal
simd_float4x4([[0.178421, -0.981586, -0.0682318, 0.0)], [-0.9788, -0.16997, -0.114287, 0.0)], [0.100586, 0.0871765, -0.991102, 0.0)], [-0.00999471, -0.25162, 8.96883, 1.0)]])
-0.00999471, -0.25162, 8.96883
float3(-0.0872873, 3.04045, -1.74225)
360037.717669416
normal
simd_float4x4([[0.196309, -0.980181, -0.0266008, 0.0)], [-0.978685, -0.194196, -0.0668119, 0.0)], [0.060322, 0.0391496, -0.997411, 0.0)], [-0.0108329, -0.263765, 9.06298, 1.0)]])
-0.0108329, -0.263765, 9.06298
float3(-0.0391596, 3.08119, -1.76639)
360037.784373666
normal
simd_float4x4([[0.192612, -0.98039, -0.0416718, 0.0)], [-0.981273, -0.192352, -0.0101982, 0.0)], [0.00198252, 0.0428557, -0.999079, 0.0)], [-0.0101776, -0.265969, 9.1624, 1.0)]])
-0.0101776, -0.265969, 9.1624
float3(-0.0428688, 3.13961, -1.76454)
360037.851078041
normal
simd_float4x4([[0.144623, -0.986419, -0.0778567, 0.0)], [-0.988593, -0.147388, 0.0309929, 0.0)], [-0.0420471, 0.0724864, -0.996483, 0.0)], [-0.00153523, -0.251756, 9.26066, 1.0)]])
-0.00153523, -0.251756, 9.26066
float3(-0.07255, -3.09942, -1.71912)
360037.901106208
normal
simd_float4x4([[0.128055, -0.988855, -0.0759503, 0.0)], [-0.990907, -0.130757, 0.0317119, 0.0)], [-0.0412895, 0.0711988, -0.996607, 0.0)], [0.00453927, -0.236004, 9.31966, 1.0)]])
0.00453927, -0.236004, 9.31966
float3(-0.0712591, -3.10019, -1.70226)
360037.9511345
normal
simd_float4x4([[0.137156, -0.987975, -0.0713678, 0.0)], [-0.988264, -0.141375, 0.0578551, 0.0)], [-0.067249, 0.062595, -0.995771, 0.0)], [0.0100634, -0.222918, 9.37846, 1.0)]])
0.0100634, -0.222918, 9.37846
float3(-0.062636, -3.07416, -1.71293)
360038.017838958
normal
simd_float4x4([[0.130383, -0.989271, -0.0659004, 0.0)], [-0.987744, -0.135359, 0.0777164, 0.0)], [-0.0858028, 0.0549598, -0.994795, 0.0)], [0.0184843, -0.208244, 9.45432, 1.0)]])
0.0184843, -0.208244, 9.45432
float3(-0.0549875, -3.05555, -1.70678)
360038.067867125
normal
simd_float4x4([[0.101166, -0.992256, -0.0720712, 0.0)], [-0.990995, -0.106895, 0.0806434, 0.0)], [-0.0877229, 0.0632638, -0.994134, 0.0)], [0.0296094, -0.198391, 9.50927, 1.0)]])
0.0296094, -0.198391, 9.50927
float3(-0.0633061, -3.05358, -1.67811)
360038.134571458
normal
simd_float4x4([[0.0682203, -0.996328, -0.0517277, 0.0)], [-0.99535, -0.0715038, 0.0645341, 0.0)], [-0.0679959, 0.0470846, -0.996574, 0.0)], [0.0402291, -0.19489, 9.57521, 1.0)]])
0.0402291, -0.19489, 9.57521
float3(-0.047102, -3.07347, -1.64244)
360038.201275833
normal
simd_float4x4([[0.0522888, -0.998273, -0.0267566, 0.0)], [-0.997528, -0.0534716, 0.0455891, 0.0)], [-0.0469411, 0.0243067, -0.998602, 0.0)], [0.0706423, -0.200108, 9.64102, 1.0)]])
0.0706423, -0.200108, 9.64102
float3(-0.0243091, -3.09462, -1.62431)
360038.251303875
normal
simd_float4x4([[0.0459572, -0.998769, -0.0186899, 0.0)], [-0.998547, -0.0464576, 0.0272872, 0.0)], [-0.0281219, 0.0174087, -0.999453, 0.0)], [0.0758633, -0.205089, 9.69093, 1.0)]])
0.0758633, -0.205089, 9.69093
float3(-0.0174096, -3.11346, -1.61728)
360038.318008333
normal
simd_float4x4([[0.0455439, -0.998702, -0.0227995, 0.0)], [-0.998697, -0.0449941, -0.0240709, 0.0)], [0.0230139, 0.023866, -0.99945, 0.0)], [0.0813559, -0.211181, 9.75587, 1.0)]])
0.0813559, -0.211181, 9.75587
float3(-0.0238683, 3.11857, -1.61582)
360038.368036708
normal
simd_float4x4([[0.0564349, -0.997968, -0.0295818, 0.0)], [-0.997524, -0.0551151, -0.0436787, 0.0)], [0.0419595, 0.0319736, -0.998608, 0.0)], [0.0828809, -0.212163, 9.80154, 1.0)]])
0.0828809, -0.212163, 9.80154
float3(-0.0319791, 3.0996, -1.62597)
360038.434740958
normal
simd_float4x4([[0.0595189, -0.997944, -0.0237663, 0.0)], [-0.992958, -0.0567449, -0.103992, 0.0)], [0.10243, 0.0297884, -0.994294, 0.0)], [0.0852325, -0.209371, 9.85279, 1.0)]])
0.0852325, -0.209371, 9.85279
float3(-0.0297928, 3.03894, -1.6276)
360038.501445333
normal
simd_float4x4([[0.0628864, -0.997195, -0.0405885, 0.0)], [-0.991379, -0.0577321, -0.117622, 0.0)], [0.114949, 0.0476354, -0.992229, 0.0)], [0.0853467, -0.201794, 9.90291, 1.0)]])
0.0853467, -0.201794, 9.90291
float3(-0.0476534, 3.02626, -1.62863)
360038.551473541
normal
simd_float4x4([[0.0530837, -0.996448, -0.0653664, 0.0)], [-0.989496, -0.0436731, -0.137809, 0.0)], [0.134465, 0.0719951, -0.9883, 0.0)], [0.0885972, -0.194713, 9.9399, 1.0)]])
0.0885972, -0.194713, 9.9399
float3(-0.0720575, 3.00637, -1.6146)
360038.618177833
normal
simd_float4x4([[0.0451671, -0.996672, -0.0678575, 0.0)], [-0.98757, -0.0343113, -0.153388, 0.0)], [0.150549, 0.0739422, -0.985833, 0.0)], [0.0908056, -0.187048, 9.97318, 1.0)]])
0.0908056, -0.187048, 9.97318
float3(-0.0740097, 2.99005, -1.60521)
360038.684882166
normal
simd_float4x4([[0.0372681, -0.998273, -0.0454052, 0.0)], [-0.986615, -0.0295388, -0.160368, 0.0)], [0.158749, 0.0507741, -0.986013, 0.0)], [0.0935603, -0.181037, 9.99848, 1.0)]])
0.0935603, -0.181037, 9.99848
float3(-0.0507959, 2.98196, -1.60038)
360038.73491025
normal
simd_float4x4([[0.0361476, -0.998807, -0.032835, 0.0)], [-0.987521, -0.0306609, -0.154474, 0.0)], [0.153283, 0.0380092, -0.987451, 0.0)], [0.0947233, -0.17718, 10.0127, 1.0)]])
0.0947233, -0.17718, 10.0127
float3(-0.0380183, 2.98759, -1.60148)
360038.784938625
normal
simd_float4x4([[0.0331041, -0.999073, -0.027534, 0.0)], [-0.989058, -0.0287845, -0.144694, 0.0)], [0.143768, 0.0320227, -0.989093, 0.0)], [0.0951849, -0.174926, 10.0232, 1.0)]])
0.0951849, -0.174926, 10.0232
float3(-0.0320282, 2.99725, -1.5996)
360038.851643125
normal
simd_float4x4([[0.0215399, -0.99894, -0.040688, 0.0)], [-0.990118, -0.0156736, -0.139356, 0.0)], [0.13857, 0.0432877, -0.989406, 0.0)], [0.0989805, -0.171747, 10.0397, 1.0)]])
0.0989805, -0.171747, 10.0397
float3(-0.0433012, 3.00244, -1.58649)
360038.90167125
normal
simd_float4x4([[0.0128231, -0.998679, -0.0497509, 0.0)], [-0.989297, -0.00543877, -0.145812, 0.0)], [0.145349, 0.0510882, -0.988061, 0.0)], [0.101737, -0.167262, 10.0423, 1.0)]])
0.101737, -0.167262, 10.0423
float3(-0.0511104, 2.99554, -1.57624)
360038.968375625
normal
simd_float4x4([[0.0125413, -0.998996, -0.0430059, 0.0)], [-0.99046, -0.0065085, -0.137649, 0.0)], [0.137231, 0.0443219, -0.989547, 0.0)], [0.105245, -0.16584, 10.0507, 1.0)]])
0.105245, -0.16584, 10.0507
float3(-0.0443364, 3.00379, -1.57731)
360039.035079958
normal
simd_float4x4([[0.0132501, -0.999049, -0.0415523, 0.0)], [-0.992515, -0.00809524, -0.121857, 0.0)], [0.121404, 0.0428558, -0.991678, 0.0)], [0.107513, -0.164535, 10.0555, 1.0)]])
0.107513, -0.164535, 10.0555
float3(-0.042869, 3.01978, -1.5789)
360039.101784166
normal
simd_float4x4([[0.0153188, -0.998398, -0.0544606, 0.0)], [-0.993952, -0.00928163, -0.109426, 0.0)], [0.108745, 0.0558075, -0.992502, 0.0)], [0.111115, -0.164064, 10.0627, 1.0)]])
0.111115, -0.164064, 10.0627
float3(-0.0558365, 3.03246, -1.58009)
360039.151812458
normal
simd_float4x4([[0.00708312, -0.997595, -0.0689531, 0.0)], [-0.994717, 3.30047e-05, -0.102658, 0.0)], [0.102414, 0.0693159, -0.992324, 0.0)], [0.113908, -0.162732, 10.0651, 1.0)]])
0.113908, -0.162732, 10.0651
float3(-0.0693716, 3.03875, -1.57076)
360039.21851675
normal
simd_float4x4([[0.000637837, -0.997072, -0.076464, 0.0)], [-0.995878, 0.00630187, -0.0904822, 0.0)], [0.0906992, 0.0762065, -0.992958, 0.0)], [0.118126, -0.161084, 10.0695, 1.0)]])
0.118126, -0.161084, 10.0695
float3(-0.0762805, 3.0505, -1.56448)
360039.285221166
normal
simd_float4x4([[-0.00103603, -0.997229, -0.0743903, 0.0)], [-0.996217, 0.00749367, -0.0865811, 0.0)], [0.0868986, 0.0740192, -0.993464, 0.0)], [0.121205, -0.159294, 10.0673, 1.0)]])
0.121205, -0.159294, 10.0673
float3(-0.0740869, 3.05434, -1.56328)
360039.351925333
normal
simd_float4x4([[0.0005172, -0.998019, -0.0629091, 0.0)], [-0.996885, 0.0044465, -0.0787372, 0.0)], [0.0788609, 0.0627539, -0.994908, 0.0)], [0.12398, -0.157527, 10.0663, 1.0)]])
0.12398, -0.157527, 10.0663
float3(-0.0627952, 3.06249, -1.56634)
360039.40195375
normal
simd_float4x4([[-0.000235375, -0.998403, -0.0564873, 0.0)], [-0.997175, 0.00447749, -0.0749838, 0.0)], [0.075117, 0.0563101, -0.995584, 0.0)], [0.126042, -0.157146, 10.0645, 1.0)]])
0.126042, -0.157146, 10.0645
float3(-0.0563399, 3.06629, -1.56631)
360039.451982041
normal
simd_float4x4([[-0.00290687, -0.998344, -0.0574483, 0.0)], [-0.99703, 0.00731451, -0.0766631, 0.0)], [0.0769564, 0.0570548, -0.995401, 0.0)], [0.128173, -0.156428, 10.0644, 1.0)]])
0.128173, -0.156428, 10.0644
float3(-0.0570858, 3.06443, -1.56347)
360039.51868625
normal
simd_float4x4([[-0.00179212, -0.998402, -0.0564858, 0.0)], [-0.99694, 0.00619817, -0.0779245, 0.0)], [0.0781501, 0.0561733, -0.995358, 0.0)], [0.130701, -0.157694, 10.0623, 1.0)]])
0.130701, -0.157694, 10.0623
float3(-0.0562029, 3.06324, -1.56459)
360039.568714416
normal
simd_float4x4([[0.000987164, -0.998646, -0.0520128, 0.0)], [-0.996702, 0.00323812, -0.0810886, 0.0)], [0.0811472, 0.0519213, -0.995349, 0.0)], [0.134605, -0.157812, 10.0615, 1.0)]])
0.134605, -0.157812, 10.0615
float3(-0.0519447, 3.06025, -1.56755)
360039.618742791
normal
simd_float4x4([[0.00404014, -0.998796, -0.0488966, 0.0)], [-0.996457, 8.68098e-05, -0.0841066, 0.0)], [0.0840095, 0.0490632, -0.995256, 0.0)], [0.135643, -0.157666, 10.0608, 1.0)]])
0.135643, -0.157666, 10.0608
float3(-0.0490829, 3.05738, -1.57071)
360039.685446958
normal
simd_float4x4([[0.00184287, -0.999047, -0.0436187, 0.0)], [-0.995913, 0.00210502, -0.0902903, 0.0)], [0.0902961, 0.0436068, -0.99496, 0.0)], [0.137697, -0.157004, 10.0603, 1.0)]])
0.137697, -0.157004, 10.0603
float3(-0.0436206, 3.05109, -1.56869)
360039.73547525
normal
simd_float4x4([[-0.000684113, -0.99916, -0.0409787, 0.0)], [-0.995643, 0.00450162, -0.0931386, 0.0)], [0.0932449, 0.0407365, -0.99481, 0.0)], [0.137741, -0.158514, 10.0582, 1.0)]])
0.137741, -0.158514, 10.0582
float3(-0.0407477, 3.04813, -1.56629)
360039.802179666
normal
simd_float4x4([[-0.00655934, -0.999096, -0.0419964, 0.0)], [-0.995532, 0.0104807, -0.0938455, 0.0)], [0.0942008, 0.0411932, -0.994701, 0.0)], [0.139845, -0.15813, 10.0601, 1.0)]])
0.139845, -0.15813, 10.0601
float3(-0.0412049, 3.04717, -1.56031)
360039.868884041
normal
simd_float4x4([[-0.0104231, -0.99881, -0.0476502, 0.0)], [-0.995646, 0.0147807, -0.0920323, 0.0)], [0.092627, 0.0464834, -0.994615, 0.0)], [0.140666, -0.158317, 10.0633, 1.0)]])
0.140666, -0.158317, 10.0633
float3(-0.0465002, 3.04873, -1.556)
360039.952264416
normal
simd_float4x4([[-0.0083197, -0.998864, -0.0469242, 0.0)], [-0.99591, 0.0124987, -0.0894809, 0.0)], [0.0899657, 0.0459879, -0.994883, 0.0)], [0.140832, -0.157676, 10.0656, 1.0)]])
0.140832, -0.157676, 10.0656
float3(-0.0460041, 3.05141, -1.55828)
360040.01896875
normal
simd_float4x4([[-0.00948395, -0.998879, -0.0463821, 0.0)], [-0.99603, 0.0135422, -0.0879797, 0.0)], [0.0885092, 0.0453636, -0.995042, 0.0)], [0.142824, -0.156603, 10.0659, 1.0)]])
0.142824, -0.156603, 10.0659
float3(-0.0453792, 3.05288, -1.55724)
360040.085673166
normal
simd_float4x4([[-0.0117676, -0.998893, -0.0455454, 0.0)], [-0.995999, 0.0157443, -0.0879641, 0.0)], [0.0885838, 0.0443281, -0.995082, 0.0)], [0.143936, -0.155928, 10.0667, 1.0)]])
0.143936, -0.155928, 10.0667
float3(-0.0443426, 3.05281, -1.55504)
360040.152377416
normal
simd_float4x4([[-0.0115662, -0.999005, -0.0430622, 0.0)], [-0.996096, 0.0152801, -0.0869411, 0.0)], [0.0875126, 0.0418885, -0.995282, 0.0)], [0.144748, -0.155738, 10.0662, 1.0)]])
0.144748, -0.155738, 10.0662
float3(-0.0419008, 3.05389, -1.5555)
360040.202405666
normal
simd_float4x4([[-0.0110992, -0.998955, -0.0443285, 0.0)], [-0.996129, 0.0149119, -0.0866287, 0.0)], [0.0871992, 0.0431954, -0.995254, 0.0)], [0.145232, -0.155751, 10.0669, 1.0)]])
0.145232, -0.155751, 10.0669
float3(-0.0432088, 3.0542, -1.55587)
360040.252433875
normal
simd_float4x4([[-0.010997, -0.998978, -0.0438489, 0.0)], [-0.996192, 0.014738, -0.0859274, 0.0)], [0.0864858, 0.042737, -0.995336, 0.0)], [0.145315, -0.156233, 10.0664, 1.0)]])
0.145315, -0.156233, 10.0664
float3(-0.04275, 3.05492, -1.55604)
360040.302462
normal
simd_float4x4([[-0.0106487, -0.998973, -0.0440462, 0.0)], [-0.996289, 0.0143618, -0.0848619, 0.0)], [0.0854073, 0.0429791, -0.995419, 0.0)], [0.145911, -0.156337, 10.0667, 1.0)]])
0.145911, -0.156337, 10.0667
float3(-0.0429923, 3.056, -1.55642)
360040.352490375
normal
simd_float4x4([[-0.0110202, -0.998999, -0.0433543, 0.0)], [-0.996236, 0.0146969, -0.0854238, 0.0)], [0.0859754, 0.0422497, -0.995401, 0.0)], [0.145889, -0.15622, 10.067, 1.0)]])
0.145889, -0.15622, 10.067
float3(-0.0422623, 3.05543, -1.55609)
360040.419194791
normal
simd_float4x4([[-0.0131035, -0.999026, -0.0421267, 0.0)], [-0.996355, 0.0165969, -0.0836759, 0.0)], [0.0842936, 0.0408767, -0.995602, 0.0)], [0.147301, -0.156135, 10.067, 1.0)]])
0.147301, -0.156135, 10.067
float3(-0.0408881, 3.05713, -1.55418)
