ARKit Data
178769.015076541
normal
simd_float4x4([[-0.0202717, -0.980815, -0.193882, 0.0)], [-0.980566, -0.0183446, 0.195327, 0.0)], [-0.195137, 0.194074, -0.961383, 0.0)], [4.97839e+06, -2.12359e+07, 3.02694e+06, 1.0)]])
4.97839e+06, -2.12359e+07, 3.02694e+06
float3(-0.195313, -2.94134, -1.5895)
178769.419438291
notAvailable
simd_float4x4([[1.0, 0.0, 0.0, 0.0)], [0.0, 1.0, 0.0, 0.0)], [0.0, 0.0, 1.0, 0.0)], [0.0, 0.0, 0.0, 1.0)]])
0.0, 0.0, 0.0
float3(-0.0, 0.0, 0.0)
178769.552750583
limited(__ObjC.ARCamera.TrackingState.Reason.initializing)
simd_float4x4([[0.0307148, -0.981458, 0.189198, 0.0)], [0.999528, 0.0301595, -0.00581399, 0.0)], [5.73532e-08, 0.189288, 0.981922, 0.0)], [0.0, 0.0, 0.0, 1.0)]])
0.0, 0.0, 0.0
float3(-0.190437, 5.84091e-08, -1.54008)
178769.68606275
limited(__ObjC.ARCamera.TrackingState.Reason.initializing)
simd_float4x4([[0.0247585, -0.980722, 0.193832, 0.0)], [0.999689, 0.0248434, -0.00199333, 0.0)], [-0.00286054, 0.193822, 0.981033, 0.0)], [0.0, 0.0, 0.0, 1.0)]])
0.0, 0.0, 0.0
float3(-0.195056, -0.00291584, -1.54547)
178769.819375041
limited(__ObjC.ARCamera.TrackingState.Reason.initializing)
simd_float4x4([[0.00579752, -0.9787, 0.205214, 0.0)], [0.999972, 0.00662741, 0.00335696, 0.0)], [-0.00464549, 0.205189, 0.978711, 0.0)], [0.0, 0.0, 0.0, 1.0)]])
0.0, 0.0, 0.0
float3(-0.206656, -0.0047465, -1.56402)
178769.952687416
limited(__ObjC.ARCamera.TrackingState.Reason.initializing)
simd_float4x4([[0.00116657, -0.978642, 0.205565, 0.0)], [0.999919, 0.00375067, 0.0121816, 0.0)], [-0.0126924, 0.205534, 0.978567, 0.0)], [0.0, 0.0, 0.0, 1.0)]])
0.0, 0.0, 0.0
float3(-0.207009, -0.0129697, -1.56696)
178770.0859995
limited(__ObjC.ARCamera.TrackingState.Reason.initializing)
simd_float4x4([[-0.00112117, -0.979771, 0.200114, 0.0)], [0.999776, 0.00312927, 0.0209226, 0.0)], [-0.0211256, 0.200093, 0.979548, 0.0)], [0.0, 0.0, 0.0, 1.0)]])
0.0, 0.0, 0.0
float3(-0.201453, -0.0215633, -1.5676)
178770.219311708
limited(__ObjC.ARCamera.TrackingState.Reason.initializing)
simd_float4x4([[-0.0017382, -0.980787, 0.195072, 0.0)], [0.999371, 0.00520834, 0.0350916, 0.0)], [-0.0354334, 0.195011, 0.98016, 0.0)], [0.0, 0.0, 0.0, 1.0)]])
0.0, 0.0, 0.0
float3(-0.196268, -0.0361349, -1.56549)
178770.352624166
limited(__ObjC.ARCamera.TrackingState.Reason.initializing)
simd_float4x4([[-0.00378567, -0.981205, 0.192931, 0.0)], [0.999265, 0.00364584, 0.0381495, 0.0)], [-0.0381358, 0.192934, 0.98047, 0.0)], [0.0, 0.0, 0.0, 1.0)]])
0.0, 0.0, 0.0
float3(-0.194151, -0.0388759, -1.56708)
178770.485936458
limited(__ObjC.ARCamera.TrackingState.Reason.initializing)
simd_float4x4([[-0.00546135, -0.981434, 0.191723, 0.0)], [0.999363, 0.0014029, 0.0356489, 0.0)], [-0.035256, 0.191796, 0.980801, 0.0)], [0.0, 0.0, 0.0, 1.0)]])
0.0, 0.0, 0.0
float3(-0.192992, -0.0359306, -1.56937)
178770.619248666
limited(__ObjC.ARCamera.TrackingState.Reason.initializing)
simd_float4x4([[-0.00434631, -0.98159, 0.190948, 0.0)], [0.999619, 0.000940498, 0.0275878, 0.0)], [-0.0272596, 0.190995, 0.981212, 0.0)], [0.0, 0.0, 0.0, 1.0)]])
0.0, 0.0, 0.0
float3(-0.192176, -0.0277744, -1.56984)
178770.752560916
limited(__ObjC.ARCamera.TrackingState.Reason.initializing)
simd_float4x4([[-0.00229177, -0.981876, 0.189511, 0.0)], [0.999806, 0.00145591, 0.019634, 0.0)], [-0.019554, 0.189519, 0.981682, 0.0)], [0.0, 0.0, 0.0, 1.0)]])
0.0, 0.0, 0.0
float3(-0.190672, -0.0199163, -1.56931)
178770.885873208
limited(__ObjC.ARCamera.TrackingState.Reason.initializing)
simd_float4x4([[-0.00305689, -0.982329, 0.187136, 0.0)], [0.99994, -0.00102955, 0.0109298, 0.0)], [-0.010544, 0.187158, 0.982273, 0.0)], [0.0, 0.0, 0.0, 1.0)]])
0.0, 0.0, 0.0
float3(-0.188268, -0.0107338, -1.57184)
178771.0191855
limited(__ObjC.ARCamera.TrackingState.Reason.initializing)
simd_float4x4([[-0.00488228, -0.983038, 0.183329, 0.0)], [0.999987, -0.0045928, 0.00200364, 0.0)], [-0.00112768, 0.183337, 0.983048, 0.0)], [0.0, 0.0, 0.0, 1.0)]])
0.0, 0.0, 0.0
float3(-0.184379, -0.00114712, -1.57547)
178771.15249775
limited(__ObjC.ARCamera.TrackingState.Reason.initializing)
simd_float4x4([[-0.00292813, -0.983566, 0.180514, 0.0)], [0.99994, -0.00478327, -0.00984258, 0.0)], [0.0105443, 0.180474, 0.983521, 0.0)], [0.0, 0.0, 0.0, 1.0)]])
0.0, 0.0, 0.0
float3(-0.181469, 0.0107205, -1.57566)
178771.285810083
limited(__ObjC.ARCamera.TrackingState.Reason.initializing)
simd_float4x4([[-0.00274741, -0.984427, 0.175761, 0.0)], [0.999644, -0.00736889, -0.0256471, 0.0)], [0.0265429, 0.175628, 0.984097, 0.0)], [0.0, 0.0, 0.0, 1.0)]])
0.0, 0.0, 0.0
float3(-0.176543, 0.0269653, -1.57828)
178771.419122375
limited(__ObjC.ARCamera.TrackingState.Reason.initializing)
simd_float4x4([[0.00272853, -0.9851, 0.171947, 0.0)], [0.999373, -0.00338194, -0.0352344, 0.0)], [0.035291, 0.171935, 0.984473, 0.0)], [0.0, 0.0, 0.0, 1.0)]])
0.0, 0.0, 0.0
float3(-0.172794, 0.0358323, -1.57423)
178771.552434875
limited(__ObjC.ARCamera.TrackingState.Reason.initializing)
simd_float4x4([[0.0050611, -0.985602, 0.168991, 0.0)], [0.99896, -0.00267255, -0.0455055, 0.0)], [0.0453021, 0.169046, 0.984564, 0.0)], [0.0, 0.0, 0.0, 1.0)]])
0.0, 0.0, 0.0
float3(-0.169861, 0.0459799, -1.57351)
178771.685747083
limited(__ObjC.ARCamera.TrackingState.Reason.initializing)
simd_float4x4([[0.00506739, -0.985719, 0.168304, 0.0)], [0.996479, -0.00910755, -0.0833454, 0.0)], [0.0836882, 0.168133, 0.982202, 0.0)], [0.0, 0.0, 0.0, 1.0)]])
0.0, 0.0, 0.0
float3(-0.168936, 0.0849994, -1.58004)
178771.819059458
limited(__ObjC.ARCamera.TrackingState.Reason.initializing)
simd_float4x4([[0.00803296, -0.985881, 0.167228, 0.0)], [0.992101, -0.013078, -0.124761, 0.0)], [0.125187, 0.166909, 0.977988, 0.0)], [0.0, 0.0, 0.0, 1.0)]])
0.0, 0.0, 0.0
float3(-0.167694, 0.127312, -1.58406)
178771.952371791
limited(__ObjC.ARCamera.TrackingState.Reason.initializing)
simd_float4x4([[0.0163621, -0.985615, 0.168182, 0.0)], [0.987141, -0.0108255, -0.159484, 0.0)], [0.159012, 0.168629, 0.972764, 0.0)], [0.0, 0.0, 0.0, 1.0)]])
0.0, 0.0, 0.0
float3(-0.169438, 0.162031, -1.58178)
178772.085684125
limited(__ObjC.ARCamera.TrackingState.Reason.initializing)
simd_float4x4([[0.0242442, -0.9856, 0.16732, 0.0)], [0.976526, -0.0124837, -0.215039, 0.0)], [0.214032, 0.168605, 0.96216, 0.0)], [0.0, 0.0, 0.0, 1.0)]])
0.0, 0.0, 0.0
float3(-0.169415, 0.218885, -1.58346)
178772.218996458
limited(__ObjC.ARCamera.TrackingState.Reason.initializing)
simd_float4x4([[0.0326551, -0.985503, 0.166457, 0.0)], [0.968619, -0.00985151, -0.248354, 0.0)], [0.246395, 0.169344, 0.954255, 0.0)], [0.0, 0.0, 0.0, 1.0)]])
0.0, 0.0, 0.0
float3(-0.170164, 0.252687, -1.58079)
178772.352308875
limited(__ObjC.ARCamera.TrackingState.Reason.initializing)
simd_float4x4([[0.0377493, -0.985154, 0.167443, 0.0)], [0.965199, -0.00744528, -0.261411, 0.0)], [0.258778, 0.171484, 0.950588, 0.0)], [0.0, 0.0, 0.0, 1.0)]])
0.0, 0.0, 0.0
float3(-0.172336, 0.265789, -1.57835)
178772.485621041
limited(__ObjC.ARCamera.TrackingState.Reason.initializing)
simd_float4x4([[0.039221, -0.984375, 0.171639, 0.0)], [0.964693, -0.00746655, -0.263269, 0.0)], [0.260438, 0.175904, 0.949327, 0.0)], [0.0, 0.0, 0.0, 1.0)]])
0.0, 0.0, 0.0
float3(-0.176824, 0.267752, -1.57838)
178772.618933583
limited(__ObjC.ARCamera.TrackingState.Reason.initializing)
simd_float4x4([[0.0382908, -0.984421, 0.171584, 0.0)], [0.968614, -0.00563756, -0.248507, 0.0)], [0.245604, 0.175714, 0.953307, 0.0)], [0.0, 0.0, 0.0, 1.0)]])
0.0, 0.0, 0.0
float3(-0.176631, 0.25215, -1.57652)
178772.752245916
limited(__ObjC.ARCamera.TrackingState.Reason.initializing)
simd_float4x4([[0.0370207, -0.984011, 0.174188, 0.0)], [0.971909, -0.00508592, -0.2353, 0.0)], [0.232425, 0.178006, 0.956182, 0.0)], [0.0, 0.0, 0.0, 1.0)]])
0.0, 0.0, 0.0
float3(-0.17896, 0.238451, -1.57596)
178772.885558333
limited(__ObjC.ARCamera.TrackingState.Reason.initializing)
simd_float4x4([[0.0332735, -0.983302, 0.178883, 0.0)], [0.977715, -0.00509466, -0.209874, 0.0)], [0.207282, 0.18188, 0.961219, 0.0)], [0.0, 0.0, 0.0, 1.0)]])
0.0, 0.0, 0.0
float3(-0.182898, 0.212393, -1.57598)
178773.018870791
limited(__ObjC.ARCamera.TrackingState.Reason.initializing)
simd_float4x4([[0.0297785, -0.983261, 0.179714, 0.0)], [0.982028, -0.00474201, -0.188673, 0.0)], [0.186369, 0.182102, 0.965449, 0.0)], [0.0, 0.0, 0.0, 1.0)]])
0.0, 0.0, 0.0
float3(-0.183124, 0.190693, -1.57562)
178773.152183166
limited(__ObjC.ARCamera.TrackingState.Reason.initializing)
simd_float4x4([[0.0291058, -0.983343, 0.179373, 0.0)], [0.984827, -0.00250094, -0.173519, 0.0)], [0.171079, 0.181702, 0.96835, 0.0)], [0.0, 0.0, 0.0, 1.0)]])
0.0, 0.0, 0.0
float3(-0.182717, 0.174866, -1.57334)
178773.285495458
limited(__ObjC.ARCamera.TrackingState.Reason.initializing)
simd_float4x4([[0.0219334, -0.984171, 0.175813, 0.0)], [0.990497, -0.00249024, -0.137514, 0.0)], [0.135776, 0.177159, 0.974764, 0.0)], [0.0, 0.0, 0.0, 1.0)]])
0.0, 0.0, 0.0
float3(-0.178099, 0.138401, -1.57333)
178773.418807916
normal
simd_float4x4([[0.0200341, -0.984905, 0.171932, 0.0)], [0.993532, 0.00038743, -0.113551, 0.0)], [0.11177, 0.173095, 0.978543, 0.0)], [0.00236844, 0.00070291, -2.84705e-05, 1.0)]])
0.00236844, 0.00070291, -2.84705e-05
float3(-0.173971, 0.113728, -1.5704)
178773.55212025
normal
simd_float4x4([[0.0124022, -0.985662, 0.168273, 0.0)], [0.997046, -0.000567256, -0.0768078, 0.0)], [0.0758021, 0.168728, 0.982743, 0.0)], [0.00968157, 0.00190227, -0.00287157, 1.0)]])
0.00968157, 0.00190227, -0.00287157
float3(-0.169539, 0.0769807, -1.57137)
178773.685432791
normal
simd_float4x4([[0.00577676, -0.985952, 0.16693, 0.0)], [0.999135, -0.00118473, -0.0415734, 0.0)], [0.0411872, 0.167026, 0.985092, 0.0)], [0.0155518, 0.00242229, -0.00387521, 1.0)]])
0.0155518, 0.00242229, -0.00387521
float3(-0.167812, 0.0417861, -1.572)
178773.818745166
normal
simd_float4x4([[0.000365305, -0.985817, 0.167822, 0.0)], [0.999915, -0.00182412, -0.0128918, 0.0)], [0.0130151, 0.167813, 0.985733, 0.0)], [0.0179108, 0.00221386, -0.00485938, 1.0)]])
0.0179108, 0.00221386, -0.00485938
float3(-0.16861, 0.0132027, -1.57265)
178773.952057666
normal
simd_float4x4([[-0.00310123, -0.985713, 0.168403, 0.0)], [0.999984, -0.00227827, 0.0050798, 0.0)], [-0.00462355, 0.168417, 0.985705, 0.0)], [0.0205809, 0.0029922, -0.00992918, 1.0)]])
0.0205809, 0.0029922, -0.00992918
float3(-0.169223, -0.00469057, -1.57311)
178774.085370125
normal
simd_float4x4([[-0.00469226, -0.985817, 0.167759, 0.0)], [0.999742, -0.000898869, 0.022681, 0.0)], [-0.0222085, 0.167822, 0.985567, 0.0)], [0.018047, 0.00392014, -0.0158323, 1.0)]])
0.018047, 0.00392014, -0.0158323
float3(-0.16862, -0.0225299, -1.57171)
178774.218682458
normal
simd_float4x4([[-0.0104209, -0.985515, 0.16927, 0.0)], [0.999115, -0.00336507, 0.0419172, 0.0)], [-0.0407404, 0.169557, 0.984678, 0.0)], [0.0109327, 0.00260369, -0.0257415, 1.0)]])
0.0109327, 0.00260369, -0.0257415
float3(-0.17038, -0.0413507, -1.57421)
178774.351994916
normal
simd_float4x4([[-0.0149335, -0.983708, 0.179151, 0.0)], [0.997604, -0.00255533, 0.0691258, 0.0)], [-0.0675418, 0.179755, 0.98139, 0.0)], [0.00400673, -0.00697528, -0.0322267, 1.0)]])
0.00400673, -0.00697528, -0.0322267
float3(-0.180737, -0.0687142, -1.57339)
178774.485307416
normal
simd_float4x4([[-0.0224025, -0.980649, 0.19449, 0.0)], [0.996496, -0.00622348, 0.0834027, 0.0)], [-0.0805783, 0.195677, 0.977352, 0.0)], [-0.0124302, -0.0162344, -0.0483928, 1.0)]])
-0.0124302, -0.0162344, -0.0483928
float3(-0.196947, -0.0822595, -1.57714)
178774.618619708
normal
simd_float4x4([[-0.0172179, -0.979702, 0.199718, 0.0)], [0.99609, 0.000503131, 0.0883421, 0.0)], [-0.0866494, 0.200458, 0.975863, 0.0)], [-0.0304104, -0.021221, -0.0681311, 1.0)]])
-0.0304104, -0.021221, -0.0681311
float3(-0.201825, -0.0885604, -1.57028)
178774.751932333
normal
simd_float4x4([[-0.00551175, -0.977205, 0.212225, 0.0)], [0.996679, 0.0118735, 0.0805571, 0.0)], [-0.0812407, 0.211965, 0.973895, 0.0)], [-0.0415437, -0.0212322, -0.0958312, 1.0)]])
-0.0415437, -0.0212322, -0.0958312
float3(-0.213585, -0.0832256, -1.55865)
178774.885244708
normal
simd_float4x4([[-0.012136, -0.978074, 0.207905, 0.0)], [0.997633, 0.00223015, 0.0687263, 0.0)], [-0.0676831, 0.208247, 0.975732, 0.0)], [-0.0460917, -0.0212115, -0.127617, 1.0)]])
-0.0460917, -0.0212115, -0.127617
float3(-0.209782, -0.0692556, -1.56852)
178775.018557291
normal
simd_float4x4([[-0.0102282, -0.978141, 0.207689, 0.0)], [0.998482, 0.00125261, 0.0550725, 0.0)], [-0.0541289, 0.207937, 0.976643, 0.0)], [-0.0444016, -0.0247274, -0.170419, 1.0)]])
-0.0444016, -0.0247274, -0.170419
float3(-0.209465, -0.0553667, -1.56952)
178775.151869833
normal
simd_float4x4([[-0.0109438, -0.977637, 0.210017, 0.0)], [0.998951, -0.00135017, 0.0457695, 0.0)], [-0.0444624, 0.210297, 0.976626, 0.0)], [-0.0344001, -0.031447, -0.230581, 1.0)]])
-0.0344001, -0.031447, -0.230581
float3(-0.211879, -0.0454951, -1.57218)
178775.285182166
normal
simd_float4x4([[-0.0032935, -0.977074, 0.212872, 0.0)], [0.999419, 0.00400417, 0.0338416, 0.0)], [-0.0339182, 0.21286, 0.976494, 0.0)], [-0.0217354, -0.0320449, -0.31118, 1.0)]])
-0.0217354, -0.0320449, -0.31118
float3(-0.214501, -0.0347207, -1.5667)
178775.418494833
normal
simd_float4x4([[-0.000771352, -0.976654, 0.214818, 0.0)], [0.999656, 0.00487706, 0.0257626, 0.0)], [-0.0262089, 0.214764, 0.976314, 0.0)], [-0.00683603, -0.0259334, -0.392291, 1.0)]])
-0.00683603, -0.0259334, -0.392291
float3(-0.216451, -0.0268383, -1.5658)
178775.55180725
normal
simd_float4x4([[0.0336235, -0.97946, 0.198816, 0.0)], [0.999237, 0.0369004, 0.012799, 0.0)], [-0.0198725, 0.198234, 0.979953, 0.0)], [-0.00694264, -0.0217154, -0.45635, 1.0)]])
-0.00694264, -0.0217154, -0.45635
float3(-0.199556, -0.0202762, -1.53314)
178775.685119583
normal
simd_float4x4([[0.0220146, -0.981072, 0.192387, 0.0)], [0.999758, 0.0216117, -0.00419277, 0.0)], [-4.44161e-05, 0.192433, 0.98131, 0.0)], [-0.00206337, -0.022513, -0.525216, 1.0)]])
-0.00206337, -0.022513, -0.525216
float3(-0.193641, -4.52621e-05, -1.54877)
178775.818432208
normal
simd_float4x4([[0.0426642, -0.979884, 0.194956, 0.0)], [0.999057, 0.0434155, -0.000419835, 0.0)], [-0.00805273, 0.19479, 0.980812, 0.0)], [-0.00926494, -0.03265, -0.603062, 1.0)]])
-0.00926494, -0.03265, -0.603062
float3(-0.196044, -0.00821009, -1.52652)
178775.951744708
normal
simd_float4x4([[0.0362223, -0.982149, 0.184582, 0.0)], [0.999276, 0.0377462, 0.00474733, 0.0)], [-0.0116298, 0.184276, 0.982806, 0.0)], [-0.0166067, -0.044897, -0.698725, 1.0)]])
-0.0166067, -0.044897, -0.698725
float3(-0.185336, -0.0118328, -1.53238)
178776.085057208
normal
simd_float4x4([[0.0262916, -0.985349, 0.168512, 0.0)], [0.999223, 0.030857, 0.0245308, 0.0)], [-0.0293711, 0.167736, 0.985394, 0.0)], [-0.0293252, -0.0469564, -0.796283, 1.0)]])
-0.0293252, -0.0469564, -0.796283
float3(-0.168533, -0.0297977, -1.53949)
178776.218369875
normal
simd_float4x4([[-0.000756014, -0.985098, 0.171993, 0.0)], [0.999101, 0.00654429, 0.0418744, 0.0)], [-0.0423759, 0.17187, 0.984208, 0.0)], [-0.0376892, -0.0410515, -0.888143, 1.0)]])
-0.0376892, -0.0410515, -0.888143
float3(-0.172728, -0.0430293, -1.56415)
178776.351682291
normal
simd_float4x4([[-0.00706903, -0.98381, 0.179074, 0.0)], [0.998522, 0.00270645, 0.054286, 0.0)], [-0.0538918, 0.179193, 0.982337, 0.0)], [-0.03938, -0.0310838, -0.958754, 1.0)]])
-0.03938, -0.0310838, -0.958754
float3(-0.180166, -0.0548058, -1.56805)
178776.484994833
normal
simd_float4x4([[-0.0163476, -0.984164, 0.176505, 0.0)], [0.998117, -0.00562466, 0.0610816, 0.0)], [-0.0591215, 0.177172, 0.982403, 0.0)], [-0.0354312, -0.0326547, -1.03837, 1.0)]])
-0.0354312, -0.0326547, -1.03837
float3(-0.178112, -0.060108, -1.57651)
178776.6183075
normal
simd_float4x4([[-0.0276344, -0.983189, 0.180486, 0.0)], [0.998454, -0.0184371, 0.0524393, 0.0)], [-0.0482301, 0.181656, 0.982179, 0.0)], [-0.0262339, -0.0437411, -1.12352, 1.0)]])
-0.0262339, -0.0437411, -1.12352
float3(-0.18267, -0.0490658, -1.58955)
178776.751619833
normal
simd_float4x4([[-0.0229848, -0.984159, 0.17579, 0.0)], [0.999349, -0.017727, 0.0314217, 0.0)], [-0.0278078, 0.176398, 0.983926, 0.0)], [-0.00803711, -0.056275, -1.21685, 1.0)]])
-0.00803711, -0.056275, -1.21685
float3(-0.177325, -0.0282545, -1.58881)
178776.8849325
normal
simd_float4x4([[-0.0155965, -0.983413, 0.180711, 0.0)], [0.999871, -0.0146721, 0.00645107, 0.0)], [-0.00369266, 0.180788, 0.983515, 0.0)], [0.0143807, -0.0529206, -1.32076, 1.0)]])
0.0143807, -0.0529206, -1.32076
float3(-0.181788, -0.00375454, -1.58571)
178777.018245
normal
simd_float4x4([[0.000499701, -0.98712, 0.15998, 0.0)], [0.999899, -0.00177656, -0.0140851, 0.0)], [0.0141879, 0.159971, 0.98702, 0.0)], [0.0265671, -0.0398206, -1.4073, 1.0)]])
0.0265671, -0.0398206, -1.4073
float3(-0.160661, 0.0143735, -1.5726)
178777.1515575
normal
simd_float4x4([[0.00582374, -0.983734, 0.179539, 0.0)], [0.999819, 0.00247426, -0.0188743, 0.0)], [0.0181231, 0.179616, 0.98357, 0.0)], [0.0404002, -0.0419972, -1.49382, 1.0)]])
0.0404002, -0.0419972, -1.49382
float3(-0.180596, 0.0184237, -1.56828)
178777.284870125
normal
simd_float4x4([[0.0147131, -0.982383, 0.186297, 0.0)], [0.999809, 0.0120555, -0.0153905, 0.0)], [0.0128735, 0.186488, 0.982373, 0.0)], [0.0450952, -0.0493964, -1.5743, 1.0)]])
0.0450952, -0.0493964, -1.5743
float3(-0.187587, 0.0131037, -1.55853)
178777.418182791
normal
simd_float4x4([[0.0129792, -0.980928, 0.193935, 0.0)], [0.999898, 0.0115786, -0.00835348, 0.0)], [0.00594866, 0.194024, 0.980979, 0.0)], [0.0449155, -0.0663138, -1.6703, 1.0)]])
0.0449155, -0.0663138, -1.6703
float3(-0.195262, 0.00606393, -1.55899)
178777.551495291
normal
simd_float4x4([[0.0102109, -0.982732, 0.184751, 0.0)], [0.999917, 0.0114824, 0.00581379, 0.0)], [-0.00783479, 0.184676, 0.982768, 0.0)], [0.0409044, -0.0736317, -1.77613, 1.0)]])
0.0409044, -0.0736317, -1.77613
float3(-0.185742, -0.00797199, -1.55911)
178777.684807833
normal
simd_float4x4([[-0.0104637, -0.986783, 0.161712, 0.0)], [0.999503, -0.00551586, 0.0310157, 0.0)], [-0.0297138, 0.161956, 0.98635, 0.0)], [0.0369172, -0.0703379, -1.88368, 1.0)]])
0.0369172, -0.0703379, -1.88368
float3(-0.162672, -0.0301159, -1.57639)
178777.818120333
normal
simd_float4x4([[-0.00271132, -0.982624, 0.185588, 0.0)], [0.999036, 0.00546911, 0.0435524, 0.0)], [-0.0438107, 0.185527, 0.981662, 0.0)], [0.0339999, -0.0657, -1.99533, 1.0)]])
0.0339999, -0.0657, -1.99533
float3(-0.186608, -0.0445995, -1.56523)
178777.951432875
normal
simd_float4x4([[-0.0263159, -0.980976, 0.192339, 0.0)], [0.998675, -0.0172874, 0.048469, 0.0)], [-0.0442219, 0.193359, 0.980131, 0.0)], [0.0443864, -0.0660494, -2.09648, 1.0)]])
0.0443864, -0.0660494, -2.09648
float3(-0.194585, -0.0450878, -1.58842)
178778.084745458
normal
simd_float4x4([[-0.0126201, -0.981953, 0.188706, 0.0)], [0.99914, -0.00492907, 0.0411706, 0.0)], [-0.0394974, 0.189063, 0.98117, 0.0)], [0.0516875, -0.0762757, -2.20407, 1.0)]])
0.0516875, -0.0762757, -2.20407
float3(-0.190208, -0.0402337, -1.57582)
178778.218057958
normal
simd_float4x4([[-0.00422142, -0.983273, 0.182091, 0.0)], [0.999726, 3.90192e-05, 0.0233874, 0.0)], [-0.0230033, 0.18214, 0.983003, 0.0)], [0.0704271, -0.086075, -2.31521, 1.0)]])
0.0704271, -0.086075, -2.31521
float3(-0.183163, -0.0233967, -1.57076)
178778.351370583
normal
simd_float4x4([[0.00245083, -0.984715, 0.174156, 0.0)], [0.999997, 0.00228691, -0.00114187, 0.0)], [0.000726134, 0.174158, 0.984717, 0.0)], [0.0925076, -0.0746553, -2.42345, 1.0)]])
0.0925076, -0.0746553, -2.42345
float3(-0.175051, 0.000737403, -1.56847)
178778.484683291
normal
simd_float4x4([[0.0056116, -0.983922, 0.178511, 0.0)], [0.999873, 0.002864, -0.0156458, 0.0)], [0.014883, 0.178576, 0.983813, 0.0)], [0.10331, -0.0655285, -2.51744, 1.0)]])
0.10331, -0.0655285, -2.51744
float3(-0.179539, 0.0151267, -1.56789)
178778.61799575
normal
simd_float4x4([[0.0302767, -0.979018, 0.201512, 0.0)], [0.999435, 0.0267142, -0.0203755, 0.0)], [0.0145648, 0.202015, 0.979274, 0.0)], [0.107062, -0.0663519, -2.60822, 1.0)]])
0.107062, -0.0663519, -2.60822
float3(-0.203415, 0.014872, -1.54352)
178778.751308416
normal
simd_float4x4([[0.0252261, -0.979591, 0.19941, 0.0)], [0.999638, 0.0228578, -0.0141699, 0.0)], [0.00932263, 0.199696, 0.979814, 0.0)], [0.10774, -0.086212, -2.69432, 1.0)]])
0.10774, -0.086212, -2.69432
float3(-0.201047, 0.00951441, -1.54747)
178778.884620791
normal
simd_float4x4([[0.0210459, -0.98278, 0.183576, 0.0)], [0.999777, 0.0204146, -0.00532808, 0.0)], [0.00148871, 0.183647, 0.982991, 0.0)], [0.0963356, -0.0949853, -2.79761, 1.0)]])
0.0963356, -0.0949853, -2.79761
float3(-0.184695, 0.00151447, -1.55003)
178779.017933458
normal
simd_float4x4([[-0.0135793, -0.989568, 0.143425, 0.0)], [0.999858, -0.0120132, 0.0117794, 0.0)], [-0.00993354, 0.143565, 0.989591, 0.0)], [0.0876024, -0.0908556, -2.90033, 1.0)]])
0.0876024, -0.0908556, -2.90033
float3(-0.144063, -0.0100377, -1.58294)
178779.151245958
normal
simd_float4x4([[-0.0128966, -0.989751, 0.142217, 0.0)], [0.999871, -0.0114086, 0.0112735, 0.0)], [-0.00953543, 0.142344, 0.989771, 0.0)], [0.0781872, -0.081128, -3.00296, 1.0)]])
0.0781872, -0.081128, -3.00296
float3(-0.14283, -0.00963368, -1.58232)
178779.284558625
normal
simd_float4x4([[-0.0283258, -0.986552, 0.160974, 0.0)], [0.999291, -0.0239495, 0.0290626, 0.0)], [-0.0248166, 0.161683, 0.986531, 0.0)], [0.0793187, -0.0777538, -3.0966, 1.0)]])
0.0793187, -0.0777538, -3.0966
float3(-0.162396, -0.0251501, -1.59507)
178779.417871166
normal
simd_float4x4([[-0.023028, -0.986215, 0.163857, 0.0)], [0.999496, -0.0191283, 0.025338, 0.0)], [-0.0218544, 0.164358, 0.986158, 0.0)], [0.0796276, -0.0895752, -3.1983, 1.0)]])
0.0796276, -0.0895752, -3.1983
float3(-0.165107, -0.0221575, -1.59019)
178779.55118375
normal
simd_float4x4([[-0.0187949, -0.988611, 0.149318, 0.0)], [0.999823, -0.0185184, 0.00324189, 0.0)], [-0.000439835, 0.149352, 0.988784, 0.0)], [0.0902302, -0.0980269, -3.29784, 1.0)]])
0.0902302, -0.0980269, -3.29784
float3(-0.149913, -0.000444824, -1.58953)
178779.684496458
normal
simd_float4x4([[-0.0235979, -0.988191, 0.151397, 0.0)], [0.999368, -0.0273458, -0.0227207, 0.0)], [0.0265925, 0.150765, 0.988212, 0.0)], [0.106071, -0.091536, -3.4025, 1.0)]])
0.106071, -0.091536, -3.4025
float3(-0.151342, 0.0269032, -1.59846)
178779.817809
normal
simd_float4x4([[-0.010668, -0.985927, 0.166838, 0.0)], [0.999343, -0.0162938, -0.032388, 0.0)], [0.0346506, 0.166383, 0.985452, 0.0)], [0.110486, -0.0853637, -3.49619, 1.0)]])
0.110486, -0.0853637, -3.49619
float3(-0.167161, 0.0351476, -1.58732)
178779.951121666
normal
simd_float4x4([[0.00767385, -0.983847, 0.178848, 0.0)], [0.999702, 0.00340263, -0.0241763, 0.0)], [0.0231772, 0.178981, 0.983579, 0.0)], [0.109293, -0.0775475, -3.57697, 1.0)]])
0.109293, -0.0775475, -3.57697
float3(-0.17995, 0.0235598, -1.56734)
178780.08443425
normal
simd_float4x4([[0.0125728, -0.985638, 0.168404, 0.0)], [0.99992, 0.0121456, -0.00356653, 0.0)], [0.00146994, 0.168436, 0.985712, 0.0)], [0.105005, -0.0882249, -3.66518, 1.0)]])
0.105005, -0.0882249, -3.66518
float3(-0.169243, 0.00149125, -1.55847)
178780.217746833
normal
simd_float4x4([[0.0161696, -0.988368, 0.151216, 0.0)], [0.999568, 0.0196884, 0.0218014, 0.0)], [-0.024525, 0.150798, 0.98826, 0.0)], [0.0915076, -0.0978566, -3.76307, 1.0)]])
0.0915076, -0.0978566, -3.76307
float3(-0.151376, -0.0248112, -1.55088)
178780.35105925
normal
simd_float4x4([[-0.0140928, -0.987642, 0.156094, 0.0)], [0.999154, -0.0078793, 0.0403536, 0.0)], [-0.038625, 0.156531, 0.986917, 0.0)], [0.0790957, -0.100288, -3.87129, 1.0)]])
0.0790957, -0.100288, -3.87129
float3(-0.157178, -0.039117, -1.57877)
178780.484371958
normal
simd_float4x4([[-0.0321612, -0.988227, 0.149577, 0.0)], [0.998345, -0.0246255, 0.051962, 0.0)], [-0.0476669, 0.151, 0.987384, 0.0)], [0.0699793, -0.0945587, -3.97047, 1.0)]])
0.0699793, -0.0945587, -3.97047
float3(-0.15158, -0.0482385, -1.59571)
178780.617684541
normal
simd_float4x4([[-0.041541, -0.985893, 0.162137, 0.0)], [0.997618, -0.0319849, 0.061111, 0.0)], [-0.055063, 0.16429, 0.984874, 0.0)], [0.0674349, -0.0943034, -4.06801, 1.0)]])
0.0674349, -0.0943034, -4.06801
float3(-0.165038, -0.0558505, -1.60323)
178780.750997125
normal
simd_float4x4([[-0.0391935, -0.986374, 0.159784, 0.0)], [0.998346, -0.0319229, 0.0478197, 0.0)], [-0.0420673, 0.161394, 0.985993, 0.0)], [0.067595, -0.106606, -4.1701, 1.0)]])
0.067595, -0.106606, -4.1701
float3(-0.162103, -0.042639, -1.60315)
178780.884309958
normal
simd_float4x4([[-0.0333827, -0.987666, 0.152977, 0.0)], [0.999374, -0.0311944, 0.0166833, 0.0)], [-0.0117055, 0.153438, 0.988089, 0.0)], [0.0761332, -0.11914, -4.2824, 1.0)]])
0.0761332, -0.11914, -4.2824
float3(-0.154047, -0.011846, -1.60237)
178781.017622541
normal
simd_float4x4([[-0.0291399, -0.988493, 0.148432, 0.0)], [0.999305, -0.0322601, -0.0186565, 0.0)], [0.0232302, 0.147785, 0.988747, 0.0)], [0.0898203, -0.109535, -4.39813, 1.0)]])
0.0898203, -0.109535, -4.39813
float3(-0.148328, 0.0234903, -1.60342)
178781.150935166
normal
simd_float4x4([[-0.0172476, -0.986448, 0.163167, 0.0)], [0.99955, -0.0210183, -0.0214111, 0.0)], [0.0245504, 0.162724, 0.986366, 0.0)], [0.0919997, -0.0997415, -4.509, 1.0)]])
0.0919997, -0.0997415, -4.509
float3(-0.163451, 0.0248846, -1.5921)
178781.284247666
normal
simd_float4x4([[0.0100771, -0.984471, 0.17526, 0.0)], [0.999896, 0.0081152, -0.0119072, 0.0)], [0.0103, 0.175362, 0.98445, 0.0)], [0.093948, -0.100066, -4.61583, 1.0)]])
0.093948, -0.100066, -4.61583
float3(-0.176274, 0.0104623, -1.56255)
178781.417560291
normal
simd_float4x4([[0.0174112, -0.984195, 0.176228, 0.0)], [0.999847, 0.0174149, -0.00152554, 0.0)], [-0.00156756, 0.176228, 0.984348, 0.0)], [0.088264, -0.123131, -4.71849, 1.0)]])
0.088264, -0.123131, -4.71849
float3(-0.177153, -0.00159248, -1.5531)
178781.550872875
normal
simd_float4x4([[0.0061006, -0.982368, 0.186855, 0.0)], [0.999955, 0.0073476, 0.00598175, 0.0)], [-0.00724921, 0.186811, 0.982369, 0.0)], [0.0788708, -0.145379, -4.85411, 1.0)]])
0.0788708, -0.145379, -4.85411
float3(-0.187915, -0.00737918, -1.56332)
178781.684185416
normal
simd_float4x4([[-0.00265639, -0.976927, 0.213559, 0.0)], [0.999697, 0.00263509, 0.0244891, 0.0)], [-0.0244868, 0.213559, 0.976623, 0.0)], [0.0607229, -0.142271, -4.98575, 1.0)]])
0.0607229, -0.142271, -4.98575
float3(-0.215217, -0.0250677, -1.5681)
178781.817498166
normal
simd_float4x4([[0.01646, -0.971951, 0.234608, 0.0)], [0.9992, 0.0245456, 0.0315857, 0.0)], [-0.0364584, 0.233901, 0.971577, 0.0)], [0.048067, -0.141047, -5.10296, 1.0)]])
0.048067, -0.141047, -5.10296
float3(-0.236088, -0.0375074, -1.54555)
178781.950810708
normal
simd_float4x4([[-0.0368444, -0.973546, 0.225501, 0.0)], [0.998734, -0.0281384, 0.0417015, 0.0)], [-0.0342531, 0.226752, 0.97335, 0.0)], [0.0548571, -0.15979, -5.21541, 1.0)]])
0.0548571, -0.15979, -5.21541
float3(-0.228741, -0.0351764, -1.59969)
178782.084123625
normal
simd_float4x4([[-0.00958406, -0.990943, 0.133942, 0.0)], [0.999802, -0.00716324, 0.0185439, 0.0)], [-0.0174164, 0.134093, 0.990816, 0.0)], [0.0621015, -0.189329, -5.31768, 1.0)]])
0.0621015, -0.189329, -5.31768
float3(-0.134498, -0.0175761, -1.57802)
178782.217436208
normal
simd_float4x4([[-0.00573371, -0.993085, 0.117258, 0.0)], [0.999885, -0.00404367, 0.0146457, 0.0)], [-0.0140703, 0.117329, 0.992993, 0.0)], [0.0807551, -0.184541, -5.43761, 1.0)]])
0.0807551, -0.184541, -5.43761
float3(-0.1176, -0.0141686, -1.57487)
178782.35074875
normal
simd_float4x4([[0.0117786, -0.991615, 0.128687, 0.0)], [0.999675, 0.0145883, 0.0209127, 0.0)], [-0.0226147, 0.128398, 0.991465, 0.0)], [0.0880352, -0.157949, -5.56053, 1.0)]])
0.0880352, -0.157949, -5.56053
float3(-0.128754, -0.0228054, -1.55609)
178782.484061375
normal
simd_float4x4([[0.0687226, -0.988443, 0.135119, 0.0)], [0.997575, 0.0665883, -0.0202577, 0.0)], [0.0110263, 0.136184, 0.990622, 0.0)], [0.0827817, -0.152852, -5.67542, 1.0)]])
0.0827817, -0.152852, -5.67542
float3(-0.136608, 0.0111302, -1.50353)
178782.617374041
normal
simd_float4x4([[0.0944515, -0.983769, 0.152571, 0.0)], [0.995515, 0.0941518, -0.00920462, 0.0)], [-0.00530958, 0.152756, 0.98825, 0.0)], [0.0792508, -0.176132, -5.79683, 1.0)]])
0.0792508, -0.176132, -5.79683
float3(-0.153356, -0.00537266, -1.47538)
178782.750686666
normal
simd_float4x4([[0.0821186, -0.987527, 0.134337, 0.0)], [0.996368, 0.0843939, 0.0113214, 0.0)], [-0.0225174, 0.132919, 0.990871, 0.0)], [0.0717036, -0.190425, -5.91789, 1.0)]])
0.0717036, -0.190425, -5.91789
float3(-0.133314, -0.0227209, -1.48554)
178782.883999291
normal
simd_float4x4([[0.0529432, -0.987113, 0.151016, 0.0)], [0.997612, 0.0589995, 0.035906, 0.0)], [-0.0443531, 0.148755, 0.987879, 0.0)], [0.0698829, -0.178865, -6.05445, 1.0)]])
0.0698829, -0.178865, -6.05445
float3(-0.149309, -0.0448672, -1.5111)
178783.017311958
normal
simd_float4x4([[0.0459529, -0.989427, 0.137556, 0.0)], [0.99697, 0.0540775, 0.0559196, 0.0)], [-0.0627671, 0.13457, 0.988914, 0.0)], [0.0709708, -0.159773, -6.17398, 1.0)]])
0.0709708, -0.159773, -6.17398
float3(-0.13498, -0.0633857, -1.5162)
178783.150624625
normal
simd_float4x4([[0.0229264, -0.99115, 0.13075, 0.0)], [0.996518, 0.0331433, 0.0765081, 0.0)], [-0.0801646, 0.128541, 0.988459, 0.0)], [0.0776425, -0.162855, -6.29471, 1.0)]])
0.0776425, -0.162855, -6.29471
float3(-0.128897, -0.0809234, -1.53737)
178783.283937458
normal
simd_float4x4([[0.0197824, -0.990879, 0.133293, 0.0)], [0.997617, 0.0283763, 0.062886, 0.0)], [-0.0660948, 0.131731, 0.989079, 0.0)], [0.0956649, -0.18354, -6.41493, 1.0)]])
0.0956649, -0.18354, -6.41493
float3(-0.132115, -0.0667254, -1.54217)
178783.417250041
normal
simd_float4x4([[0.00435387, -0.988865, 0.148754, 0.0)], [0.999694, 0.00792884, 0.0234483, 0.0)], [-0.0243666, 0.148606, 0.988596, 0.0)], [0.117647, -0.190475, -6.54419, 1.0)]])
0.117647, -0.190475, -6.54419
float3(-0.149159, -0.0246427, -1.56278)
178783.550562708
normal
simd_float4x4([[0.0155441, -0.9885, 0.150421, 0.0)], [0.999801, 0.0134838, -0.0147071, 0.0)], [0.0125097, 0.15062, 0.988513, 0.0)], [0.132432, -0.172751, -6.65947, 1.0)]])
0.132432, -0.172751, -6.65947
float3(-0.151195, 0.0126544, -1.55716)
178783.683875291
normal
simd_float4x4([[0.0253732, -0.991314, 0.129044, 0.0)], [0.998975, 0.020304, -0.0404476, 0.0)], [0.0374761, 0.129938, 0.990813, 0.0)], [0.139502, -0.167565, -6.75782, 1.0)]])
0.139502, -0.167565, -6.75782
float3(-0.130307, 0.0378056, -1.55032)
178783.817187875
normal
simd_float4x4([[0.0669011, -0.988687, 0.134249, 0.0)], [0.997172, 0.0616351, -0.0430105, 0.0)], [0.0342495, 0.136747, 0.990014, 0.0)], [0.136481, -0.18066, -6.87069, 1.0)]])
0.136481, -0.18066, -6.87069
float3(-0.137177, 0.0345812, -1.50854)
178783.950500583
normal
simd_float4x4([[0.0725846, -0.987207, 0.141961, 0.0)], [0.997129, 0.068749, -0.0317457, 0.0)], [0.0215799, 0.143858, 0.989363, 0.0)], [0.13777, -0.208015, -6.9927, 1.0)]])
0.13777, -0.208015, -6.9927
float3(-0.144359, 0.0218084, -1.50127)
178784.083813291
normal
simd_float4x4([[0.0362514, -0.986433, 0.16011, 0.0)], [0.99934, 0.0354312, -0.00797596, 0.0)], [0.00219487, 0.160294, 0.987067, 0.0)], [0.133972, -0.221279, -7.13594, 1.0)]])
0.133972, -0.221279, -7.13594
float3(-0.160988, 0.00222362, -1.53489)
178784.217126
normal
simd_float4x4([[0.0135143, -0.991186, 0.131789, 0.0)], [0.999906, 0.0131139, -0.00390567, 0.0)], [0.00214298, 0.131829, 0.99127, 0.0)], [0.128221, -0.211344, -7.25862, 1.0)]])
0.128221, -0.211344, -7.25862
float3(-0.132214, 0.00216185, -1.55757)
178784.350438458
normal
simd_float4x4([[0.00477525, -0.982762, 0.184813, 0.0)], [0.997967, 0.016429, 0.061577, 0.0)], [-0.0635519, 0.184143, 0.980843, 0.0)], [0.130962, -0.205068, -7.39157, 1.0)]])
0.130962, -0.205068, -7.39157
float3(-0.1852, -0.0647027, -1.55408)
178784.483751416
normal
simd_float4x4([[-0.0216988, -0.984465, 0.174235, 0.0)], [0.99927, -0.0158777, 0.0347339, 0.0)], [-0.0314279, 0.174861, 0.984091, 0.0)], [0.135965, -0.226306, -7.51049, 1.0)]])
0.135965, -0.226306, -7.51049
float3(-0.175765, -0.0319251, -1.58692)
178784.617064125
normal
simd_float4x4([[0.0162207, -0.985155, 0.1709, 0.0)], [0.999604, 0.0199068, 0.0198769, 0.0)], [-0.0229839, 0.17051, 0.985088, 0.0)], [0.134705, -0.239333, -7.63899, 1.0)]])
0.134705, -0.239333, -7.63899
float3(-0.171348, -0.0233276, -1.55059)
178784.750376708
normal
simd_float4x4([[-0.0436027, -0.979102, 0.198641, 0.0)], [0.998659, -0.0482663, -0.0186938, 0.0)], [0.0278908, 0.19756, 0.979894, 0.0)], [0.152056, -0.225457, -7.77396, 1.0)]])
0.152056, -0.225457, -7.77396
float3(-0.198868, 0.0284554, -1.62005)
178784.883689458
normal
simd_float4x4([[-0.0407101, -0.985039, 0.167454, 0.0)], [0.996024, -0.0532984, -0.0713798, 0.0)], [0.0792369, 0.163882, 0.983292, 0.0)], [0.136366, -0.211408, -7.87953, 1.0)]])
0.136366, -0.211408, -7.87953
float3(-0.164625, 0.0804095, -1.62485)
178785.017002
normal
simd_float4x4([[0.0189681, -0.982838, 0.183491, 0.0)], [0.990926, -0.00594435, -0.134275, 0.0)], [0.133062, 0.184373, 0.973807, 0.0)], [0.109485, -0.223158, -7.98935, 1.0)]])
0.109485, -0.223158, -7.98935
float3(-0.185434, 0.1358, -1.57684)
178785.15031475
normal
simd_float4x4([[0.12482, -0.974448, 0.186735, 0.0)], [0.987175, 0.103092, -0.121893, 0.0)], [0.0995277, 0.199555, 0.974819, 0.0)], [0.0805284, -0.238193, -8.11165, 1.0)]])
0.0805284, -0.238193, -8.11165
float3(-0.200904, 0.101746, -1.46539)
178785.283627458
normal
simd_float4x4([[0.0350093, -0.983871, 0.175423, 0.0)], [0.991631, 0.012373, -0.128506, 0.0)], [0.124263, 0.178454, 0.97607, 0.0)], [0.0899467, -0.243636, -8.24704, 1.0)]])
0.0899467, -0.243636, -8.24704
float3(-0.179415, 0.126629, -1.55822)
178785.416940083
normal
simd_float4x4([[-0.00185, -0.980124, 0.198378, 0.0)], [0.996679, -0.0179566, -0.0794235, 0.0)], [0.081407, 0.197572, 0.976902, 0.0)], [0.0935097, -0.226441, -8.37149, 1.0)]])
0.0935097, -0.226441, -8.37149
float3(-0.198881, 0.0831397, -1.58912)
178785.550253041
normal
simd_float4x4([[-0.00352699, -0.974858, 0.222798, 0.0)], [0.999678, -0.00903417, -0.0237039, 0.0)], [0.0251208, 0.222643, 0.974576, 0.0)], [0.0959227, -0.220148, -8.4864, 1.0)]])
0.0959227, -0.220148, -8.4864
float3(-0.224524, 0.0257704, -1.58006)
178785.683565583
normal
simd_float4x4([[-0.0129868, -0.976391, 0.215618, 0.0)], [0.999736, -0.0167637, -0.0156971, 0.0)], [0.0189411, 0.215358, 0.976351, 0.0)], [0.10581, -0.234504, -8.60693, 1.0)]])
0.10581, -0.234504, -8.60693
float3(-0.217058, 0.0193975, -1.58796)
178785.81687825
normal
simd_float4x4([[-0.00745609, -0.97782, 0.209315, 0.0)], [0.999142, -0.0158146, -0.0382874, 0.0)], [0.0407484, 0.20885, 0.977098, 0.0)], [0.117348, -0.253464, -8.73481, 1.0)]])
0.117348, -0.253464, -8.73481
float3(-0.210399, 0.0416793, -1.58697)
178785.950191
normal
simd_float4x4([[-0.0149595, -0.967089, 0.254, 0.0)], [0.996579, -0.0350715, -0.0748382, 0.0)], [0.0812833, 0.252011, 0.964305, 0.0)], [0.131712, -0.239579, -8.87393, 1.0)]])
0.131712, -0.239579, -8.87393
float3(-0.254758, 0.0840933, -1.60705)
178786.083503708
normal
simd_float4x4([[-0.0073743, -0.984716, 0.174011, 0.0)], [0.996259, -0.0222174, -0.0835069, 0.0)], [0.0860967, 0.172744, 0.981197, 0.0)], [0.141285, -0.216945, -8.97115, 1.0)]])
0.141285, -0.216945, -8.97115
float3(-0.173615, 0.0875224, -1.59335)
178786.216816333
normal
simd_float4x4([[0.0490531, -0.982696, 0.178615, 0.0)], [0.99564, 0.0339047, -0.0868977, 0.0)], [0.0793381, 0.182099, 0.980074, 0.0)], [0.137947, -0.218021, -9.08311, 1.0)]])
0.137947, -0.218021, -9.08311
float3(-0.183121, 0.0807749, -1.53631)
178786.350129083
normal
simd_float4x4([[0.0541812, -0.982943, 0.17575, 0.0)], [0.996356, 0.0416076, -0.0744574, 0.0)], [0.0658748, 0.179143, 0.981615, 0.0)], [0.13463, -0.241232, -9.2144, 1.0)]])
0.13463, -0.241232, -9.2144
float3(-0.180116, 0.0670081, -1.52849)
178786.483441791
normal
simd_float4x4([[0.0509807, -0.982111, 0.181268, 0.0)], [0.998245, 0.0446327, -0.0389307, 0.0)], [0.0301439, 0.182934, 0.982663, 0.0)], [0.127055, -0.25428, -9.34726, 1.0)]])
0.127055, -0.25428, -9.34726
float3(-0.18397, 0.0306661, -1.52538)
178786.616754458
normal
simd_float4x4([[0.0479652, -0.979846, 0.193909, 0.0)], [0.998685, 0.0435261, -0.0270912, 0.0)], [0.0181051, 0.194954, 0.980645, 0.0)], [0.122823, -0.238048, -9.48072, 1.0)]])
0.122823, -0.238048, -9.48072
float3(-0.19621, 0.0184603, -1.5264)
178786.750067291
normal
simd_float4x4([[0.00745279, -0.980452, 0.196619, 0.0)], [0.999912, 0.00514689, -0.0122362, 0.0)], [0.010985, 0.196692, 0.980404, 0.0)], [0.131466, -0.233168, -9.59946, 1.0)]])
0.131466, -0.233168, -9.59946
float3(-0.197983, 0.0112041, -1.56555)
178786.88338
normal
simd_float4x4([[-0.0142088, -0.981468, 0.191101, 0.0)], [0.999795, -0.016696, -0.0114109, 0.0)], [0.01439, 0.1909, 0.981504, 0.0)], [0.141814, -0.238403, -9.72064, 1.0)]])
0.141814, -0.238403, -9.72064
float3(-0.192079, 0.0146601, -1.58781)
178787.016692666
normal
simd_float4x4([[-0.00419531, -0.986625, 0.162953, 0.0)], [0.999667, -0.00828783, -0.0244431, 0.0)], [0.0254667, 0.162796, 0.986331, 0.0)], [0.156253, -0.245488, -9.83678, 1.0)]])
0.156253, -0.245488, -9.83678
float3(-0.163524, 0.0258139, -1.5792)
178787.1500055
normal
simd_float4x4([[0.0172182, -0.989237, 0.145307, 0.0)], [0.998438, 0.00928609, -0.0550911, 0.0)], [0.0531488, 0.146029, 0.987851, 0.0)], [0.17391, -0.242025, -9.95096, 1.0)]])
0.17391, -0.242025, -9.95096
float3(-0.146553, 0.0537506, -1.56141)
178787.283318166
normal
simd_float4x4([[0.0213837, -0.990167, 0.138246, 0.0)], [0.998037, 0.0130015, -0.0612535, 0.0)], [0.0588538, 0.139285, 0.988502, 0.0)], [0.191359, -0.230368, -10.0525, 1.0)]])
0.191359, -0.230368, -10.0525
float3(-0.139739, 0.0594681, -1.55767)
178787.41663075
normal
simd_float4x4([[0.0342105, -0.990847, 0.130585, 0.0)], [0.997702, 0.0262136, -0.0624744, 0.0)], [0.0584795, 0.132422, 0.989467, 0.0)], [0.199078, -0.222455, -10.1447, 1.0)]])
0.199078, -0.222455, -10.1447
float3(-0.132812, 0.0590334, -1.54435)
178787.549943541
normal
simd_float4x4([[0.0468649, -0.990293, 0.130858, 0.0)], [0.998825, 0.04807, 0.00606328, 0.0)], [-0.0122948, 0.13042, 0.991382, 0.0)], [0.212355, -0.228753, -10.237, 1.0)]])
0.212355, -0.228753, -10.237
float3(-0.130793, -0.012401, -1.52229)
178787.68325625
normal
simd_float4x4([[0.011299, -0.995171, 0.0975023, 0.0)], [0.995051, 0.0208171, 0.0971625, 0.0)], [-0.098723, 0.0959219, 0.990481, 0.0)], [0.231055, -0.238501, -10.3313, 1.0)]])
0.231055, -0.238501, -10.3313
float3(-0.0960696, -0.0993437, -1.54988)
178787.816568916
normal
simd_float4x4([[-0.0136185, -0.995577, 0.0929574, 0.0)], [0.977923, 0.00612597, 0.208878, 0.0)], [-0.208523, 0.0937497, 0.973514, 0.0)], [0.241607, -0.239407, -10.4386, 1.0)]])
0.241607, -0.239407, -10.4386
float3(-0.0938876, -0.211008, -1.56464)
178787.94988175
normal
simd_float4x4([[-0.0610753, -0.993498, 0.0960845, 0.0)], [0.9434, -0.0260187, 0.330636, 0.0)], [-0.325986, 0.11084, 0.938855, 0.0)], [0.261611, -0.239181, -10.5308, 1.0)]])
0.261611, -0.239181, -10.5308
float3(-0.111068, -0.334193, -1.59698)
178788.083194541
normal
simd_float4x4([[-0.0925261, -0.988888, 0.116355, 0.0)], [0.896151, -0.0317704, 0.44261, 0.0)], [-0.433995, 0.145225, 0.889133, 0.0)], [0.288902, -0.234466, -10.6046, 1.0)]])
0.288902, -0.234466, -10.6046
float3(-0.14574, -0.45409, -1.60291)
178788.216507166
normal
simd_float4x4([[-0.114532, -0.988171, 0.101981, 0.0)], [0.841865, -0.0420476, 0.538047, 0.0)], [-0.527395, 0.147478, 0.836723, 0.0)], [0.325429, -0.235958, -10.6601, 1.0)]])
0.325429, -0.235958, -10.6601
float3(-0.148018, -0.562409, -1.61332)
178788.349820041
normal
simd_float4x4([[-0.126023, -0.98811, 0.088075, 0.0)], [0.799087, -0.0485009, 0.599256, 0.0)], [-0.587859, 0.1459, 0.795698, 0.0)], [0.362633, -0.239602, -10.6978, 1.0)]])
0.362633, -0.239602, -10.6978
float3(-0.146423, -0.636292, -1.61984)
178788.483132583
normal
simd_float4x4([[-0.148538, -0.986502, 0.0689235, 0.0)], [0.77223, -0.0721727, 0.631231, 0.0)], [-0.617736, 0.146986, 0.772527, 0.0)], [0.400919, -0.242759, -10.7363, 1.0)]])
0.400919, -0.242759, -10.7363
float3(-0.147521, -0.674516, -1.64383)
178788.616445333
normal
simd_float4x4([[-0.171033, -0.984656, 0.0346479, 0.0)], [0.733564, -0.103785, 0.671649, 0.0)], [-0.657747, 0.14029, 0.740059, 0.0)], [0.444593, -0.235956, -10.763, 1.0)]])
0.444593, -0.235956, -10.763
float3(-0.140755, -0.72658, -1.67581)
178788.749758208
normal
simd_float4x4([[-0.149446, -0.988769, 0.00128657, 0.0)], [0.640055, -0.0957485, 0.76234, 0.0)], [-0.753655, 0.114752, 0.647176, 0.0)], [0.473074, -0.228004, -10.764, 1.0)]])
0.473074, -0.228004, -10.764
float3(-0.115006, -0.861264, -1.66733)
178788.88307075
normal
simd_float4x4([[-0.125907, -0.991547, -0.0313223, 0.0)], [0.491899, -0.0898182, 0.866007, 0.0)], [-0.8615, 0.0936292, 0.49905, 0.0)], [0.49735, -0.221875, -10.7502, 1.0)]])
0.49735, -0.221875, -10.7502
float3(-0.0937665, -1.04575, -1.66113)
178789.0163835
normal
simd_float4x4([[-0.108951, -0.99328, -0.0390343, 0.0)], [0.315924, -0.0718318, 0.946061, 0.0)], [-0.942508, 0.0907423, 0.321627, 0.0)], [0.512898, -0.228048, -10.743, 1.0)]])
0.512898, -0.228048, -10.743
float3(-0.0908673, -1.24194, -1.64299)
178789.149696416
normal
simd_float4x4([[-0.104154, -0.993683, -0.0417874, 0.0)], [0.163992, -0.0585995, 0.98472, 0.0)], [-0.980948, 0.0957096, 0.169059, 0.0)], [0.529502, -0.230567, -10.7392, 1.0)]])
0.529502, -0.230567, -10.7392
float3(-0.0958564, -1.40013, -1.6297)
178789.283009166
normal
simd_float4x4([[-0.114139, -0.993167, -0.0243077, 0.0)], [-0.00984064, -0.0233362, 0.999679, 0.0)], [-0.993416, 0.114341, -0.00710984, 0.0)], [0.537696, -0.229176, -10.7455, 1.0)]])
0.537696, -0.229176, -10.7455
float3(-0.114592, -1.57795, -1.59429)
178789.416321916
normal
simd_float4x4([[-0.107241, -0.993072, -0.0480433, 0.0)], [-0.199445, -0.0258522, 0.979568, 0.0)], [-0.974023, 0.114632, -0.195291, 0.0)], [0.533855, -0.229209, -10.7532, 1.0)]])
0.533855, -0.229209, -10.7532
float3(-0.114884, -1.76867, -1.59682)
178789.549634583
normal
simd_float4x4([[-0.0855884, -0.991954, -0.0932795, 0.0)], [-0.372323, -0.0549969, 0.926472, 0.0)], [-0.924148, 0.114025, -0.36462, 0.0)], [0.534882, -0.230383, -10.763, 1.0)]])
0.534882, -0.230383, -10.763
float3(-0.114274, -1.94659, -1.62618)
178789.682947333
normal
simd_float4x4([[-0.0696304, -0.991086, -0.113582, 0.0)], [-0.503734, -0.0633442, 0.861533, 0.0)], [-0.861048, 0.117204, -0.494833, 0.0)], [0.515338, -0.240696, -10.782, 1.0)]])
0.515338, -0.240696, -10.782
float3(-0.117474, -2.0924, -1.63462)
178789.816260125
normal
simd_float4x4([[-0.08339, -0.988019, -0.129863, 0.0)], [-0.629164, -0.0488585, 0.775735, 0.0)], [-0.772786, 0.146394, -0.617552, 0.0)], [0.483146, -0.246159, -10.7972, 1.0)]])
0.483146, -0.246159, -10.7972
float3(-0.146922, -2.245, -1.62021)
178789.949572833
normal
simd_float4x4([[-0.0706808, -0.989331, -0.127392, 0.0)], [-0.737245, -0.0342144, 0.674758, 0.0)], [-0.671918, 0.141611, -0.726961, 0.0)], [0.446468, -0.246397, -10.8138, 1.0)]])
0.446468, -0.246397, -10.8138
float3(-0.142089, -2.39552, -1.60537)
178790.082885625
normal
simd_float4x4([[-0.0534505, -0.991414, -0.119336, 0.0)], [-0.81639, -0.0254317, 0.576941, 0.0)], [-0.575022, 0.128262, -0.808021, 0.0)], [0.389613, -0.245563, -10.84, 1.0)]])
0.389613, -0.245563, -10.84
float3(-0.128617, -2.5231, -1.59644)
178790.216198333
normal
simd_float4x4([[-0.0346833, -0.993307, -0.110177, 0.0)], [-0.871825, -0.0238242, 0.489237, 0.0)], [-0.488587, 0.113023, -0.865164, 0.0)], [0.326396, -0.244958, -10.8677, 1.0)]])
0.326396, -0.244958, -10.8677
float3(-0.113265, -2.62751, -1.59478)
178790.349511166
normal
simd_float4x4([[-0.0238466, -0.994552, -0.101478, 0.0)], [-0.916749, -0.0187328, 0.399024, 0.0)], [-0.398751, 0.102545, -0.911308, 0.0)], [0.262294, -0.240857, -10.8936, 1.0)]])
0.262294, -0.240857, -10.8936
float3(-0.102726, -2.72913, -1.58963)
178790.482823958
normal
simd_float4x4([[-0.017803, -0.993359, -0.11367, 0.0)], [-0.947397, -0.0195769, 0.319462, 0.0)], [-0.319566, 0.113378, -0.940756, 0.0)], [0.188666, -0.239549, -10.9182, 1.0)]])
0.188666, -0.239549, -10.9182
float3(-0.113623, -2.81413, -1.5905)
178790.616136708
normal
simd_float4x4([[-0.0122155, -0.99348, -0.113351, 0.0)], [-0.96581, -0.0176351, 0.258648, 0.0)], [-0.258961, 0.112635, -0.959298, 0.0)], [0.122675, -0.237761, -10.9508, 1.0)]])
0.122675, -0.237761, -10.9508
float3(-0.112874, -2.87793, -1.58855)
178790.749449375
normal
simd_float4x4([[-0.00557342, -0.994688, -0.102782, 0.0)], [-0.978583, -0.0157257, 0.205251, 0.0)], [-0.205777, 0.101725, -0.973297, 0.0)], [0.0668901, -0.235529, -10.9776, 1.0)]])
0.0668901, -0.235529, -10.9776
float3(-0.101901, -2.93324, -1.5866)
178790.882762166
normal
simd_float4x4([[-0.00354472, -0.995679, -0.092794, 0.0)], [-0.988996, -0.010234, 0.14759, 0.0)], [-0.147902, 0.092296, -0.984686, 0.0)], [0.00934482, -0.236348, -11.0123, 1.0)]])
0.00934482, -0.236348, -11.0123
float3(-0.0924275, -2.9925, -1.58107)
178791.016075
normal
simd_float4x4([[-0.000894934, -0.995906, -0.0903851, 0.0)], [-0.996221, -0.00696204, 0.0865749, 0.0)], [-0.0868498, 0.090121, -0.992137, 0.0)], [-0.0404971, -0.236566, -11.0418, 1.0)]])
-0.0404971, -0.236566, -11.0418
float3(-0.0902435, -3.05428, -1.57779)
178791.149387666
normal
simd_float4x4([[0.00291459, -0.994675, -0.10302, 0.0)], [-0.998732, -0.00807214, 0.0496823, 0.0)], [-0.0502493, 0.102744, -0.993438, 0.0)], [-0.0699483, -0.236751, -11.0394, 1.0)]])
-0.0699483, -0.236751, -11.0394
float3(-0.102926, -3.09105, -1.57891)
178791.282700333
normal
simd_float4x4([[0.0121361, -0.993266, -0.115219, 0.0)], [-0.999502, -0.0154073, 0.0275427, 0.0)], [-0.0291325, 0.114828, -0.992958, 0.0)], [-0.0899402, -0.244618, -11.0294, 1.0)]])
-0.0899402, -0.244618, -11.0294
float3(-0.115081, -3.11226, -1.58631)
178791.416013375
normal
simd_float4x4([[0.0081093, -0.99037, -0.138208, 0.0)], [-0.999886, -0.00979012, 0.0114861, 0.0)], [-0.0127285, 0.138099, -0.990337, 0.0)], [-0.0903788, -0.257013, -10.9945, 1.0)]])
-0.0903788, -0.257013, -10.9945
float3(-0.138542, -3.12874, -1.58068)
178791.549326083
normal
simd_float4x4([[-0.0038018, -0.991668, -0.128762, 0.0)], [-0.999968, 0.00467215, -0.00645799, 0.0)], [0.00700578, 0.128733, -0.991655, 0.0)], [-0.0570492, -0.259293, -10.9291, 1.0)]])
-0.0570492, -0.259293, -10.9291
float3(-0.129091, 3.13453, -1.56608)
178791.682638875
normal
simd_float4x4([[-0.019636, -0.993271, -0.114137, 0.0)], [-0.999356, 0.0229291, -0.0276116, 0.0)], [0.0300428, 0.113522, -0.993081, 0.0)], [-0.0237713, -0.254597, -10.8658, 1.0)]])
-0.0237713, -0.254597, -10.8658
float3(-0.113767, 3.11135, -1.54772)
178791.815951625
normal
simd_float4x4([[0.00112922, -0.993838, -0.110834, 0.0)], [-0.998774, 0.0043644, -0.0493112, 0.0)], [0.0494911, 0.110753, -0.992615, 0.0)], [-0.00530036, -0.242808, -10.8051, 1.0)]])
-0.00530036, -0.242808, -10.8051
float3(-0.110981, 3.09177, -1.5664)
178791.949264291
normal
simd_float4x4([[-0.0054863, -0.995109, -0.0986269, 0.0)], [-0.997663, 0.0121644, -0.0672372, 0.0)], [0.0681081, 0.0980275, -0.99285, 0.0)], [0.0208577, -0.240199, -10.7276, 1.0)]])
0.0208577, -0.240199, -10.7276
float3(-0.0981852, 3.0731, -1.55857)
178792.082577166
normal
simd_float4x4([[0.00653178, -0.993486, -0.113765, 0.0)], [-0.997603, 0.00136367, -0.0691859, 0.0)], [0.0688904, 0.113944, -0.991096, 0.0)], [0.0211105, -0.254865, -10.641, 1.0)]])
0.0211105, -0.254865, -10.641
float3(-0.114192, 3.0722, -1.56942)
178792.215889916
normal
simd_float4x4([[0.0107815, -0.991706, -0.128071, 0.0)], [-0.998307, -0.00335488, -0.058063, 0.0)], [0.0571518, 0.12848, -0.990064, 0.0)], [0.0218072, -0.272472, -10.5248, 1.0)]])
0.0218072, -0.272472, -10.5248
float3(-0.128836, 3.08393, -1.57418)
178792.349202666
normal
simd_float4x4([[0.0185972, -0.987866, -0.154191, 0.0)], [-0.998338, -0.00993526, -0.0567581, 0.0)], [0.0545374, 0.154991, -0.986409, 0.0)], [0.00909605, -0.269651, -10.3927, 1.0)]])
0.00909605, -0.269651, -10.3927
float3(-0.155618, 3.08636, -1.58085)
178792.482515291
normal
simd_float4x4([[0.0120116, -0.987815, -0.155171, 0.0)], [-0.998552, -0.00371338, -0.0536573, 0.0)], [0.0524273, 0.155591, -0.986429, 0.0)], [-0.00134042, -0.261354, -10.2914, 1.0)]])
-0.00134042, -0.261354, -10.2914
float3(-0.156226, 3.08849, -1.57456)
178792.61582825
normal
simd_float4x4([[-0.013116, -0.978043, -0.20799, 0.0)], [-0.99831, 0.0245841, -0.0526487, 0.0)], [0.0566059, 0.206948, -0.976713, 0.0)], [-0.000489875, -0.259395, -10.1869, 1.0)]])
-0.000489875, -0.259395, -10.1869
float3(-0.208454, 3.0837, -1.54567)
178792.749141041
normal
simd_float4x4([[-0.0159791, -0.978056, -0.20773, 0.0)], [-0.999185, 0.0233193, -0.0329344, 0.0)], [0.0370558, 0.207035, -0.977631, 0.0)], [0.00648327, -0.27436, -10.068, 1.0)]])
0.00648327, -0.27436, -10.068
float3(-0.208543, 3.10371, -1.54696)
178792.882453916
normal
simd_float4x4([[-0.0217035, -0.980086, -0.197384, 0.0)], [-0.999125, 0.0283236, -0.030778, 0.0)], [0.0357557, 0.196543, -0.979843, 0.0)], [0.0236425, -0.281194, -9.94186, 1.0)]])
0.0236425, -0.281194, -9.94186
float3(-0.197831, 3.10512, -1.54191)
178793.015766708
normal
simd_float4x4([[-0.00184781, -0.971549, -0.23683, 0.0)], [-0.997964, 0.0168898, -0.0615005, 0.0)], [0.0637507, 0.236235, -0.969602, 0.0)], [0.0335341, -0.271524, -9.80468, 1.0)]])
0.0335341, -0.271524, -9.80468
float3(-0.238489, 3.07594, -1.55341)
178793.149079333
normal
simd_float4x4([[0.0284603, -0.967896, -0.249736, 0.0)], [-0.997235, -0.0103354, -0.0735896, 0.0)], [0.0686459, 0.25114, -0.965513, 0.0)], [0.0303932, -0.262708, -9.68178, 1.0)]])
0.0303932, -0.262708, -9.68178
float3(-0.253858, 3.07061, -1.58147)
178793.282392208
normal
simd_float4x4([[0.0435898, -0.966689, -0.252216, 0.0)], [-0.995206, -0.0198915, -0.0957589, 0.0)], [0.0875521, 0.255181, -0.962921, 0.0)], [0.0204956, -0.266992, -9.58285, 1.0)]])
0.0204956, -0.266992, -9.58285
float3(-0.258035, 3.05092, -1.59137)
178793.415705
normal
simd_float4x4([[0.0291812, -0.966476, -0.255095, 0.0)], [-0.996907, -0.00950975, -0.0780101, 0.0)], [0.0729689, 0.256583, -0.963764, 0.0)], [0.00938178, -0.281528, -9.47797, 1.0)]])
0.00938178, -0.281528, -9.47797
float3(-0.259485, 3.06602, -1.58064)
178793.549017708
normal
simd_float4x4([[0.0313686, -0.963675, -0.265229, 0.0)], [-0.998084, -0.016045, -0.0597456, 0.0)], [0.0533197, 0.266595, -0.962332, 0.0)], [-0.0116905, -0.282539, -9.36961, 1.0)]])
-0.0116905, -0.282539, -9.36961
float3(-0.269859, 3.08624, -1.58744)
178793.682330458
normal
simd_float4x4([[0.00758404, -0.975314, -0.220692, 0.0)], [-0.999415, -3.32354e-05, -0.0341978, 0.0)], [0.0333462, 0.220823, -0.974744, 0.0)], [-0.0187588, -0.256814, -9.27115, 1.0)]])
-0.0187588, -0.256814, -9.27115
float3(-0.222658, 3.1074, -1.57083)
178793.8156435
normal
simd_float4x4([[-0.0133605, -0.973746, -0.227247, 0.0)], [-0.999328, 0.0207602, -0.0302034, 0.0)], [0.0341281, 0.226691, -0.973369, 0.0)], [-0.0204036, -0.249439, -9.17004, 1.0)]])
-0.0204036, -0.249439, -9.17004
float3(-0.228678, 3.10655, -1.54948)
178793.94895625
normal
simd_float4x4([[-0.0145631, -0.980813, -0.194406, 0.0)], [-0.999347, 0.020709, -0.0296189, 0.0)], [0.0330765, 0.193848, -0.980474, 0.0)], [-0.0248056, -0.266703, -9.05898, 1.0)]])
-0.0248056, -0.266703, -9.05898
float3(-0.195083, 3.10787, -1.54969)
178794.082268958
normal
simd_float4x4([[-0.0109524, -0.982256, -0.187223, 0.0)], [-0.997907, 0.0226703, -0.0605615, 0.0)], [0.0637313, 0.186168, -0.980449, 0.0)], [-0.0230183, -0.274043, -8.93284, 1.0)]])
-0.0230183, -0.274043, -8.93284
float3(-0.187261, 3.07668, -1.54772)
178794.215581708
normal
simd_float4x4([[0.0293488, -0.971206, -0.236428, 0.0)], [-0.995779, -0.00783033, -0.0914447, 0.0)], [0.0869603, 0.238114, -0.967336, 0.0)], [-0.0315504, -0.266206, -8.79372, 1.0)]])
-0.0315504, -0.266206, -8.79372
float3(-0.240423, 3.05194, -1.57886)
178794.348894583
normal
simd_float4x4([[0.0513651, -0.968712, -0.242815, 0.0)], [-0.994214, -0.0266342, -0.104059, 0.0)], [0.094336, 0.246755, -0.964475, 0.0)], [-0.0418591, -0.263655, -8.66951, 1.0)]])
-0.0418591, -0.263655, -8.66951
float3(-0.24933, 3.04409, -1.59828)
178794.482207416
normal
simd_float4x4([[0.0468074, -0.973735, -0.222819, 0.0)], [-0.994453, -0.024392, -0.102309, 0.0)], [0.094187, 0.226372, -0.969476, 0.0)], [-0.0512918, -0.270909, -8.55048, 1.0)]])
-0.0512918, -0.270909, -8.55048
float3(-0.228352, 3.04474, -1.59584)
178794.615520166
normal
simd_float4x4([[0.0327018, -0.984829, -0.17042, 0.0)], [-0.998005, -0.022964, -0.0588022, 0.0)], [0.0539966, 0.172003, -0.983615, 0.0)], [-0.0626833, -0.270939, -8.45097, 1.0)]])
-0.0626833, -0.270939, -8.45097
float3(-0.172862, 3.08675, -1.59411)
178794.748833
normal
simd_float4x4([[-0.000266394, -0.983916, -0.178634, 0.0)], [-0.998761, 0.00915161, -0.0489175, 0.0)], [0.0497655, 0.1784, -0.982699, 0.0)], [-0.0728925, -0.253886, -8.33275, 1.0)]])
-0.0728925, -0.253886, -8.33275
float3(-0.17936, 3.09099, -1.5615)
178794.882145791
normal
simd_float4x4([[0.0177519, -0.985372, -0.169493, 0.0)], [-0.999054, -0.0107505, -0.0421364, 0.0)], [0.0396979, 0.17008, -0.98463, 0.0)], [-0.082842, -0.24521, -8.23033, 1.0)]])
-0.082842, -0.24521, -8.23033
float3(-0.170911, 3.1013, -1.58171)
178795.015458708
normal
simd_float4x4([[-0.0165522, -0.982624, -0.184869, 0.0)], [-0.999428, 0.0217139, -0.0259309, 0.0)], [0.0294946, 0.184334, -0.982421, 0.0)], [-0.0767789, -0.259429, -8.12036, 1.0)]])
-0.0767789, -0.259429, -8.12036
float3(-0.185394, 3.11158, -1.5487)
178795.148771541
normal
simd_float4x4([[-0.0116681, -0.98642, -0.163825, 0.0)], [-0.998766, 0.0194063, -0.045714, 0.0)], [0.0482724, 0.163089, -0.98543, 0.0)], [-0.069922, -0.26999, -7.99993, 1.0)]])
-0.069922, -0.26999, -7.99993
float3(-0.163821, 3.09265, -1.55113)
178795.282084333
normal
simd_float4x4([[0.00997023, -0.984192, -0.176824, 0.0)], [-0.995778, 0.00636473, -0.0915729, 0.0)], [0.0912508, 0.17699, -0.979973, 0.0)], [-0.0677418, -0.258771, -7.88114, 1.0)]])
-0.0677418, -0.258771, -7.88114
float3(-0.177927, 3.04874, -1.56433)
178795.415397041
normal
simd_float4x4([[0.0286758, -0.985177, -0.16913, 0.0)], [-0.995631, -0.0131095, -0.0924457, 0.0)], [0.0888581, 0.171042, -0.981248, 0.0)], [-0.0706805, -0.247067, -7.77263, 1.0)]])
-0.0706805, -0.247067, -7.77263
float3(-0.171887, 3.05128, -1.5841)
178795.548709916
normal
simd_float4x4([[0.0457978, -0.983147, -0.176986, 0.0)], [-0.995838, -0.0309576, -0.0857203, 0.0)], [0.0787966, 0.180175, -0.980473, 0.0)], [-0.0750438, -0.258266, -7.64641, 1.0)]])
-0.0750438, -0.258266, -7.64641
float3(-0.181164, 3.0614, -1.60227)
178795.682022583
normal
simd_float4x4([[0.0324564, -0.985306, -0.167684, 0.0)], [-0.997717, -0.0219988, -0.0638506, 0.0)], [0.0592236, 0.169373, -0.983771, 0.0)], [-0.0884864, -0.274297, -7.52962, 1.0)]])
-0.0884864, -0.274297, -7.52962
float3(-0.170194, 3.08146, -1.59312)
178795.8153355
normal
simd_float4x4([[0.0454812, -0.976852, -0.209026, 0.0)], [-0.997838, -0.0344894, -0.0559348, 0.0)], [0.0474309, 0.211118, -0.976309, 0.0)], [-0.116202, -0.272739, -7.39676, 1.0)]])
-0.116202, -0.272739, -7.39676
float3(-0.212719, 3.09305, -1.60609)
178795.948648375
normal
simd_float4x4([[0.0381916, -0.978928, -0.200601, 0.0)], [-0.998197, -0.0280734, -0.0530451, 0.0)], [0.0462958, 0.202265, -0.978236, 0.0)], [-0.128018, -0.256318, -7.26854, 1.0)]])
-0.128018, -0.256318, -7.26854
float3(-0.203671, 3.0943, -1.59947)
178796.08196125
normal
simd_float4x4([[0.0114411, -0.975501, -0.219698, 0.0)], [-0.999344, -0.00360517, -0.0360349, 0.0)], [0.03436, 0.219966, -0.974902, 0.0)], [-0.134564, -0.263069, -7.14021, 1.0)]])
-0.134564, -0.263069, -7.14021
float3(-0.22178, 3.10636, -1.57449)
178796.215274
normal
simd_float4x4([[0.000570778, -0.978633, -0.205612, 0.0)], [-0.999194, 0.00769668, -0.039407, 0.0)], [0.0401475, 0.205469, -0.97784, 0.0)], [-0.138811, -0.279204, -7.00692, 1.0)]])
-0.138811, -0.279204, -7.00692
float3(-0.206943, 3.10056, -1.56293)
178796.348586958
normal
simd_float4x4([[0.0260625, -0.980706, -0.193741, 0.0)], [-0.99751, -0.0128082, -0.069353, 0.0)], [0.0655335, 0.195066, -0.978598, 0.0)], [-0.142746, -0.275314, -6.86701, 1.0)]])
-0.142746, -0.275314, -6.86701
float3(-0.196325, 3.07473, -1.58386)
178796.481899666
normal
simd_float4x4([[0.0381794, -0.983699, -0.175722, 0.0)], [-0.996685, -0.0248434, -0.0774768, 0.0)], [0.0718483, 0.178097, -0.981386, 0.0)], [-0.150532, -0.253886, -6.73681, 1.0)]])
-0.150532, -0.253886, -6.73681
float3(-0.179053, 3.06851, -1.59605)
178796.615212416
normal
simd_float4x4([[0.0447275, -0.982592, -0.180314, 0.0)], [-0.994133, -0.0259851, -0.104996, 0.0)], [0.098483, 0.183953, -0.977989, 0.0)], [-0.16347, -0.252519, -6.61053, 1.0)]])
-0.16347, -0.252519, -6.61053
float3(-0.185006, 3.04123, -1.59724)
178796.748525333
normal
simd_float4x4([[0.0467759, -0.984243, -0.170521, 0.0)], [-0.995017, -0.0308618, -0.0948113, 0.0)], [0.0880548, 0.174106, -0.980782, 0.0)], [-0.183119, -0.273218, -6.47682, 1.0)]])
-0.183119, -0.273218, -6.47682
float3(-0.174998, 3.05205, -1.60214)
178796.881838125
normal
simd_float4x4([[0.0419238, -0.985823, -0.162465, 0.0)], [-0.998222, -0.0344335, -0.0486495, 0.0)], [0.0423655, 0.164216, -0.985514, 0.0)], [-0.20915, -0.274925, -6.3565, 1.0)]])
-0.20915, -0.274925, -6.3565
float3(-0.164963, 3.09863, -1.60571)
178797.015150958
normal
simd_float4x4([[0.0341978, -0.989642, -0.139426, 0.0)], [-0.999236, -0.0312207, -0.0234844, 0.0)], [0.0188881, 0.140123, -0.989954, 0.0)], [-0.224645, -0.256092, -6.25384, 1.0)]])
-0.224645, -0.256092, -6.25384
float3(-0.140586, 3.12252, -1.60233)
178797.148463833
normal
simd_float4x4([[0.0158112, -0.990765, -0.134663, 0.0)], [-0.999875, -0.015642, -0.00231485, 0.0)], [0.000187073, 0.134683, -0.990889, 0.0)], [-0.23102, -0.259651, -6.14805, 1.0)]])
-0.23102, -0.259651, -6.14805
float3(-0.135093, 3.1414, -1.58658)
178797.281776666
normal
simd_float4x4([[-0.016305, -0.993171, -0.115521, 0.0)], [-0.999867, 0.0162571, 0.00135769, 0.0)], [0.000529606, 0.115527, -0.993304, 0.0)], [-0.228417, -0.27772, -6.0311, 1.0)]])
-0.228417, -0.27772, -6.0311
float3(-0.115786, 3.14106, -1.55443)
178797.415089625
normal
simd_float4x4([[-0.0160549, -0.993026, -0.116799, 0.0)], [-0.999859, 0.0165138, -0.00296199, 0.0)], [0.00487012, 0.116735, -0.993151, 0.0)], [-0.225174, -0.289361, -5.89844, 1.0)]])
-0.225174, -0.289361, -5.89844
float3(-0.117001, 3.13669, -1.55417)
178797.5484025
normal
simd_float4x4([[-0.00767913, -0.98667, -0.162553, 0.0)], [-0.999915, 0.00928495, -0.00912137, 0.0)], [0.0105091, 0.16247, -0.986658, 0.0)], [-0.233048, -0.281533, -5.75237, 1.0)]])
-0.233048, -0.281533, -5.75237
float3(-0.163193, 3.13094, -1.56139)
178797.681715208
normal
simd_float4x4([[0.0203947, -0.983628, -0.179053, 0.0)], [-0.998941, -0.0126616, -0.044226, 0.0)], [0.0412348, 0.179766, -0.982845, 0.0)], [-0.244781, -0.277726, -5.62896, 1.0)]])
-0.244781, -0.277726, -5.62896
float3(-0.180748, 3.09966, -1.58367)
178797.815028
normal
simd_float4x4([[0.0501966, -0.980973, -0.187544, 0.0)], [-0.998167, -0.0429214, -0.0426562, 0.0)], [0.0337949, 0.189342, -0.981329, 0.0)], [-0.261132, -0.30591, -5.49206, 1.0)]])
-0.261132, -0.30591, -5.49206
float3(-0.190492, 3.10717, -1.61452)
178797.948340791
normal
simd_float4x4([[0.0208482, -0.974378, -0.223949, 0.0)], [-0.999755, -0.0186434, -0.0119553, 0.0)], [0.00747384, 0.224143, -0.974527, 0.0)], [-0.275314, -0.320591, -5.34043, 1.0)]])
-0.275314, -0.320591, -5.34043
float3(-0.226064, 3.13392, -1.58993)
178798.081653625
normal
simd_float4x4([[0.0211756, -0.969518, -0.244101, 0.0)], [-0.999566, -0.0255253, 0.0146695, 0.0)], [-0.0204531, 0.243685, -0.969639, 0.0)], [-0.293413, -0.299983, -5.20192, 1.0)]])
-0.293413, -0.299983, -5.20192
float3(-0.246163, -3.1205, -1.59712)
178798.214966416
normal
simd_float4x4([[0.00760702, -0.983935, -0.178364, 0.0)], [-0.998594, -0.0168328, 0.0502682, 0.0)], [-0.052463, 0.177731, -0.98268, 0.0)], [-0.292336, -0.28018, -5.09204, 1.0)]])
-0.292336, -0.28018, -5.09204
float3(-0.17868, -3.08826, -1.5879)
178798.348279291
normal
simd_float4x4([[-0.04457, -0.97698, -0.208625, 0.0)], [-0.997999, 0.0341675, 0.0532049, 0.0)], [-0.0448519, 0.210579, -0.976547, 0.0)], [-0.285912, -0.313132, -4.94903, 1.0)]])
-0.285912, -0.313132, -4.94903
float3(-0.212167, -3.0957, -1.53584)
178798.48159225
normal
simd_float4x4([[-0.0227308, -0.975354, -0.219473, 0.0)], [-0.997958, 0.00902871, 0.0632339, 0.0)], [-0.0596938, 0.220463, -0.973567, 0.0)], [-0.286564, -0.342016, -4.79248, 1.0)]])
-0.286564, -0.342016, -4.79248
float3(-0.222289, -3.08035, -1.56154)
178798.614905208
normal
simd_float4x4([[-0.0288246, -0.97277, -0.229972, 0.0)], [-0.999062, 0.0205973, 0.0380969, 0.0)], [-0.0323228, 0.230854, -0.972451, 0.0)], [-0.282699, -0.312608, -4.6396, 1.0)]])
-0.282699, -0.312608, -4.6396
float3(-0.232955, -3.10837, -1.54963)
178798.748217916
normal
simd_float4x4([[-0.0154847, -0.976291, -0.215907, 0.0)], [-0.99988, 0.0151364, 0.00326657, 0.0)], [7.89398e-05, 0.215932, -0.976408, 0.0)], [-0.29239, -0.292232, -4.50416, 1.0)]])
-0.29239, -0.292232, -4.50416
float3(-0.217646, 3.14151, -1.55529)
178798.881530791
normal
simd_float4x4([[0.029942, -0.983847, -0.176489, 0.0)], [-0.999439, -0.0268229, -0.0200327, 0.0)], [0.0149751, 0.17699, -0.984099, 0.0)], [-0.309723, -0.302863, -4.37483, 1.0)]])
-0.309723, -0.302863, -4.37483
float3(-0.177927, 3.12638, -1.59805)
178799.014843791
normal
simd_float4x4([[0.0112533, -0.98261, -0.185338, 0.0)], [-0.999888, -0.00923296, -0.0117604, 0.0)], [0.00984466, 0.18545, -0.982604, 0.0)], [-0.322061, -0.331, -4.23238, 1.0)]])
-0.322061, -0.331, -4.23238
float3(-0.186529, 3.13157, -1.58019)
178799.148156458
normal
simd_float4x4([[0.0308303, -0.971129, -0.236556, 0.0)], [-0.999354, -0.0343217, 0.0106546, 0.0)], [-0.0184659, 0.236074, -0.971559, 0.0)], [-0.34208, -0.315184, -4.07111, 1.0)]])
-0.34208, -0.315184, -4.07111
float3(-0.238324, -3.12259, -1.60612)
178799.281469375
normal
simd_float4x4([[0.0215835, -0.986909, -0.159825, 0.0)], [-0.999313, -0.0261146, 0.0263041, 0.0)], [-0.0301335, 0.159147, -0.986795, 0.0)], [-0.344012, -0.291311, -3.95055, 1.0)]])
-0.344012, -0.291311, -3.95055
float3(-0.159827, -3.11107, -1.59725)
178799.414782333
normal
simd_float4x4([[-0.0436084, -0.984602, -0.169283, 0.0)], [-0.997759, 0.0343165, 0.0574338, 0.0)], [-0.0507402, 0.171409, -0.983893, 0.0)], [-0.332548, -0.304519, -3.80974, 1.0)]])
-0.332548, -0.304519, -3.80974
float3(-0.172259, -3.09007, -1.53596)
178799.548095083
normal
simd_float4x4([[-0.0343204, -0.984241, -0.173472, 0.0)], [-0.99842, 0.0260375, 0.0498006, 0.0)], [-0.044499, 0.174907, -0.983579, 0.0)], [-0.329382, -0.332048, -3.64162, 1.0)]])
-0.329382, -0.332048, -3.64162
float3(-0.175811, -3.09638, -1.54435)
178799.681408083
normal
simd_float4x4([[-0.00521655, -0.974634, -0.223742, 0.0)], [-0.9999, 0.00214555, 0.0139665, 0.0)], [-0.0131322, 0.223793, -0.974548, 0.0)], [-0.329108, -0.331859, -3.4671, 1.0)]])
-0.329108, -0.331859, -3.4671
float3(-0.225704, -3.12812, -1.56859)
178799.814721
normal
simd_float4x4([[0.0110698, -0.980326, -0.197073, 0.0)], [-0.999936, -0.0113004, 4.51686e-05, 0.0)], [-0.00227128, 0.19706, -0.980389, 0.0)], [-0.331641, -0.310741, -3.31208, 1.0)]])
-0.331641, -0.310741, -3.31208
float3(-0.198358, -3.13928, -1.58232)
178799.948033708
normal
simd_float4x4([[0.0247171, -0.976831, -0.212579, 0.0)], [-0.999068, -0.0166129, -0.0398258, 0.0)], [0.0353715, 0.213365, -0.976332, 0.0)], [-0.33395, -0.318374, -3.14895, 1.0)]])
-0.33395, -0.318374, -3.14895
float3(-0.215018, 3.10538, -1.5878)
178800.08134675
normal
simd_float4x4([[0.0142277, -0.978736, -0.204628, 0.0)], [-0.999614, -0.00903901, -0.0262694, 0.0)], [0.0238611, 0.204922, -0.978487, 0.0)], [-0.343106, -0.331788, -2.98925, 1.0)]])
-0.343106, -0.331788, -2.98925
float3(-0.206385, 3.11721, -1.58003)
178800.214659583
normal
simd_float4x4([[-0.00135064, -0.973366, -0.229254, 0.0)], [-0.999999, 0.00134508, 0.000180551, 0.0)], [0.00013262, 0.229254, -0.973366, 0.0)], [-0.358028, -0.323382, -2.82873, 1.0)]])
-0.358028, -0.323382, -2.82873
float3(-0.231312, 3.14146, -1.56941)
178800.347972458
normal
simd_float4x4([[-0.00781932, -0.971122, -0.238456, 0.0)], [-0.999968, 0.00796414, 0.000356147, 0.0)], [0.00155323, 0.238451, -0.971153, 0.0)], [-0.363747, -0.304613, -2.69692, 1.0)]])
-0.363747, -0.304613, -2.69692
float3(-0.24077, 3.13999, -1.5626)
178800.481285291
normal
simd_float4x4([[-0.036944, -0.972135, -0.231492, 0.0)], [-0.999136, 0.0315163, 0.0271021, 0.0)], [-0.0190511, 0.232293, -0.972459, 0.0)], [-0.359077, -0.308129, -2.56781, 1.0)]])
-0.359077, -0.308129, -2.56781
float3(-0.234435, -3.122, -1.53839)
178800.614598166
normal
simd_float4x4([[-0.0508297, -0.974993, -0.216347, 0.0)], [-0.998645, 0.0471933, 0.0219449, 0.0)], [-0.011186, 0.217169, -0.97607, 0.0)], [-0.349759, -0.326472, -2.42541, 1.0)]])
-0.349759, -0.326472, -2.42541
float3(-0.218913, -3.13013, -1.52243)
178800.747911
normal
simd_float4x4([[-0.0236181, -0.980299, -0.196102, 0.0)], [-0.999678, 0.0213531, 0.0136562, 0.0)], [-0.00919978, 0.196362, -0.980488, 0.0)], [-0.343327, -0.328494, -2.27878, 1.0)]])
-0.343327, -0.328494, -2.27878
float3(-0.197646, -3.13221, -1.54902)
178800.881224083
normal
simd_float4x4([[0.00749306, -0.984171, -0.17706, 0.0)], [-0.999972, -0.00750058, -0.00062684, 0.0)], [-0.000711139, 0.17706, -0.9842, 0.0)], [-0.34168, -0.313551, -2.13854, 1.0)]])
-0.34168, -0.313551, -2.13854
float3(-0.177998, -3.14087, -1.57842)
178801.014536958
normal
simd_float4x4([[0.018689, -0.977713, -0.209113, 0.0)], [-0.999568, -0.0135256, -0.0260947, 0.0)], [0.0226848, 0.209511, -0.977543, 0.0)], [-0.343172, -0.31124, -1.99549, 1.0)]])
-0.343172, -0.31124, -1.99549
float3(-0.211074, 3.11839, -1.58463)
178801.14784975
normal
simd_float4x4([[0.0262499, -0.975737, -0.217365, 0.0)], [-0.999653, -0.0251513, -0.00781978, 0.0)], [0.00216305, 0.217494, -0.976059, 0.0)], [-0.350099, -0.337338, -1.85403, 1.0)]])
-0.350099, -0.337338, -1.85403
float3(-0.219247, 3.13938, -1.59657)
178801.281162666
normal
simd_float4x4([[0.0138765, -0.971743, -0.235631, 0.0)], [-0.999664, -0.0186373, 0.0179892, 0.0)], [-0.0218724, 0.235303, -0.971676, 0.0)], [-0.361575, -0.350243, -1.70523, 1.0)]])
-0.361575, -0.350243, -1.70523
float3(-0.23753, -3.11909, -1.58997)
178801.4144755
normal
simd_float4x4([[0.010295, -0.971938, -0.23501, 0.0)], [-0.999149, -0.0193831, 0.0363939, 0.0)], [-0.0399279, 0.234435, -0.971311, 0.0)], [-0.369458, -0.331708, -1.56964, 1.0)]])
-0.369458, -0.331708, -1.56964
float3(-0.236637, -3.10051, -1.59074)
178801.547788333
normal
simd_float4x4([[0.0031348, -0.975224, -0.221199, 0.0)], [-0.998996, -0.0129399, 0.0428918, 0.0)], [-0.0446914, 0.220843, -0.974285, 0.0)], [-0.369958, -0.328217, -1.45033, 1.0)]])
-0.369958, -0.328217, -1.45033
float3(-0.222679, -3.09575, -1.58406)
178801.681101208
normal
simd_float4x4([[-0.0551166, -0.966372, -0.251172, 0.0)], [-0.998372, 0.0496381, 0.0281005, 0.0)], [-0.0146879, 0.252312, -0.967534, 0.0)], [-0.358052, -0.341858, -1.31537, 1.0)]])
-0.358052, -0.341858, -1.31537
float3(-0.255069, -3.12641, -1.51948)
178801.814414125
normal
simd_float4x4([[-0.0461034, -0.967249, -0.249607, 0.0)], [-0.998887, 0.0421394, 0.0212043, 0.0)], [-0.00999157, 0.250307, -0.968115, 0.0)], [-0.351294, -0.351215, -1.17492, 1.0)]])
-0.351294, -0.351215, -1.17492
float3(-0.252998, -3.13127, -1.52726)
178801.947727291
normal
simd_float4x4([[-0.0188415, -0.971954, -0.234417, 0.0)], [-0.999678, 0.0223044, -0.0121299, 0.0)], [0.0170182, 0.234113, -0.97206, 0.0)], [-0.344209, -0.345059, -1.04871, 1.0)]])
-0.344209, -0.345059, -1.04871
float3(-0.236306, 3.12409, -1.54785)
178802.081040166
normal
simd_float4x4([[-0.00406301, -0.966291, -0.257421, 0.0)], [-0.999307, 0.013445, -0.0346963, 0.0)], [0.0369877, 0.257102, -0.965676, 0.0)], [-0.346919, -0.33021, -0.926938, 1.0)]])
-0.346919, -0.33021, -0.926938
float3(-0.260022, 3.10331, -1.55688)
178802.214353
normal
simd_float4x4([[0.0394285, -0.97319, -0.2266, 0.0)], [-0.998328, -0.0287731, -0.0501361, 0.0)], [0.042272, 0.228198, -0.972697, 0.0)], [-0.358754, -0.332472, -0.827717, 1.0)]])
-0.358754, -0.332472, -0.827717
float3(-0.230226, 3.09816, -1.60035)
178802.347665833
normal
simd_float4x4([[0.0280748, -0.974811, -0.221258, 0.0)], [-0.999016, -0.0197575, -0.0397153, 0.0)], [0.0343434, 0.222156, -0.974406, 0.0)], [-0.368579, -0.345122, -0.721292, 1.0)]])
-0.368579, -0.345122, -0.721292
float3(-0.224025, 3.10636, -1.59106)
178802.480978833
normal
simd_float4x4([[0.0345473, -0.970119, -0.240159, 0.0)], [-0.999363, -0.035676, 0.000352603, 0.0)], [-0.00890997, 0.239994, -0.970734, 0.0)], [-0.390258, -0.35298, -0.603136, 1.0)]])
-0.390258, -0.35298, -0.603136
float3(-0.242359, -3.13241, -1.60755)
178802.614291625
normal
simd_float4x4([[0.00995685, -0.970133, -0.242369, 0.0)], [-0.998966, -0.0204013, 0.0406216, 0.0)], [-0.044353, 0.241714, -0.969333, 0.0)], [-0.396008, -0.340625, -0.505533, 1.0)]])
-0.396008, -0.340625, -0.505533
float3(-0.244132, -3.09587, -1.59182)
178802.747604583
normal
simd_float4x4([[-0.00961393, -0.962646, -0.270591, 0.0)], [-0.997422, -0.0100133, 0.0710608, 0.0)], [-0.071116, 0.270577, -0.960068, 0.0)], [-0.396211, -0.335043, -0.430141, 1.0)]])
-0.396211, -0.335043, -0.430141
float3(-0.273992, -3.06765, -1.5812)
178802.880917333
normal
simd_float4x4([[-0.0171533, -0.9636, -0.266799, 0.0)], [-0.998666, 0.00351221, 0.0515223, 0.0)], [-0.0487098, 0.267326, -0.962374, 0.0)], [-0.389229, -0.332528, -0.368642, 1.0)]])
-0.389229, -0.332528, -0.368642
float3(-0.270617, -3.09102, -1.56715)
178803.014230333
normal
simd_float4x4([[0.0268296, -0.967315, -0.252156, 0.0)], [-0.999599, -0.0282458, 0.00199764, 0.0)], [-0.0090547, 0.252001, -0.967685, 0.0)], [-0.392698, -0.335245, -0.328755, 1.0)]])
-0.392698, -0.335245, -0.328755
float3(-0.254748, -3.13224, -1.59999)
178803.147543416
normal
simd_float4x4([[0.026939, -0.9684, -0.247943, 0.0)], [-0.999461, -0.0214366, -0.0248659, 0.0)], [0.0187651, 0.24848, -0.968455, 0.0)], [-0.381834, -0.336585, -0.297676, 1.0)]])
-0.381834, -0.336585, -0.297676
float3(-0.25111, 3.12222, -1.59293)
178803.280856333
normal
simd_float4x4([[0.0384505, -0.966554, -0.253566, 0.0)], [-0.998898, -0.0303443, -0.0358045, 0.0)], [0.0269127, 0.254663, -0.966655, 0.0)], [-0.376227, -0.340367, -0.277439, 1.0)]])
-0.376227, -0.340367, -0.277439
float3(-0.257499, 3.11376, -1.60218)
178803.414169125
normal
simd_float4x4([[0.0283694, -0.967724, -0.25041, 0.0)], [-0.999063, -0.0192566, -0.0387671, 0.0)], [0.0326938, 0.251275, -0.967363, 0.0)], [-0.369198, -0.339223, -0.26478, 1.0)]])
-0.369198, -0.339223, -0.26478
float3(-0.253997, 3.10781, -1.59069)
