USER POSITION
263776.708722	7.25556449802	17.2942716914
263776.842041	7.25308725065	17.2937570982
263776.975359	7.2504087101	17.2971631225
263777.108678	7.25529084445	17.3038298048
263777.241996	7.27737530183	17.3176303982
263777.375315	7.28710761236	17.3256445499
263777.508633	7.28948795053	17.3232183795
263777.641952	7.27900184183	17.3150708027
263777.77527	7.27759357469	17.3114924787
263777.908589	7.2723546402	17.2977263804
263778.041908	7.26420357901	17.2870940901
263778.175226	7.24568705382	17.2880974708
263778.308544	7.25564298423	17.2835012404
263778.441863	7.2574627048	17.2640646759
263778.575182	7.24393805693	17.2717413852
263778.7085	7.22891378473	17.277316583
263778.841819	7.23098011343	17.2662088289
263778.975137	7.24307396888	17.2576870002
263779.108456	7.24319990945	17.246739746
263779.241774	7.24165513503	17.2540572744
263779.375093	7.24317303015	17.2597002422
263779.508411	7.24370186249	17.2537787089
263779.64173	7.24659684105	17.2540323348
263779.775049	7.24472809497	17.2448470165
263779.908367	7.24228928067	17.2477152582
263780.041686	7.23723518923	17.2537109293
263780.175004	7.23118775917	17.2582249908
263780.308323	7.23441657031	17.2616090172
263780.441641	7.23116982626	17.2645444186
263780.57496	7.2265944511	17.261625841
263780.708278	7.22150861426	17.2602964031
263780.841597	7.22119327744	17.2590214976
263780.974915	7.2196441856	17.2604602524
263781.108234	7.21576616618	17.2636295151
263781.241553	7.21407912209	17.265299278
263781.374871	7.21466854485	17.266064727
263781.50819	7.21504009749	17.2627420275
263781.641508	7.21460324865	17.2626442671
263781.774827	7.21494317056	17.2644317388
263781.908145	7.21406983824	17.265175461
263782.041464	7.21354626262	17.2682092473
263782.174783	7.21359234344	17.2746463018
263782.308101	7.21496426909	17.2789865779
263782.44142	7.21598490338	17.2825675895
263782.574738	7.21535467519	17.2820852421
263782.708057	7.21695307892	17.2790592127
263782.841375	7.2204257769	17.2776926678
263782.974694	7.2219908481	17.2787806255
263783.108013	7.22429307697	17.2797916749
263783.241331	7.22619161635	17.2814577944
263783.37465	7.22764471606	17.282749192
263783.507968	7.2269122493	17.279615977
263783.641287	7.22598370252	17.2803705645
263783.774605	7.22484357609	17.2803555366
263783.907924	7.22377868768	17.2806204576
263784.041243	7.22324607369	17.282047952
263784.174561	7.22392853436	17.2834570232
263784.30788	7.223942557	17.2839434612
263784.441198	7.22456007534	17.2823185686
263784.574517	7.22449099753	17.2829190466
263784.707835	7.22345129469	17.2821378897
263784.841154	7.22279336968	17.2842108039
263784.974472	7.22011434871	17.2810638245
263785.107791	7.21485309653	17.2805625142
263785.24111	7.21213894689	17.2801356085
263785.374428	7.21076668352	17.2826423861
263785.507747	7.20673294161	17.2836534928
263785.641065	7.20684631215	17.2864889115
263785.774384	7.21184048643	17.2867230521
263785.907702	7.21620575406	17.2846754925
263786.041021	7.21739561519	17.2819983011
263786.17434	7.21339574267	17.2808165136
263786.307658	7.20885034198	17.2858055969
263786.440977	7.20188650088	17.2923228209
263786.574295	7.19702544683	17.2993513786
263786.707614	7.19565004894	17.3069242505
263786.840932	7.19252294425	17.3140991796
263786.974251	7.18752781602	17.3227597312
263787.107569	7.18540051693	17.3276846505
263787.240888	7.18476595935	17.3344515887
263787.374207	7.18366586806	17.3403082793
263787.507525	7.18330760855	17.343468785
263787.640844	7.18346554665	17.3457462051
263787.774162	7.1866879899	17.3489870117
263787.907481	7.19128973176	17.343404907
263788.040799	7.19897171192	17.3359428586
263788.174118	7.20753875667	17.3247150932
263788.307436	7.21511704929	17.3201961385
263788.440755	7.22076759707	17.3209988918
263788.574074	7.22601574427	17.3218002499
263788.707392	7.22906242594	17.3168114793
263788.840711	7.23080900806	17.3122947833
263788.974029	7.23343221424	17.3158085629
263789.107348	7.23716004067	17.3220077402
263789.240667	7.23970364281	17.3370391911
263789.373985	7.24128759888	17.3516897721
263789.507304	7.23266977341	17.3683346703
263789.640622	7.22855222142	17.3877070849
263789.773941	7.22528235589	17.4016802234
263789.907259	7.22101863555	17.409236901
263790.040578	7.21883820731	17.4201321591
263790.173897	7.21595052082	17.4307470039
263790.307215	7.21397454475	17.4409898644
263790.440534	7.21156006244	17.4499366075
263790.573852	7.21105918114	17.4596999961
263790.707171	7.21055484875	17.4515385059
263790.840489	7.2203365697	17.4339130808
263790.973808	7.22499291042	17.4296655171
263791.107127	7.22802044147	17.4268828285
263791.240445	7.22969513403	17.4309189995
263791.373764	7.23027260463	17.4349791741
263791.507082	7.23147651435	17.435115022
263791.640401	7.23351710911	17.4341080424
263791.77372	7.23430543488	17.4340660958
263791.907038	7.23646522907	17.4315473495
263792.040357	7.2372384209	17.435911322
263792.173675	7.23693054156	17.4267779068
263792.306994	7.23778113033	17.4292477652
263792.440313	7.23972748816	17.4360034375
263792.573631	7.24026804159	17.4487330057
263792.70695	7.24232252358	17.4527743609
263792.840268	7.24437900137	17.450842088
263792.973587	7.24682540781	17.4497434595
263793.106905	7.24767451792	17.455126691
263793.240224	7.24696838865	17.4563504098
263793.373543	7.24716502752	17.4567196512
263793.506861	7.25002885891	17.4551988095
263793.64018	7.25328368845	17.4538140049
263793.773498	7.25343987525	17.4574454602
263793.906817	7.25384898344	17.459510645
263794.040136	7.25203620871	17.4632959187
263794.173454	7.256171895	17.4643961741
263794.306773	7.26003383462	17.464090715
263794.440091	7.26435961457	17.4614496313
263794.57341	7.26537907151	17.4605318471
263794.706729	7.26213381139	17.4585929259
263794.840047	7.25544928893	17.4575823616
263794.973366	7.24797025933	17.4592370867
263795.106684	7.24368745964	17.4576359948
263795.240003	7.24134591527	17.4573078311
263795.373322	7.24186761158	17.456896426
263795.50664	7.24054043337	17.4583794964
263795.639959	7.23876116083	17.4652969156
263795.773277	7.23913799087	17.469175436
263795.906596	7.24048259511	17.4654321172
263796.039915	7.24065826071	17.466466742
263796.173233	7.24742571043	17.4542011062
263796.306552	7.25108488502	17.445275806
263796.43987	7.25173756057	17.4530294169
263796.573189	7.2528501458	17.462852473
263796.706507	7.24979332092	17.4715355852
263796.839826	7.2469113109	17.4749496418
263796.973145	7.25035779379	17.4801979451
263797.106463	7.25794246929	17.4869227675
263797.239782	7.272725937	17.4915093956
263797.3731	7.28133937417	17.4943053468
263797.506419	7.28021823327	17.4948627267
263797.639738	7.2858274023	17.5019608624
263797.773056	7.30029919725	17.5061773845
263797.906375	7.30236633621	17.5089472689
263798.039693	7.29442836025	17.50928164
263798.173012	7.27558314814	17.5132116289
263798.306331	7.25919184081	17.5153671609
263798.439649	7.24634581293	17.5219347256
263798.572968	7.23894023869	17.525906371
263798.706286	7.23250181386	17.5288221032
263798.839605	7.22230876847	17.5349639234
263798.972924	7.21482885984	17.5399633822
263799.106242	7.20364305726	17.5434637721
263799.239561	7.19439304425	17.5511661359
263799.372879	7.18595694721	17.554886193
263799.506198	7.17386108719	17.5566776483
263799.639516	7.1602350377	17.5581144501
263799.772835	7.13537148382	17.5559675596
263799.906154	7.10361238137	17.5493609674
263800.039472	7.06394903276	17.5380805346
263800.172791	7.01452701949	17.5207929644
263800.306109	6.95095721218	17.5063026536
263800.439428	6.8966783535	17.4973366857
263800.572747	6.84736185442	17.4845791349
263800.706065	6.79491984298	17.4532946099
263800.839384	6.74453314148	17.4118418013
263800.972702	6.69447757766	17.3564669415
263801.106021	6.63877808485	17.2836028875
263801.239339	6.60833563922	17.2110739383
263801.372658	6.59734299876	17.1531408597
263801.505977	6.59433019549	17.097251298
263801.639295	6.59045598005	17.0415248935
263801.772614	6.57433383786	16.9894129813
263801.905932	6.54097227007	16.9341347991
263802.039251	6.48451118814	16.86781319
263802.172569	6.42855805101	16.8018287471
263802.305888	6.40073818762	16.7345218164
263802.439207	6.38936311599	16.6589302053
263802.572525	6.39334951035	16.5667761092
263802.705844	6.408540941	16.4637654043
263802.839162	6.4342854284	16.3548593098
263802.972481	6.45573974769	16.2532015229
263803.105799	6.47119377892	16.1728657286
263803.239118	6.48596499659	16.0741224409
263803.372437	6.48076757855	15.9646733209
263803.505755	6.45877351718	15.8401722425
263803.639074	6.44051111034	15.7274386098
263803.772392	7.05518936431	15.5654552118
263803.905711	6.99337990767	15.3868541804
263804.039029	7.09368160618	15.3627920365
263804.172348	7.06952578122	15.3252142309
263804.305667	6.79738313461	15.1518022722
263804.438985	6.79693974765	15.0461321159
263804.572304	6.79292734251	14.9347263638
263804.705622	6.77744676113	14.8211254694
263804.838941	6.76151024117	14.7086774497
263804.97226	6.76338524861	14.6031190448
263805.105578	6.77701831795	14.5074532624
263805.238897	6.80295291613	14.4001047197
263805.372215	6.83829437067	14.2880644344
263805.505534	6.87634571403	14.1696563127
263805.638852	6.89503504563	14.0649533772
263805.772171	6.90742768435	13.9645948816
263805.905489	6.91120788917	13.8449307744
263806.038808	6.90265798232	13.7183737726
263806.172127	6.89588497	13.599973403
263806.305445	6.90166278038	13.4919173532
263806.438764	6.91075927366	13.3860342156
263806.572082	6.92688506331	13.2637161498
263806.705401	6.94735273847	13.1338738689
263806.83872	6.96751563288	13.018360742
263806.972038	6.97734913453	12.905511297
263807.105357	6.98151731186	12.7990328394
263807.238675	6.97601082791	12.6763191729
263807.371994	6.95886272069	12.5514435324
263807.505312	6.9449518664	12.441977935
263807.638631	6.94439866475	12.3402465165
263807.77195	6.94508656362	12.2391946998
263807.905268	6.95601031339	12.1247671268
263808.038587	6.97443383662	12.0047016695
263808.171905	6.99288379861	11.8875595433
263808.305224	6.99034408117	11.780945765
263808.438542	6.98905174252	11.667315819
263808.571861	6.97803983399	11.541291892
263808.705179	6.96392835943	11.4114524318
263808.838498	6.96494642285	11.2937606579
263808.971817	6.97522971268	11.1919276104
263809.105135	6.99457871608	11.0844385783
263809.238454	7.02249580933	10.9675309446
263809.371772	7.0613341477	10.8510354344
263809.505091	7.09189874207	10.7420586782
263809.638409	7.11072053026	10.6400530889
263809.771728	7.12590890482	10.5317389097
263809.905046	7.12818003223	10.4100235329
263810.038365	7.11557639741	10.2858581259
263810.171684	7.11201450472	10.1695163265
263810.305002	7.1115827519	10.0551298146
263810.438321	7.12011797089	9.93179083638
263810.571639	7.13408352042	9.7956265328
263810.704958	7.15486140618	9.66545626051
263810.838276	7.16772857471	9.53843567911
263810.971595	7.17068691349	9.43519191655
263811.104914	7.17064796111	9.32107114288
263811.238232	7.15798783602	9.20308833669
263811.371551	7.14801818593	9.09212739636
263811.504869	7.15185385223	8.98987909973
263811.638188	7.16141277124	8.89512294588
263811.771506	6.9286507659	8.00649724122
263811.904825	6.86002810697	7.9424771837
263812.038143	6.91895445696	7.75521883089
263812.171462	6.83873039976	7.69419895718
263812.304781	6.84045194654	7.61876419222
263812.438099	6.8652006264	7.52260421682
263812.571418	6.89550078095	7.42005273731
263812.704736	6.93177701292	7.32018022823
263812.838055	6.9856940282	7.2320379214
263812.971373	7.0452840821	7.17778760564
263813.104692	7.09266040877	7.1423259062
263813.238011	7.13665150194	7.12523324914
263813.371329	7.16664986999	7.11840963291
263813.504648	7.17700691862	7.14065882039
263813.637966	7.17702032574	7.18013578837
263813.771285	7.16476015552	7.20942344212
263813.904603	7.14551085341	7.212723692
263814.037922	7.11537048997	7.18533880207
263814.171241	7.07286780012	7.12967532154
263814.304559	7.02757741394	7.08482333814
263814.437878	6.98082274132	7.04956264278
263814.571196	6.94040927215	7.03821207213
263814.704515	6.91744290319	7.04182117473
263814.837833	6.90411605005	7.03810564966
263814.971152	6.88284146586	6.96314698529
263815.10447	6.88042922878	6.92447004467
263815.237789	6.87595687369	6.87411181375
263815.371107	6.8695938889	6.81004456014
263815.504426	6.85572980036	6.73321820222
263815.637745	6.84370835003	6.66031584857
263815.771063	6.84678139714	6.60666390019
263815.904382	6.85974813257	6.55362336599
263816.0377	6.88308758921	6.50051590719
263816.171019	6.91842574333	6.43886498074
263816.304337	6.96908298669	6.3702278274
263816.437656	7.02242716209	6.30119017916
263816.570974	7.07165182154	6.24441471116
263816.704293	7.11202271154	6.20177930651
263816.837612	7.16045829763	6.15423969539
263816.97093	7.21239606798	6.0973629643
263817.104249	7.26020420997	6.03073347264
263817.237567	7.29913571513	5.96623654243
263817.370886	7.33560229447	5.92674894961
263817.504204	7.37926297191	5.90340426612
263817.637523	7.4297511048	5.88570886542
263817.770842	7.49657336478	5.87080618348
263817.90416	7.5748823777	5.86738306021
263818.037478	7.66247914759	5.86801634797
263818.170797	7.75043967587	5.86743522341
263818.304116	7.84154082031	5.86643667083
263818.437434	7.943691935	5.85842109799
263818.570753	8.04458562092	5.833740829
263818.704071	8.14913470331	5.81492830511
263818.83739	8.24383625571	5.81569669525
263818.970708	8.33623685799	5.82535709244
263819.104027	8.44076958717	5.84407128955
263819.237346	8.55579181325	5.86919871548
263819.370664	8.67266225855	5.8970591088
263819.503983	8.78721199847	5.91690047932
263819.637301	8.88751433973	5.92206303069
263819.77062	9.00800051538	5.92427071666
263819.903938	9.12968557877	5.91382488264
263820.037257	9.24653175361	5.91636856584
263820.170575	9.35677365107	5.92696417554
263820.303894	9.46652968738	5.94438265405
263820.437213	9.58461569505	5.97129705153
263820.570531	9.70130225381	6.00066535258
263820.70385	9.81148404728	6.02627364982
263820.837168	9.91864020523	6.03918596228
263820.970487	10.0174263468	6.05010907252
263821.103806	10.1290464427	6.0512466978
263821.237124	10.2464335109	6.04656517967
263821.370442	10.3539558955	6.05105797444
263821.503761	10.4632372647	6.06138922563
263821.63708	10.5725805616	6.07472025431
263821.770399	10.6960311454	6.09683122353
263821.903717	10.8154963339	6.12289358798
263822.037036	10.9286547895	6.14138591146
263822.170354	11.23206542	6.17909886668
263822.303673	11.3394479547	6.18084166307
263822.436991	11.457180733	6.17201478316
263822.57031	11.5691851636	6.16043818846
263822.703629	11.673801861	6.16185152447
263822.836947	11.7732449901	6.17161441682
263822.970266	11.8827210805	6.18762043251
263823.103584	11.9983898719	6.20934487922
263823.236903	12.1088957545	6.22987150638
263823.370222	12.214756464	6.24000475259
263823.50354	12.3061684496	6.24191977052
263823.636859	12.41055061	6.23059437062
263823.770178	12.5255222208	6.19943078429
263823.903496	12.6480106401	6.17335227318
263824.036815	12.7626711397	6.15347405834
263824.170133	12.8776601156	6.14240627501
263824.303452	13.0131186832	6.13876044659
263824.436771	13.1469391496	6.1407029117
263824.570089	13.2732645832	6.14479325573
263824.703408	13.4047351894	6.13923051219
263824.836727	13.5223568184	6.13192193588
263824.970045	13.6568421957	6.11762015605
263825.103364	13.7870061983	6.0970129721
263825.236682	13.9059501394	6.09067901909
263825.370001	14.0176505966	6.08934201912
263825.503319	14.1378575723	6.09964451838
263825.636638	14.2793929789	6.11904258997
263825.769956	14.410743908	6.134222271
263825.903275	14.5456418611	6.14787554405
263826.036594	14.6633853502	6.15084484933
263826.169912	14.797160297	6.14988772344
263826.303231	14.939719852	6.12984363966
263826.43655	15.0691348613	6.11345059965
263826.569868	15.1948486288	6.11104962914
263826.703187	15.3179987992	6.1107711972
263826.836505	15.4613896688	6.11438009032
263826.969824	15.6002057159	6.12568646346
263827.103142	15.7325567556	6.13543136953
263827.236461	15.8560913482	6.13395932142
263827.36978	15.9820668233	6.12709092333
263827.503098	16.1159854584	6.10705709296
263827.636417	16.2434929433	6.08356730365
263827.769735	16.372548068	6.07847450625
263827.903054	16.4947554807	6.07414919801
263828.036372	16.6295791991	6.079429145
263828.169691	16.7700385259	6.08763880508
263828.30301	16.9041931995	6.0968235285
263828.436328	17.0355422387	6.09765376716
263828.569647	17.1582335539	6.08948218301
263828.702965	17.2953181308	6.07860125999
263828.836284	17.4162505206	6.05233493955
263828.969602	17.5316271297	6.01937277702
263829.102921	17.6350572717	5.98734057243
263829.23624	17.7468693878	5.96263921429
263829.369558	17.8645893751	5.95368296519
263829.502877	17.9776838589	5.954147545
263829.636195	18.0817062037	5.95940802865
263829.769514	18.1755939061	5.95770188294
263829.902833	18.2671286584	5.94947561257
263830.036151	18.3688101192	5.93919099208
263830.16947	18.47201451	5.92398263474
263830.302788	18.5670142921	5.91726274007
263830.436107	18.6631139669	5.92268353469
263830.569425	18.7649603474	5.93134461824
263830.702744	18.884218325	5.94942824868
263830.836063	19.0028676831	5.96542162021
263830.969381	19.1037075403	5.97813138389
263831.1027	19.2081750345	5.98484511974
263831.236018	19.3146585272	5.98349134975
263831.369337	19.433052289	5.97352389944
263831.502655	19.5551144603	5.96203813696
263831.635974	19.6610804243	5.96256441062
263831.769292	19.7647253896	5.97518775273
263831.902611	19.8832375674	5.99284268424
263832.035929	20.0024689961	6.01777214518
263832.169248	20.1185166428	6.03794177077
263832.302567	20.2222812158	6.0477094879
263832.435885	20.3223530401	6.04960233309
263832.569204	20.4279802399	6.04162065525
263832.702523	20.5535110663	6.01948191049
263832.835841	20.6784041697	5.99190954728
263832.96916	20.7916996166	5.97814531078
263833.102478	20.9146626338	5.97170539577
263833.235797	21.0380899265	5.97097751614
263833.369115	21.1717269163	5.97594270126
263833.502434	21.3010469504	5.97688311387
263833.635752	21.419497659	5.97562230798
263833.769071	21.5268576585	5.96992120135
263833.902389	21.6471773289	5.95504041449
263834.035708	21.7702409486	5.93335663254
263834.169027	21.8785456221	5.92196496435
263834.302345	21.9917444022	5.92348440069
263834.435664	22.1030493289	5.93329038755
263834.568982	22.2254978207	5.95010393172
263834.702301	22.3508680935	5.97106009527
263834.835619	22.4638726599	5.98789294668
263834.968938	22.5731921938	5.99083095601
263835.102257	22.6823389709	5.98897269022
263835.235575	22.7990704824	5.97235653148
263835.368894	22.9193319458	5.95078902554
263835.502212	23.0281838209	5.94391543994
263835.635531	23.1309660201	5.94679639863
263835.768849	23.2397177071	5.95212186473
263835.902168	23.3558919699	5.9613760669
263836.035487	23.4735523601	5.97549766319
263836.168805	23.580872208	5.9897171687
263836.302123	23.6681573774	5.99644157207
263836.435442	23.7594498417	6.002026156
263836.568761	23.8564917911	5.99766678097
263836.702079	23.9593244126	5.98479634742
263836.835398	24.070243036	5.973417548
263836.968716	24.1633042738	5.97758120265
263837.102035	24.2374353861	5.99558459902
263837.235353	24.3160543641	6.0142596813
263837.368672	24.3955689922	6.03996073049
263837.501991	24.4831324053	6.07998936003
263837.635309	24.5683958794	6.12216470341
263837.768628	24.6428910962	6.16519370723
263837.901946	24.7087508825	6.21133748853
263838.035265	24.776305803	6.26141356177
263838.168583	24.845495683	6.3087153049
263838.301902	24.9095017846	6.35033954496
263838.43522	24.9621570402	6.40217015041
263838.568539	25.001489107	6.44832411575
263838.701858	25.0429563999	6.50082880623
263838.835176	25.0948710858	6.56447963405
263838.968495	25.1468527131	6.643036203
263839.101813	25.1949602901	6.72103122551
263839.235132	25.2443116379	6.78924641498
263839.36845	25.2988319709	6.84876079464
263839.501769	25.4046875606	6.95082060325
263839.635088	25.4833663676	7.00770520425
263839.768406	25.5575998769	7.05520163564
263839.901725	25.6385007032	7.08882473345
263840.035043	25.7157865111	7.11535912599
263840.168362	25.7986599049	7.14149179141
263840.30168	25.8742897976	7.1655068895
263840.434999	25.948653272	7.19195841631
263840.568317	26.0301275384	7.21105460232
263840.701636	26.1149581369	7.21226375576
263840.834954	26.215878901	7.20241610261
263840.968273	26.3259724238	7.17964319907
263841.101592	26.4333439199	7.16186234626
263841.23491	26.5348987475	7.15537862882
263841.368229	26.642727804	7.15645425338
263841.501548	26.7615593096	7.16615918931
263841.634866	26.8866095127	7.17879647941
263841.768184	27.0004983021	7.18526202405
263841.901503	27.1062394992	7.17944965591
263842.034822	27.2088603001	7.16646953171
263842.16814	27.3196178186	7.14431429294
263842.301459	27.43692586	7.11218613841
263842.434777	28.0637078976	7.04899775221
263842.568096	28.1771547852	7.05065893495
263842.701414	28.2792860288	7.05657305186
263842.834733	28.4003187235	7.05512515369
263842.968052	28.5226608165	7.05775047
263843.10137	28.6363507135	7.06133786931
263843.234689	28.7442816711	7.0550295818
263843.368007	28.8502060572	7.04604434251
263843.501326	28.9721203222	7.02299936736
263843.634644	29.0940410361	6.99604287609
263843.767963	29.2144791106	6.98402980747
263843.901282	29.3280374985	6.97387832745
263844.0346	29.4407554278	6.9738785581
263844.167919	29.5702100743	6.98040105069
263844.301237	29.7057009468	6.99517377815
263844.434556	29.8389684478	7.00572145894
263844.567874	31.0243846221	6.67054667482
263844.701193	31.1742358202	6.66408508975
263844.834511	31.318436422	6.72187775312
263844.96783	31.4292539952	6.76050605736
263845.101149	31.5884325373	6.79799543638
263845.234467	31.714112557	6.85450409319
263845.367786	31.8083506126	6.9898784812
263845.501104	31.8933687042	7.08179070396
263845.634423	32.0233115514	7.09235687924
263845.767741	32.1528269495	7.09074081798
263845.90106	32.2767960148	7.08270823174
263846.034379	32.4085152095	7.06819512893
263846.167697	32.5335917096	7.04736343381
263846.301016	32.6430744996	7.03795236058
263846.434334	32.7425184434	7.04165021815
263846.567653	32.8447628677	7.05316916314
263846.700971	32.9435664809	7.08296215582
263846.83429	33.0543066702	7.12029099966
263846.967608	33.1514630291	7.15460560191
263847.100927	33.2373040308	7.17432113937
263847.234246	32.6289623411	7.69958220409
263847.367564	32.659800512	7.70923642814
263847.500883	32.7570409598	7.71244661831
263847.634201	32.8513463692	7.73232947922
263847.76752	32.9365597593	7.76329268699
263847.900838	33.0160937183	7.79051668887
263848.034157	33.2544535598	7.91762839075
263848.167476	33.2611805424	7.86155112513
263848.300794	33.4572044681	8.00112426681
263848.434113	33.4810342586	8.04979250275
263848.567431	33.5444877678	8.0666274623
263848.70075	33.6586901847	8.03069568346
263848.834068	33.7501088799	8.02032897801
263848.967387	33.8481322322	7.99604008154
263849.100706	33.950843952	7.97626340301
263849.234024	34.0443877364	7.97284514312
263849.367343	34.128041424	7.9846333978
263849.500661	34.2232988819	8.00364777982
263849.63398	34.3268259026	8.0336205755
263849.767298	34.4285183959	8.07503236628
263849.900617	34.5089999625	8.11840361874
263850.033936	34.5764921811	8.17033461647
263850.167254	34.6374541939	8.23398851967
263850.300573	34.70216226	8.30276467678
263850.433891	34.7695378486	8.36719378628
263850.56721	34.8278921638	8.4260401524
263850.700528	34.8569243868	8.49494211481
263850.833847	34.872623885	8.56226545516
263850.967166	34.8841463946	8.63976174328
263851.100484	34.8936727205	8.72518505167
263851.233803	34.9005659134	8.82891574139
263851.367121	34.9036564297	8.93184284525
263851.50044	34.9154539715	9.03244312561
263851.633759	34.9278991037	9.14126035349
263851.767077	34.9446709206	9.26179508109
263851.900396	34.9622794168	9.38167036362
263852.033714	34.965455628	9.4932142567
263852.167033	34.9555189041	9.59946730568
263852.300351	34.9398821837	9.70406719371
263852.43367	34.9193460124	9.82157874236
263852.566989	34.8983926195	9.93991753113
263852.700307	34.8907508599	10.0567105772
263852.833626	34.8891385065	10.1598519618
263852.966944	34.8928359447	10.2783893106
263853.100263	34.9045383113	10.3965623494
263853.233581	34.9173299598	10.5048411291
263853.3669	34.9146546102	10.6103442163
263853.500219	34.9003672716	10.7085415994
263853.633537	34.8798869973	10.817833916
263853.766856	34.8554474695	10.9335670642
263853.900174	34.8312703352	11.043080345
263854.033493	34.8102825525	11.1474588
263854.166812	34.7985350447	11.2439663135
263854.30013	34.8033107651	11.3486093682
263854.433449	34.8230390275	11.4578606641
263854.566767	34.852151092	11.5645242278
263854.700086	34.872948873	11.6568762299
263854.833404	34.8931546644	11.7532302251
263854.966723	34.9077533458	11.8566174782
263855.100042	34.9188403949	11.9746731102
263855.23336	34.9278999525	12.08672527
263855.366679	35.1325531677	12.341955571
263855.499997	35.1332691081	12.4394182486
263855.633316	35.136358748	12.5435855478
263855.766634	35.1458241947	12.6504391061
263855.899953	35.1473620283	12.7454391649
263856.033272	35.1336420942	12.8412411117
263856.16659	35.1122263767	12.9306575343
263856.299909	35.0775915027	13.0181025863
263856.433227	35.0418199354	13.1042302437
263856.566546	34.9912417253	13.1860557822
263856.699864	34.9431818988	13.2472000214
263856.833183	34.8839936829	13.2943910872
263856.966502	34.8190947238	13.3375869668
263857.09982	34.7525544907	13.3815832333
263857.233139	34.6901051691	13.423828231
263857.366457	34.6303947691	13.4510896274
263857.499776	34.5831837056	13.466450327
263857.633094	34.5323264156	13.4826630427
263857.766413	34.4578477818	13.4966934387
263857.899732	34.3672155705	13.5175289822
263858.03305	34.2686469091	13.5266908092
263858.166369	34.1660103665	13.522877277
263858.299687	34.0637609528	13.5274829035
263858.433006	33.9583178526	13.5318814865
263858.566325	33.8426734076	13.5462412472
263858.699643	33.7229223406	13.5626718909
263858.832962	33.6085659738	13.5630480271
263858.96628	33.496688383	13.5496592597
263859.099599	33.3807245294	13.5216322256
263859.232917	33.2568012526	13.4925831918
263859.366236	33.1343464358	13.4662495263
263859.499555	33.0138329072	13.4472700365
263859.632873	32.9021665838	13.435693827
263859.766192	32.7892392994	13.4294020833
263859.89951	32.3221532926	14.0408726857
263860.032829	32.1980987755	14.0423502243
263860.166148	32.0813973131	14.0424324991
263860.299466	31.975678271	14.0394314571
263860.432785	31.862859174	14.0364413161
263860.566103	31.7347384298	13.9148135184
263860.699422	31.6391573875	13.8649026444
263860.832741	31.5202706652	13.8731175913
263860.966059	31.412611763	13.8878091155
263861.099378	31.2944808856	13.9101011749
263861.232696	31.1693944348	13.9399709912
263861.366015	31.0543850664	13.9690975646
263861.499333	30.9467189449	13.9837194621
263861.632652	30.8450938271	13.9945481057
263861.765971	30.7343243015	14.0034797235
263861.899289	30.6164929887	14.001511522
263862.032608	30.497658192	13.9898652049
263862.165926	30.3821794818	13.9776195689
263862.299245	30.2789161532	13.9736180855
263862.432564	30.1599444094	13.9732560649
263862.565882	30.0368765301	13.9828395244
263862.699201	29.9263554419	13.9922279561
263862.832519	29.8217034711	13.9932565098
263862.965838	29.7187438126	13.9912141549
263863.099157	29.6076685609	13.9894402166
263863.232475	29.4912796325	13.9848995402
263863.365794	29.3663748418	13.9748276351
263863.499112	29.2606392763	13.9799497719
263863.632431	29.1692741256	13.9976167394
263863.765749	29.0738080355	14.0135473902
263863.899068	28.976163298	14.0356154586
263864.032387	28.8751497521	14.0610690152
263864.165705	28.7849802586	14.0873586507
263864.299024	28.7164031824	14.1182760733
263864.432342	28.6392244041	14.1564090917
263864.565661	28.5594771359	14.1969196842
263864.69898	28.4760659858	14.2360306806
263864.832298	28.4181196964	14.2783324246
263864.965617	28.3814564187	14.3310044871
263865.098935	28.362519536	14.3849551921
263865.232254	28.3569373213	14.4435935872
263865.365572	28.3604341881	14.515134431
263865.498891	28.3695288198	14.6038173695
263865.63221	28.3876891155	14.7033341095
263865.765528	28.4004370895	14.7894365074
263865.898847	28.4028182772	14.8628222522
263866.032165	28.3968918314	14.9433508768
263866.165484	28.3843312877	15.0364969774
263866.298803	28.3677183004	15.1429188104
263866.432121	28.3470770692	15.2657586358
263866.56544	28.3343590217	15.3835654818
263866.698758	28.3399127915	15.4846403791
263866.832077	28.3476884169	15.5887211785
263866.965396	28.3647308943	15.7036368963
263867.098714	28.3890778077	15.8288837961
263867.232033	28.4021919405	15.9456670341
263867.365351	28.4022433612	16.047973271
263867.49867	28.3987684097	16.1666896993
263867.631988	28.3891624494	16.2941490577
263867.765307	28.3795986505	16.4181365545
263867.898626	28.3689951315	16.5350053205
263868.031944	28.3700765013	16.6394879412
263868.165263	28.3753329165	16.7473912173
263868.298581	28.390965267	16.8622816508
263868.4319	28.4067927716	16.9742061419
263868.565219	28.4091543441	17.0735825026
263868.698537	28.4074044443	17.1585158756
263868.831856	28.408212395	17.2176981341
263868.965174	28.3874730872	17.2600830549
263869.098493	28.3249836441	17.3002620283
263869.231812	28.2411393421	17.3264688866
263869.36513	28.1370046332	17.3421824
263869.498449	28.0383583681	17.343925377
263869.631767	27.9553769761	17.3377304609
263869.765086	27.8814592022	17.335562259
263869.898404	27.8031781785	17.3407633482
263870.031723	27.7175356833	17.3661110783
263870.165042	27.6265171593	17.4065135323
263870.29836	27.5323079208	17.4287481758
263870.431679	27.4532792829	17.4461313286
263870.564997	27.3791986655	17.4530584213
263870.698316	27.284006004	17.4561122077
263870.831635	27.1816639989	17.4580875766
263870.964953	27.0792689368	17.4605208592
263871.098272	26.978449527	17.4655454581
263871.23159	26.8846314018	17.4779774932
263871.364909	26.7789813104	17.4994379376
263871.498227	26.6714302255	17.5335921254
263871.631546	26.5631957084	17.5669726723
263871.764865	26.4544953828	17.5842252583
263871.898183	26.3525622368	17.5979008509
263872.031502	26.2448128104	17.6068712034
263872.164821	26.12489223	17.6148113096
263872.298139	26.0166969364	17.6049371589
263872.431457	25.8963297968	17.5998438202
263872.564776	25.8732722534	17.6247304725
263872.698095	25.7423366734	17.6203339735
263872.831413	25.6086490684	17.6444815242
263872.964732	25.4878641147	17.6617661574
263873.09805	25.3778705895	17.673548285
263873.231369	25.2412151071	17.6573507198
263873.364688	25.1272459591	17.6566415646
263873.498006	25.0008643732	17.6449697554
263873.631325	24.8686898894	17.628812644
263873.764643	24.7438373314	17.6191488371
263873.897962	24.6310425984	17.6179951041
263874.031281	24.5073278059	17.6264255612
263874.164599	24.3774061772	17.6524702536
263874.297918	24.2571955727	17.6767921256
263874.431236	24.1397199774	17.6888381626
263874.564555	24.0306091027	17.6920919332
263874.697874	22.547970204	17.5485188265
263874.831192	22.4261773022	17.5438165335
263874.964511	22.2980914701	17.5382361006
263875.097829	22.1751463658	17.5378324736
263875.231148	22.0713087103	17.5465161892
263875.364467	21.9529888654	17.5657901402
263875.497785	21.8240983009	17.5956342752
263875.631104	21.7070797034	17.6209821339
263875.764422	21.5943935664	17.6343253316
263875.897741	21.4919353967	17.6402569717
263876.031059	21.3841086766	17.6419034319
263876.164378	21.2696586315	17.6252002201
263876.297697	21.155784209	17.6057306462
263876.431015	21.0474641773	17.5940327352
263876.564334	20.948313727	17.5852544776
263876.697652	20.8363399161	17.5767160599
263876.830971	20.7132715623	17.577255677
263876.964289	20.6007484638	17.5803612227
263877.097608	20.4898274868	17.5773150852
263877.230927	20.3845590332	17.5685674234
263877.364245	20.2619735467	17.5480971182
263877.497564	20.1207493633	17.5242502647
263877.630882	19.9958552246	17.5037687851
263877.764201	19.8728535344	17.5014533793
263877.89752	19.7460381418	17.5040163108
263878.030838	19.6172570238	17.519302698
263878.164157	19.4813781727	17.5397971832
263878.297475	19.3616106464	17.5512132262
263878.430794	19.2482243662	17.5499146241
263878.564112	19.1291094647	17.546056081
263878.697431	19.0094531426	17.5368238181
263878.83075	18.8799084548	17.5256941294
263878.964068	18.7530214551	17.5163831201
263879.097387	18.6314212167	17.5176952249
263879.230705	18.5066086764	17.5251005404
263879.364024	18.3685875192	17.5500552301
263879.497343	18.2354806244	17.5786501016
263879.630661	18.1091185383	17.5933365852
263879.76398	17.9826010509	17.602095915
263879.897298	17.8405046462	17.607839596
263880.030617	17.6898860043	17.6049816217
263880.163936	17.5524561825	17.5958235979
263880.297254	17.4172917916	17.5973962136
263880.430573	17.2998289592	17.6013186002
263880.563891	17.1619482652	17.6114822227
263880.69721	17.0285680491	17.628801661
263880.830529	16.8998215508	17.6396202409
263880.963847	16.7770723541	17.6392808025
263881.097166	16.6482422001	17.628543977
263881.230484	16.5071165713	17.6135988979
263881.363803	16.3725134011	17.5992723114
263881.497121	16.2440631501	17.5902300872
263881.63044	16.1248630065	17.5968235503
263881.763759	16.0065969658	17.6122301372
263881.897077	15.8801250155	17.6378020941
263882.030396	15.7637029621	17.6575824906
263882.163714	16.9511539285	17.6370128117
263882.297033	16.8440426784	17.6436004221
263882.430351	16.7236202432	17.6422013906
263882.56367	16.5931282653	17.6309068292
263882.696989	16.466274782	17.61854112
263882.830307	16.3476550025	17.6157545611
263882.963626	16.2335158229	17.616780957
263883.096944	16.1047323961	17.6229836569
263883.230263	15.9726068418	17.6386648685
263883.363582	15.853089206	17.6456283688
263883.4969	15.7263521843	17.64256982
263883.630219	15.6024482718	17.6328498681
263883.763537	15.4583810914	17.6168757474
263883.896856	15.3176038158	17.5960766161
263884.030175	15.1826483042	17.5811583319
263884.163493	15.062129261	17.5819166985
263884.296812	14.9456959808	17.5916844903
263884.43013	14.8153815942	17.6105257923
263884.563449	14.6936901406	17.6276757255
263884.696767	14.5716622397	17.632967948
263884.830086	14.4588340012	17.6352817962
263884.963405	14.3394065464	17.6338934364
263885.096723	14.2190977296	17.6280763408
263885.230042	14.1051385875	17.6192979323
263885.363361	13.9929243031	17.6173975992
263885.496679	13.888915341	17.6266543441
263885.629997	13.778494982	17.6483191312
263885.763316	13.6762503697	17.674021876
263885.896635	13.5803357147	17.6755031413
263886.029953	13.4878631121	17.6643832973
263886.163272	13.3883810276	17.6454575081
263886.296591	13.2809150735	17.6163828249
263886.429909	13.1658272016	17.580838609
263886.563228	13.0624187482	17.5561180719
263886.696546	12.9626194015	17.5475908129
263886.829865	12.855298429	17.5491810607
263886.963184	12.7464453526	17.5655125125
263887.096502	12.6354177438	17.5864559284
263887.229821	12.526461363	17.5987473285
263887.363139	12.4245562371	17.6062821415
263887.496458	12.3146341424	17.6103149013
263887.629776	12.1958985952	17.6129245535
263887.763095	12.076704182	17.6098896055
263887.896414	11.9559631002	17.6100786147
263888.029732	11.8508516235	17.6216949278
263888.163051	11.7388687246	17.6382805349
263888.296369	11.6266383428	17.6687103324
263888.429688	11.5218272665	17.6905600282
263888.563006	11.4196952455	17.701145553
263888.696325	11.32306571	17.703272641
263888.829644	11.2120369511	17.6991538539
263888.962962	11.088607914	17.6908027808
263889.096281	10.9692062139	17.6782329098
263889.2296	10.8568662104	17.6752725844
263889.362918	10.7467799056	17.6782638842
263889.496237	10.6281897278	17.6912805461
263889.629555	9.7388987784	17.6810294674
263889.762874	9.59249383017	17.6879045385
263889.896193	9.47795940437	17.6826237359
263890.029511	9.43015521468	17.5363499167
263890.16283	9.29612307302	17.5339678799
263890.296148	9.17688547844	17.5248945107
263890.429467	9.05020002367	17.5157393886
263890.562785	8.94068186842	17.5099741532
263890.696104	8.83156424662	17.5117013292
263890.829423	8.7145688865	17.5142972578
263890.962741	8.60451653648	17.5204571488
263891.09606	8.49424555126	17.5233599939
263891.229378	8.39133640533	17.5203313513
263891.362697	8.27574339177	17.508387042
263891.496016	8.14997070082	17.4921641109
263891.629334	8.03138554075	17.4771501136
263891.762653	7.91723672266	17.4765485241
263891.895971	7.8184355716	17.481389156
263892.02929	7.7073934235	17.4931151104
263892.162608	7.75873230552	17.652950968
263892.295927	7.64737296267	17.6677580196
263892.429246	7.54542978313	17.6732130985
263892.562564	7.44404964209	17.6764046322
263892.695883	7.31629753117	17.6732846445
263892.829201	7.20024471662	17.6850511819
263892.96252	7.08917409049	17.6895233174
263893.095839	6.99009459516	17.7061524882
263893.229157	6.90857436941	17.7249065344
263893.362476	6.82605100991	17.7484298221
263893.495794	6.74134399435	17.7840797806
263893.629113	6.66093772035	17.8274556732
263893.762432	6.59892233515	17.8651728104
263893.89575	6.54550234473	17.8867620856
263894.029069	6.50170519079	17.8974206646
263894.162387	6.46369296743	17.8936084212
263894.295706	6.41674043229	17.8798863379
263894.429024	6.37327902539	17.8534920927
263894.562343	6.32957787313	17.8181588038
263894.695662	6.30202187812	17.7782316284
263894.82898	6.28046548364	17.7317387848
263894.962299	6.2707564967	17.6817153386
263895.095618	6.27948297981	17.628661691
263895.228936	6.29802486118	17.5732230734
263895.362255	6.32629319384	17.5236872337
263895.495573	6.36754109238	17.4974959846
263895.628892	6.4082439959	17.4909381322
263895.76221	6.45238084556	17.5043616249
263895.895529	6.48736553458	17.5390481183
263896.028847	6.50268832974	17.571595344
263896.162166	6.52042980035	17.6003876097
263896.295485	6.54877501091	17.6198549617
263896.428803	6.56422048326	17.638921037
263896.562122	6.57747000107	17.6489482152
263896.69544	6.58902246754	17.6501299404
263896.828759	6.5952080859	17.653795885
263896.962078	6.59518577646	17.6608575645
263897.095396	6.60080070457	17.6672739894
263897.228715	6.5991213701	17.6735221008
263897.362033	6.59792653509	17.6775680085
263897.495352	6.59785529433	17.6775410873
263897.628671	6.59660393057	17.6779960474
263897.761989	6.59352424958	17.6787589688
263897.895308	6.58810376764	17.67060442
263898.028626	6.58051137382	17.6642892592
263898.161945	6.57699035887	17.6567695445
263898.295263	6.57891343425	17.6471596189
263898.428582	6.57970417225	17.6377502252
263898.561901	6.57811126927	17.6354234257
263898.695219	6.57671040844	17.6356636962
263898.828538	6.57422872372	17.6379740297
263898.961856	6.57379677585	17.6439054857
263899.095175	6.572672584	17.6527839053
263899.228494	6.57199752868	17.6591083279
263899.361812	6.57345206218	17.6628525031
263899.495131	6.5779770978	17.6619514695
