USER POSITION
385.935471541	38.5098296368	6.44446706294
385.985497708	38.5091145629	6.44274012273
386.035523833	38.509301376	6.44562269319
386.08555025	38.5086583595	6.44206964005
386.135576375	38.5087498688	6.44613981818
386.185602625	38.5089608581	6.452636933
386.235628666	38.5100032825	6.45825076805
386.285655041	38.5123201787	6.46529101312
386.335681208	38.5145501918	6.47203833312
386.385707375	38.5176265763	6.47927460477
386.435733458	38.5209737435	6.48574029605
386.485759583	38.5241482879	6.49136770362
386.535786125	38.528790052	6.49577431117
386.585812208	38.5342851149	6.50092784298
386.635838416	38.5416949789	6.5031283626
386.685864583	38.5510088506	6.50474160658
386.735890708	38.5617323359	6.50416740228
386.785916958	38.5728693473	6.50532958502
386.835943208	38.5873329306	6.50455340018
386.885969333	38.6034596839	6.50542739283
386.935995583	38.6220699046	6.50444558579
386.98602175	38.6425424329	6.50270987062
387.036048125	38.6660368625	6.50109932636
387.086074125	38.6920493967	6.49840616815
387.136100375	38.7188511314	6.49537502179
387.186126458	38.7439611475	6.492359773
387.236152833	38.7689886854	6.49086065431
387.286178958	38.7923909911	6.48900482017
387.33620525	38.8149007908	6.48752070412
387.386231333	38.8351325223	6.48509486867
387.436257458	38.8553598249	6.48348290165
387.486283833	38.8776171752	6.48447814113
387.536309958	38.9008567326	6.48562914087
387.586336125	38.924919698	6.48914594884
387.636362333	39.522603856	6.57630480722
387.6863885	39.5416693967	6.65750838185
387.736414833	39.5437184367	6.76644885974
387.786440916	39.570831901	6.88841256826
387.836467208	39.6343840846	6.760665646
387.88649325	39.6709167451	6.603670233
387.9364975	39.7105427372	6.87602168592
388.003154833	39.7474371217	6.83696257767
388.069812208	39.8349907842	6.54152120513
388.1364695	39.8639876613	6.79261652722
388.203126916	39.9120016896	6.84590662717
388.269784375	39.9692479396	6.8372402818
388.336441708	39.9946286979	6.74830650993
388.403099125	40.060929156	6.98795672879
388.469756458	40.088219467	7.0895140634
388.536413833	40.1476948057	6.82368811187
388.603071125	40.2017823891	6.82642861678
388.6697285	40.2784025816	6.85771548919
388.736385875	40.3201530514	6.86403816116
388.803043291	40.3803878325	6.82194009606
388.86970075	40.4286440405	6.88763293257
388.936358	40.4901105107	6.78819798919
389.003015583	40.5312399316	6.85465855078
389.069672833	40.5769860626	6.81962147743
389.136330166	40.6205801622	6.85020964879
389.202987458	40.6824663259	6.73410362698
389.269644875	40.7547690797	6.64020908924
389.336302166	40.7987818218	7.14859179359
389.402959708	40.9034820925	6.49610032972
389.45298575	40.9327010282	6.53156703177
389.503012083	40.9709114157	6.57157729437
389.553038333	40.9922004752	6.603162207
389.603064583	41.0211432972	6.63416088653
389.653090666	41.0409455274	6.66233652671
389.703116875	41.068972479	6.69602344926
389.753142958	41.0882515692	6.72369824061
389.803169291	41.1132735411	6.7538202653
389.853195541	41.1329860575	6.78348299675
389.903221666	41.1559323848	6.81560797641
389.953247916	41.1785442714	6.84863943575
390.00327425	41.1988054196	6.88152891665
390.053300458	41.2209420366	6.9135271951
390.103326458	41.2411891647	6.94719113028
390.153352625	41.2619877466	6.98259713278
390.203378958	41.2715342637	7.01043404526
390.253405208	41.2820087213	7.03853432501
390.303431291	41.2921182971	7.07344650885
390.353457541	41.2987884665	7.10773338637
390.40348375	41.300110656	7.14029103368
390.453509875	41.3002594865	7.17277257228
390.50353625	41.2988706661	7.20974480053
390.553562375	41.2935137176	7.24927146499
390.603588666	41.2880932808	7.29815312439
390.65361475	41.2801907613	7.3402502551
390.703640875	41.2755456202	7.3800435172
390.753667291	41.2721415858	7.42157353586
390.803693416	41.2660597684	7.46579185132
390.853719583	41.2619095532	7.50246408084
390.903745833	41.2543058915	7.53074887141
390.953772041	41.2502650705	7.56301098099
391.003798333	41.2416933242	7.60043738965
391.053824458	41.2374953153	7.63531606969
391.103850583	41.228451287	7.67498501035
391.153876875	41.2223134383	7.71231424571
391.203903208	41.2165307594	7.75965597599
391.253929291	41.2111309795	7.79945589027
391.3039555	41.2018044837	7.84873655357
391.35398175	41.1970511289	7.88973569037
391.404007875	41.5677197915	8.21329003482
391.454034125	41.576196685	8.2561520492
391.504060416	41.5614919837	8.31091582756
391.554086458	41.5644279929	8.35065783996
391.604112708	41.5588810676	8.39773842322
391.654138875	41.5574714211	8.43338804308
391.704165125	41.5499986579	8.47484004316
391.754191333	41.5819615016	8.52430097043
391.804217625	41.5616682339	8.56149778988
391.854243666	41.5776657321	8.60874999492
391.904269833	41.5692740596	8.66289007464
391.954296291	41.5611607354	8.70507399184
392.004322458	41.552899202	8.7613291753
392.054348666	41.4996960073	8.83451860086
392.10437475	41.4944405793	8.8805524034
392.154401083	41.4958142208	8.91612047911
392.204427166	41.4972843811	8.96506154191
392.254453333	41.5197051225	9.00674986927
392.304479541	41.5159899259	9.08613691291
392.354505833	41.5200712196	9.12750162301
392.404532125	41.5114229107	9.1903729587
392.454558333	41.5039163559	9.23327620277
392.504584458	41.5566052586	9.27329514982
392.554610625	41.491822268	9.33082017856
392.604636708	41.5188186669	9.38924917486
392.654663083	41.5281594729	9.43506195194
392.704689375	41.5335257701	9.49342230967
392.7547155	41.5447380585	9.53860766888
392.804741583	41.5518773219	9.59289382843
392.85476775	41.5607503299	9.6382579798
392.904794125	41.5644006734	9.68802569516
392.954820333	41.5726137567	9.73265072584
393.004846541	41.5760647672	9.78472002031
393.054872666	41.5817939218	9.83168013091
393.104898958	41.584871618	9.87630566044
393.154925291	41.5899505081	9.9249495632
393.204951458	41.5976639608	9.97599670952
393.254977583	41.6063555254	10.0270107351
393.30500375	41.6183758328	10.0757839635
393.355030083	41.6321663912	10.1179904263
393.405056166	41.6486009678	10.1643195542
393.455082416	41.6625846725	10.2034801518
393.505108541	41.672721471	10.2457443945
393.55513475	41.6851971681	10.2830964531
393.605161166	41.6974060703	10.3302805522
393.65518725	41.7095470061	10.369579001
393.705213458	41.7272366468	10.4101743593
393.755239625	41.7422974749	10.451030187
393.805265833	41.7647525777	10.4924122285
393.855292083	41.7839901747	10.5353225881
393.90531825	41.8012815843	10.5751747694
393.955344458	41.8136538647	10.6127577067
394.005370583	41.8268346884	10.6523105825
394.055396791	41.8366809901	10.6913400437
394.105423208	41.8417734412	10.7250315181
394.155449291	41.8485311863	10.7641952127
394.2054755	41.8590347342	10.8152793588
394.255501666	41.866248315	10.8582369979
394.305528041	41.8740141448	10.9046263597
394.355554166	41.8775797158	10.9503054917
394.405580291	41.8845965893	10.9943288728
394.455606541	41.8890676996	11.0401987886
394.505632708	41.8951870604	11.0876801852
394.555659041	41.8962218034	11.1249768648
394.60568525	41.9025022969	11.1653994204
394.655711291	41.9056199382	11.2036775958
394.705737541	41.9094146631	11.2435307181
394.755763791	41.91192003	11.2772657317
394.805790083	41.9154092626	11.3204851539
394.855816291	41.9155406259	11.3581741409
394.905842375	41.9263980141	11.3976460996
394.955868625	41.9295168249	11.439944225
395.005894833	41.9377804216	11.487187184
395.055921083	41.9448396356	11.5296772004
395.105947208	41.9545805966	11.5725853474
395.155973375	41.9566224905	11.6173186423
395.205999583	41.9575900911	11.6598243613
395.256025958	41.9577576685	11.6988636033
395.306052083	41.9559523328	11.7421681488
395.356078291	41.9469960019	11.7832120599
395.406104541	41.9364826411	11.8249549401
395.456130666	42.0186573978	12.0751415816
395.506156875	42.0139536283	12.1044811565
395.556183125	42.0125521215	12.1601357396
395.606209333	42.0129589433	12.2039434093
395.656235583	42.0038229923	12.2450139632
395.706261583	41.992017563	12.2791355039
395.756288	41.9842662227	12.3227043279
395.80631425	41.9772061727	12.3582171903
395.856340375	41.9028872215	12.4567510507
395.906366583	42.0210073749	12.4648346442
395.956392625	42.0161642768	12.5087506425
396.006419041	42.0083213194	12.5491565346
396.056445333	42.0026568439	12.5914488828
396.106471416	41.9798511973	12.6738321848
396.156497666	41.9250492577	12.7655422819
396.206523916	41.915439802	12.8152959212
396.256550125	42.0654753735	12.8011492981
396.30657625	42.004907129	12.8806990713
396.356602541	41.9037121669	12.9706777065
396.40662875	41.9044789608	13.0083502565
396.456655	41.9079096213	13.0405523025
396.506681333	41.9063895437	13.0877774346
396.556707291	41.9067002606	13.1226648801
396.606733666	41.8725285356	13.1932984805
396.656759666	41.8786017622	13.2481969974
396.706786125	41.8255380043	13.2741574384
396.756812208	41.8176215555	13.3137100203
396.806838458	41.8040150799	13.3587156469
396.856864666	41.7972317564	13.4016600612
396.90689075	41.7878641188	13.4479806599
396.956917083	41.7854164668	13.4913854569
397.00694325	41.7760488025	13.5468126467
397.0569695	41.7749128517	13.5855159077
397.106995666	41.7735525675	13.6284079364
397.157021958	41.7731999064	13.6708796132
397.20704825	41.7652969451	13.7243547925
397.257074333	41.7647349643	13.7664132076
397.3071005	41.7609217579	13.815247826
397.357126708	41.7597817344	13.8572575933
397.407153166	41.7605545373	13.8944861479
397.45717925	41.7593861215	13.9348948549
397.507205416	41.7599755144	13.9736326016
397.557231583	41.7603637607	14.0183104189
397.607257791	41.758834088	14.0594061438
397.657284083	41.7543265603	14.0970634272
397.707310375	41.7500066015	14.1304980553
397.757336375	41.7369912431	14.1657233608
397.80736275	41.7256418482	14.206615973
397.85738875	41.7081773265	14.2459628735
397.907415208	41.6953431996	14.296032439
397.957441291	41.6758778025	14.3411265996
398.007467583	41.6648122941	14.3954566449
398.057493708	41.6498078488	14.4456174126
398.107519916	41.6465396545	14.516700929
398.157546291	41.640308818	14.5718234696
398.2075725	41.6376722432	14.6391616346
398.257598583	41.633473755	14.6881280027
398.307624833	41.6293401566	14.7473433652
398.35765125	41.6273908572	14.7947489802
398.407677333	41.6220382409	14.8501315768
398.457703416	41.6233726503	14.890342127
398.507729666	41.615692396	14.9400404821
398.557755791	41.6094459967	14.977400569
398.607782166	41.5980156612	15.0217627559
398.657808333	41.5879199372	15.0601089964
398.707834583	41.577810468	15.1048264464
398.75786075	41.5657655922	15.1404920512
398.807886833	41.5464118701	15.1789435068
398.857913291	41.5261406212	15.2077227783
398.907939458	41.5068863827	15.2403444567
398.957965625	41.4850003056	15.2683968653
399.007991791	41.4662619475	15.2968292278
399.058018	41.4493127035	15.3278355115
399.108044291	41.4361589675	15.3611570965
399.158070541	41.4246846548	15.4011022407
399.208096583	41.4161874309	15.4287552638
399.258122833	41.4069751193	15.471764613
399.308149291	41.3997416289	15.5104316625
399.358175416	41.3920044178	15.5557418111
399.408201541	41.3860019013	15.6027760347
399.458227791	41.3782896757	15.650611629
399.508253916	41.3717043139	15.6877463177
399.558280333	41.3662481902	15.7282121356
399.6083065	41.3513009821	15.7695937676
399.658332583	41.3345543216	15.8138483025
399.708358791	41.3133551857	15.8533486853
399.758385041	41.2913321314	15.8961125261
399.808411333	41.2660179606	15.9333757258
399.8584375	41.2373742192	15.972049762
399.908463666	41.2084133243	16.0027610152
399.958489916	41.1780107047	16.0334163266
400.008516	41.1493237152	16.0587577776
400.058542541	41.1170671825	16.0830230963
400.108568666	41.0814477396	16.1090275631
400.158594708	41.0453053712	16.1301843966
400.208620958	41.0129267201	16.1425866808
400.258647166	40.978460354	16.1537718185
400.3086735	40.9441403617	16.166188043
400.358677458	40.9091090502	16.1746220288
400.425334916	40.8672922659	16.1728683624
400.491992333	40.8288382012	16.1669028773
400.55864975	40.790676359	16.1702344836
400.625307	40.7524840905	16.1765382227
400.691964583	40.7197233513	16.1785487358
400.758622	40.6847561452	16.1802145689
400.825279291	40.6400024386	16.1840226458
400.89193675	40.5988029805	16.1846032904
400.958593958	40.5588339203	16.1802932173
401.025251458	40.5110658344	16.1811215094
401.09190875	40.4590847205	16.1865175357
401.158566291	40.4126044562	16.1923817006
401.225223583	40.3594284947	16.2047929061
401.291881083	40.2953357708	16.2205784705
401.3585385	40.2433969895	16.2295168982
401.425195791	40.1852796371	16.2354557659
401.49185325	40.1116683559	16.2441132122
401.558510541	40.1946500535	16.475958305
401.625167916	40.1366232191	16.4645863631
401.691825291	40.0629279468	16.4423416376
401.75848275	39.9992305052	16.4274322383
401.825140125	39.946841139	16.4325388233
401.891797666	39.8605512302	16.4015398637
401.958454958	39.8250199333	16.3645315783
402.025112375	39.7401668429	16.371213515
402.091769791	39.6780661163	16.3604793637
402.14177375	39.6509014117	16.3687253733
402.191800083	39.5762177269	16.3194066597
402.241826375	39.5441456829	16.3059492867
402.2918525	39.5113697033	16.2725407789
402.341878708	39.4402367447	16.3268134884
402.391904958	39.3925279711	16.3721282127
402.441931083	39.320709042	16.3304824658
402.491957458	39.2816080829	16.3360243374
402.541983666	39.2221930288	16.3625318498
402.592009833	39.1797643033	16.3569104914
402.642036041	39.1379431577	16.3521662205
402.69206225	39.0967983848	16.3489717008
402.7420885	39.0569792198	16.3422077324
402.792114708	39.0132489041	16.332274533
402.842140958	38.9677317587	16.3212347372
402.892167083	38.9202684277	16.3135704717
402.942193375	38.8765228665	16.3059211663
402.992219625	38.8348603754	16.2990005135
403.042245916	38.7886943611	16.2888106554
403.092272125	38.7407878471	16.280258457
403.142298208	38.6897580995	16.272234569
403.1923245	38.6433554005	16.2682093419
403.242350666	38.599792274	16.2638841932
403.292377	38.5496440889	16.2614215931
403.342403083	38.4999657973	16.2574032763
403.392429208	38.4560187178	16.2551574909
403.442455666	38.4108116295	16.2550187892
403.492481875	38.3650306649	16.255607959
403.542508083	38.3205920894	16.2566573031
403.592534166	38.2887386196	16.2596822537
403.642560291	38.2466700188	16.2608093409
403.692586666	38.2101054226	16.263601647
403.742612916	38.1630273335	16.2636352824
403.792639083	38.1291288576	16.2629153283
403.84266525	38.0878127639	16.2627314354
403.892691666	38.0546466936	16.2625810585
403.942717791	38.0170964963	16.2588231191
403.992744	37.9820473388	16.2518858962
404.042770166	37.9411871277	16.2464291324
404.092796333	37.9009007905	16.2390664102
404.142822833	37.8569532272	16.2322089122
404.192848791	37.8211829635	16.2245121297
404.242875125	37.7771117443	16.2179522108
404.292901208	37.7356169629	16.2120783601
404.342927458	37.6877257988	16.2091666749
404.392953833	37.6502144244	16.206541049
404.442980125	37.6099096932	16.205096801
404.493006166	37.566776668	16.2043867751
404.543032333	37.5275608166	16.2058800543
404.593058625	37.4926042121	16.2061934268
404.643084958	37.4521186696	16.2075069598
404.693111083	37.404082638	16.2035511629
404.743137291	37.3646386732	16.2044335671
404.793163458	37.3232968448	16.2035619433
404.843189625	37.2816165809	16.2041104819
404.893216083	37.2369273854	16.2067816443
404.94324225	37.194832896	16.2075129869
404.993268333	37.1564734969	16.2061971606
405.043294541	37.1219916367	16.2082077125
405.093320791	37.0799564004	16.206982556
405.143347125	37.0415933092	16.2025347995
405.193373333	36.9994637763	16.1939883584
405.243399541	36.957616513	16.1846696324
405.293425666	36.9054025039	16.1753986643
405.343451875	36.8599812083	16.1649642351
405.39347825	36.811491297	16.1527989976
405.443504375	36.767717763	16.1400010791
405.493530708	36.7177504063	16.1323439737
405.543556833	36.6716046305	16.1224182962
405.593583125	36.6269547944	16.1187706888
405.643609333	36.5889471844	16.1166907654
405.693635625	36.5366834936	16.116818501
405.743661708	36.4938598576	16.1133960447
405.793687833	36.4505694137	16.1147920623
405.84371425	36.4110997378	16.1157217839
405.893740458	36.3648068189	16.1143979405
405.943766708	36.3218324565	16.115589526
405.993792916	36.2736189508	16.1166373162
406.043819166	36.2294138136	16.1212685519
406.093845375	36.1790479086	16.1283661088
406.143871625	36.1378740228	16.1345324389
406.193897833	36.0903002938	16.1350212249
406.243923916	36.0503927818	16.1380441019
406.293950125	36.0017190983	16.1376985018
406.343976541	35.9588113111	16.1344775861
406.394002625	35.9109161209	16.1269235639
406.444028916	35.8663211416	16.1191339412
406.494055125	35.817439725	16.1122592258
406.544081541	35.7720699043	16.1059189205
406.59410775	35.7259495013	16.103215788
406.644133916	35.6825567778	16.1003505922
406.694160041	35.6322252402	16.0990344152
406.744186166	35.5864033084	16.0967893383
406.794212541	35.538663064	16.0974095495
406.844238791	35.4973646748	16.0995033622
406.894264916	35.4447535477	16.1029230559
406.944291208	35.3985179303	16.1058148519
406.994317291	35.3474371104	16.1070988818
407.04434375	35.3015271583	16.1125261743
407.094369958	35.2517460462	16.1150003972
407.144396125	35.2040408361	16.1203672886
407.194422375	35.1527680378	16.1244782681
407.2444375	35.1052994583	16.1296313701
407.311094958	35.0330846842	16.1378308886
407.377752333	34.9667803804	16.1409871204
407.44440975	34.9077696366	16.1415486493
407.511067083	34.8542818229	16.1387329985
407.5777245	34.8016295867	16.1346362895
407.644381875	34.7418965749	16.1274803623
407.711039291	34.6799508279	16.1276559427
407.777696833	34.6149547145	16.1250053304
407.844354125	34.5516772473	16.1184489333
407.911011541	34.4772640939	16.1175287133
407.977668958	34.4125719526	16.1180252587
408.044326291	34.3529604005	16.1159081257
408.110983583	34.2808320334	16.1153375511
408.177641125	34.2115894563	16.1162547317
408.244298458	34.1460757426	16.1135532278
408.310955958	34.0772711846	16.1155389772
408.377613333	34.014158151	16.116050328
408.444270625	33.9469016717	16.1185708226
408.51092825	33.8813987859	16.1226169021
408.5775855	33.8200422157	16.1250569407
408.644243041	33.7546251722	16.1247834102
408.710900375	33.6871375229	16.1213157614
408.777557916	33.6167128134	16.1152567853
408.844215	33.5439940905	16.1079005802
408.9108725	33.4678450842	16.1037652531
408.977530041	33.393236912	16.0974048799
409.044187291	33.3188431685	16.0908482406
409.110844833	33.2410757727	16.0878010843
409.177502041	33.1707404547	16.0862837388
409.244159708	33.0984189086	16.084190114
409.310816875	33.0230846303	16.0819430448
409.377474333	32.9471758163	16.0817528929
409.444131666	32.8740744243	16.0837158972
409.510789166	32.7964518693	16.0902111841
409.577446625	32.7174724537	16.0993358111
409.644104041	32.6395366436	16.1067809776
409.710761416	32.5657250463	16.1072506606
409.777418708	32.4989236224	16.1100966158
409.844076208	32.436756798	16.1076181192
409.9107335	32.3681568583	16.1038482946
409.977391	32.3001513046	16.1027261682
410.044048541	32.2284811017	16.1010012602
410.110705833	32.1537108973	16.0962731386
410.177363375	32.0770301025	16.0934043032
410.244020541	32.0014935236	16.0970641176
410.310678166	31.9338194092	16.0944102445
410.377335291	31.8591162112	16.0910795528
410.443992916	31.7877736779	16.0899067612
410.510650208	31.7176031099	16.0883584737
410.577307708	31.6433998368	16.0862546786
410.643965083	31.5663354763	16.0859586387
410.710622458	31.4872765137	16.0912274944
410.777279916	31.4118175241	16.0911507356
410.843937291	31.3427717996	16.0876606893
410.91059475	31.2798965787	16.0832460433
410.977251958	31.2146978328	16.0753054178
411.043909541	31.1448483634	16.0662431103
411.110566833	31.073428157	16.0602582021
411.177224375	30.9986978953	16.053823035
411.243881875	30.9224462308	16.0438053222
411.310539083	30.8419586515	16.0370948476
411.3771965	30.7677169871	16.0290759594
411.443853791	30.6962937154	16.0242285003
411.510511291	30.6196614729	16.0208619272
411.57716875	29.2591766933	16.3334963852
411.643826125	29.1905017363	16.3318752787
411.710483416	29.116635773	16.3296147561
411.777140916	29.0471803624	16.3294636469
411.843798416	28.9741237067	16.3328792075
411.910455833	28.8996050351	16.3325697031
411.977113208	28.7862575591	16.3494140363
412.043770541	28.7259421267	16.3228288609
412.110428125	28.6660741316	16.3166835405
412.177085333	28.5954349924	16.3098040845
412.243742833	28.5253468753	16.3031135057
412.31040025	28.4456381023	16.2953470648
412.37705775	28.3695807758	16.2867312486
412.443715125	28.2936427204	16.279762422
412.5103725	28.2172970918	16.2746274939
412.57703	28.1452021987	16.2710546949
412.643687291	28.0682878403	16.2662828735
412.710344916	27.9948653437	16.2624455584
412.777002125	27.9248619118	16.2605413487
412.843659541	27.8542953893	16.2601798084
412.910317	27.7791935903	16.2602361989
412.976974375	27.7075419413	16.2630355921
413.043631833	27.6359037161	16.2641741362
413.11028925	27.5696267122	16.262528061
413.176946625	27.5056918277	16.2588030732
413.243604041	27.4371381187	16.2498835729
413.3102615	27.3639434578	16.2419936671
413.37691875	27.2910428661	16.2364574654
413.44357625	27.2143418709	16.2286489228
413.5102335	27.1382352237	16.2240271106
413.576891	27.0584638799	16.2235478217
413.643548583	26.9838205891	16.2225826593
413.710205833	26.8991704936	16.2210582479
413.776863375	26.8128647539	16.216619228
413.843520666	26.7323107519	16.2153783972
413.910178041	26.6526455178	16.2183681919
413.976835458	26.5757408597	16.2218496369
414.043492875	26.5007033734	16.2240802546
414.110150208	26.4211596835	16.2293520937
414.176807708	26.3436006026	16.2316041768
414.24346525	26.2738424042	16.2302440815
414.310122583	26.2059966735	16.2272659418
414.376779916	26.1379068039	16.2213659369
414.443437291	26.0694432898	16.2160445423
414.510094791	26.0066738887	16.213571652
414.576752083	25.9383953171	16.2075677647
414.643409625	25.8634782459	16.2014704834
414.710066958	25.7788845509	16.2003056814
414.776724416	25.7369072315	16.8791492194
414.843381875	25.6651053053	16.8829541489
414.910039208	25.59369359	16.885595534
414.97669675	25.5244618365	16.8898886352
415.043354083	25.4579315265	16.8903472738
415.1100115	25.3861638512	16.8923996831
415.176668791	25.3142249056	16.8979893606
415.243326333	25.2439796364	16.9050329501
415.309983458	25.1797933101	16.9115387566
415.376640916	25.1102991795	16.915330302
415.443298458	25.0449307071	16.9150256365
415.509955875	24.9739021182	16.9152893727
415.576613291	24.8998285531	16.9147175731
415.643270666	24.8253940447	16.9110089407
415.709928125	24.7464270064	16.9088579261
415.776585375	24.6679435822	16.9095522793
415.843242875	24.5819060067	16.9132772755
415.909900291	24.5111618139	16.9176749105
415.976557625	24.4353178612	16.9257930894
416.043215166	24.362357745	16.9342329618
416.109872541	24.2878800421	16.9493763356
416.176529916	24.2126504194	16.9625563915
416.24318725	24.1386712495	16.9777380389
416.309844833	24.0545997256	16.9989648819
416.376502	23.9696540017	17.0211275531
416.443159583	23.8991260938	17.0357718081
416.509817125	23.8288735604	17.0455227851
416.576474333	23.7511732606	17.051693151
416.643131875	23.6744313627	17.0558309161
416.709789208	23.5894756408	17.0624472084
416.77644675	23.5048039246	17.0705897184
416.843103916	23.4239128184	17.0752112929
416.9097615	23.3370563835	17.0909087354
416.97641875	23.2595338996	17.1065204138
417.043076208	23.1893663492	17.1203899801
417.109733666	23.1048485084	17.1317537201
417.176391041	23.0263440728	17.1457855977
417.243048375	22.9535763009	17.1582520075
417.309705833	22.8738447673	17.1725908548
417.376363208	22.7944737864	17.187458854
417.4430205	22.7145815037	17.2038915399
417.509678083	22.6316821279	17.216382476
417.576335333	22.5591053334	17.22374854
417.64299275	22.485484373	17.2238132536
417.709650291	22.4138188803	17.2219219136
417.7763075	22.3383647323	17.2210435347
417.842965166	22.2668213247	17.2149492082
417.909622416	22.1873241581	17.2066395441
417.976279916	22.1113779602	17.1978001423
418.042937208	22.0364753424	17.1923505695
418.10959475	21.9671333298	17.1876287807
418.176251958	21.8949539948	17.1858985802
418.242909291	21.8290330159	17.1836459063
418.309566833	21.7628896596	17.1816770428
418.376224208	21.6946671885	17.1754364955
418.44288175	21.6234921836	17.1710754548
418.509538958	21.5513432721	17.1676425875
418.576196375	21.4791639371	17.1659123871
418.642853791	21.4119846555	17.1604539879
418.70951125	21.3517695262	17.1557308322
418.776168541	21.2916994459	17.1465055701
418.842826041	21.2278864433	17.1363911893
418.9094835	21.1637205426	17.12564795
418.97614075	21.095596997	17.1141996956
419.042798166	21.0278569683	17.1029814733
419.1094555	20.9553233683	17.0914955312
419.176113041	20.8765396526	17.0843438774
419.242770333	20.8122369434	17.0819145591
419.309427791	20.742242913	17.0765409477
419.376085041	20.6736830484	17.0707759693
419.442742625	20.6092963326	17.0707472641
419.5094	20.5460515365	17.0649891593
419.576057375	20.4774846031	17.0632354089
419.642714833	20.4082197235	17.0614280755
419.709372125	20.3363942629	17.0668459359
419.776029541	20.2628959732	17.0666191844
419.842686916	20.1976187717	17.0612065182
419.909344375	20.1296879609	17.0563924822
419.976001583	20.0620709935	17.0474904758
420.042659166	19.9932345827	17.0387957325
420.109316625	19.9210695808	17.0303469166
420.175973916	19.8519803691	17.0236386505
420.242631333	19.7822004755	17.0141694139
420.309288583	19.7026196929	17.0108680438
420.375946208	19.6354792707	17.008822633
420.442603375	19.5675496315	17.0118316398
420.509260875	19.4941665531	17.0127169703
420.575918125	19.4227167595	17.0171607289
420.642575666	19.3545566977	17.0179455717
420.709233083	19.2875244179	17.0210234709
420.7758905	19.3375955441	16.2032746216
420.842547833	19.2678835096	16.2410487455
420.909205083	19.1862241373	16.2061187687
420.975862541	19.1269911551	16.2065590194
421.042519958	19.0663884094	16.203353211
421.109177458	18.9630803617	16.1952225485
421.17583475	18.9002007089	16.1794292129
421.242492125	18.8277623487	16.1768559332
421.309149708	18.7519842174	16.1956257815
421.375806833	18.6733490002	16.1882859477
421.442464416	18.6006296777	16.1923887407
421.509121708	18.5269391601	16.175364502
421.575779291	18.4610968588	16.1736937683
421.6424365	18.3928332707	16.1733895525
421.709093958	18.3250696211	16.1773007916
421.77575125	18.2567967943	16.1812392064
421.842408791	18.1874020295	16.1873389299
421.909066208	18.1143491788	16.1977581912
421.975723458	18.0371465022	16.2110109917
422.042380916	17.9575204997	16.2200724332
422.109038208	17.885973665	16.2208075881
422.175695625	17.8175106094	16.221181762
422.242352958	17.7543290557	16.2185834393
422.309010416	17.6855224562	16.2143606601
422.375667875	17.6198586062	16.208673939
422.442325208	17.550097242	16.2012812347
422.508982666	17.4775618086	16.1949007258
422.57564	17.4048587025	16.1875864686
422.642297416	17.3302850201	16.182021767
422.708954666	17.2660117838	16.1806797201
422.775612208	17.1966149798	16.1812215666
422.842269541	17.1290041458	16.179900536
422.908926958	17.0617573725	16.1802490741
422.975584416	16.994020399	16.1784045086
423.042241666	16.9247958871	16.1777587881
423.108899208	16.8561877149	16.1798297062
423.1755565	16.7859340698	16.1841880726
423.242213875	16.7164782953	16.1858328799
423.308871208	16.6540392208	16.1864747308
423.375528791	16.5928113098	16.1829472792
423.442186041	16.5271172046	16.178165591
423.5088435	16.4562769756	16.1726373038
423.575500875	16.3826672967	16.1659998965
423.642158208	16.311483524	16.1558746562
423.708815666	16.2381353628	16.1460416882
423.775473	16.1544554602	16.1398631856
423.8421305	16.0856791158	16.1347353734
423.90878775	16.007648355	16.1321047148
423.975445166	15.9312374313	16.1259703256
424.042102541	15.8610550752	16.1235688903
424.108759958	15.7874233396	16.1205659725
424.175417458	15.7156862761	16.1177368866
424.24207475	15.6440051036	16.1152190502
424.308732166	15.5640176205	16.1149317306
424.375389375	15.4944654623	16.108882988
424.442046916	15.4318705341	16.0966692677
424.508704166	15.3628921834	16.0803969864
424.575361583	15.2873868335	16.0610557832
424.642018916	15.2209364325	16.0398958162
424.708676333	15.139324035	16.0194665093
424.775333833	15.0641837863	15.9948227878
424.841991125	14.996358669	15.9685120776
424.908648583	14.9214276261	15.9452123177
424.975305833	14.8561037824	15.9197697267
425.041963375	14.7913737221	15.8944132817
425.10862075	14.72942285	15.8721883082
425.175278083	14.6725237572	15.8485742607
425.241935375	14.6177680364	15.8213303432
425.308592833	14.5592373291	15.793639798
425.375250375	14.5007558539	15.7628239406
425.441907583	14.4461098757	15.7306446451
425.508565041	14.4020863715	15.6976823776
425.575222458	14.3582879707	15.6652580027
425.641879958	14.3179148534	15.6315117229
425.708537125	14.2806157768	15.5953821105
425.775194625	14.2429464803	15.5604113499
425.841851833	14.2024385257	15.5171470966
425.908509291	14.1652343346	15.4699160881
425.975166833	14.1277537686	15.4197146223
426.041824125	14.0870771424	15.3629866566
426.108481541	14.056616356	15.3103680241
426.17513875	14.0241988473	15.2600927306
426.241796333	13.9907291499	15.2059260494
426.308453541	13.9606242258	15.1522475291
426.375110958	13.9316063649	15.0994340483
426.441768291	13.9014886229	15.0451473869
426.508425833	13.870909396	14.9884696939
426.575083333	13.839076973	14.9292861079
426.6417405	13.8057965055	14.8661537035
426.708398125	13.7873933364	14.8070389594
426.77505525	13.7645849828	14.751124895
426.841712833	13.7478814088	14.7018865003
426.908370041	13.7306366752	14.645930811
426.975027541	13.7192490616	14.5934824063
427.041684958	13.7050113038	14.53281968
427.10834225	13.6897816595	14.4678499176
427.174999666	13.6770805682	14.4035602428
427.241656958	13.6617941174	14.3348030838
427.308314541	13.6445768715	14.2772649456
427.374971666	13.6254481404	14.2168828974
427.441629166	13.6063995001	14.1580382774
427.508286583	13.5868512128	14.1026376017
427.574944041	13.5690917669	14.0453542561
427.641601375	13.5490446648	13.9878198552
427.70825875	13.5273264749	13.9216055944
427.77491625	13.5028035443	13.8600973968
427.841573541	13.484424159	13.8049976663
427.908231041	13.4617462729	13.739826422
427.974888208	13.4450205797	13.6754176743
428.041545708	13.434411048	13.6183026339
428.108202916	13.4210748481	13.5521221823
428.174860416	13.4067870673	13.4806603868
428.241517958	13.3970063896	13.4150462935
428.308175291	13.3881735266	13.3415061641
428.374832708	13.37733113	13.2685839141
428.441490041	13.36554893	13.1979605486
428.508147333	13.3559421675	13.1395056
428.57480475	13.3450107326	13.0769479519
428.641462208	13.3347444534	13.0167704652
428.7081195	13.3201644627	12.9619491238
428.774776833	13.3056046769	12.9062920242
428.84143425	13.2902320593	12.8478796742
428.908091708	13.2734047386	12.7820819442
428.974749041	13.253375698	12.7188511168
429.041406458	13.2349011566	12.6574423575
429.10806375	13.2243794149	12.5983292197
429.174721125	13.2162825389	12.5427003361
429.241378583	13.2126146311	12.4878857864
429.308035958	13.2056001157	12.4261894407
429.374693333	13.1969753141	12.3616625688
429.441350708	13.1902614776	12.3034656505
429.508008041	13.184967303	12.2375728268
429.5746655	13.1790109482	12.1685828403
429.641322791	13.1683472943	12.0993040024
429.707980208	13.1565751446	12.0286113621
429.774637541	13.1426545041	11.9574049251
429.841294916	13.1292479516	11.8917093967
429.907952208	13.1113917266	11.8197703105
429.97460975	13.0950846739	11.746904043
430.041267208	13.0788391305	11.6847576737
430.107924541	13.0612275061	11.6076501573
430.174581916	13.0413083329	11.5290357176
430.24123925	13.0201264125	11.4542496417
430.307896666	13.0045272765	11.3855582699
430.374553958	12.9919524288	11.3210949213
430.441211458	12.9855007342	11.25551919
430.507868583	12.9805279634	11.188803992
430.574526041	12.9752136047	11.1139959009
430.641183625	12.9707715477	11.0471050814
430.707840833	12.9673118678	10.9713535038
430.774498208	12.9635411465	10.8942633996
430.841155666	12.9547991529	10.8173109627
430.907813041	12.9487936699	10.7507490796
430.974470333	12.9368740524	10.6782869329
431.041127791	12.9277668537	10.607334223
431.107785083	12.9146642885	10.5325784688
431.1744425	12.9062633834	10.4574539429
431.2411	11.579832008	10.5085465299
431.307757291	11.5635145022	10.4326780802
431.37441475	11.5462090443	10.3565850317
431.441072083	11.5297040324	10.2812782313
431.5077295	11.525365648	10.224775376
431.574386791	11.5642549227	10.1391495117
431.641044208	11.56290937	10.0724135463
431.707701583	11.5342758936	9.99424501147
431.774359041	11.5344800066	9.92121523372
431.841016458	11.5392285766	9.84809879519
431.907673625	11.5460413444	9.77048041403
431.974331166	11.5477211263	9.69035762555
432.0409885	11.5502648682	9.61632558197
432.107645833	11.5557236051	9.55219271527
432.174303166	11.5663856618	9.47768678901
432.240960583	11.5764188904	9.40666015511
432.307618041	11.5864226677	9.33751395536
432.374275375	11.5997929433	9.26556725752
432.440932833	11.6169930741	9.19114899968
432.507590125	11.6352634473	9.11375904514
432.574247583	11.6518366235	9.03214066037
432.640904833	11.6745374291	8.96625660294
432.70756225	11.6951923225	8.90472560686
432.774219583	11.7239890102	8.84499051855
432.840877	11.7572679842	8.78567496586
432.9075345	11.7928167132	8.72920734442
432.974191833	11.8313954865	8.67267864066
433.04084925	11.8741523704	8.61412415511
433.107506541	11.9200529159	8.56278671826
433.174164	11.9637791091	8.51028554086
433.240821208	12.0089397709	8.45923001202
433.307478708	12.0498078562	8.41523385192
433.374135958	12.0908216425	8.37497331375
433.440793416	12.1299798281	8.32603182828
433.507450958	12.1727274535	8.28395913615
433.574108125	12.2199835482	8.23717087356
433.64076575	12.2703468043	8.19215460063
433.707422916	12.3247408622	8.1446712976
433.774080375	12.3813989687	8.09680110473
433.84073775	12.4358172654	8.06060493651
433.907395041	12.4926740037	8.01685972187
433.974052416	12.5454260205	7.98274595888
434.040709791	12.5974971086	7.95499665471
434.107367333	12.6568646346	7.92526200557
434.174024625	12.7145012718	7.89813580888
434.240682166	12.7740413176	7.87191842244
434.307339208	12.836585808	7.84584838749
434.37399675	12.9008306402	7.82316085717
434.440654041	12.9538421696	7.79841862304
434.507311583	12.9997954854	7.77454242642
434.573968833	13.0488247801	7.75351242971
434.640626291	13.0958576307	7.73561240282
434.707283791	13.1452341562	7.71339588566
434.773940958	13.2006345882	7.68807051824
434.840598375	13.2622028964	7.6625656986
434.90725575	13.3230477517	7.63228708425
434.973913291	13.388607729	7.6005322504
435.040570541	13.4513451449	7.57535237259
435.107227916	13.508986075	7.5531131465
435.173885333	13.5684056831	7.53607957162
435.240542625	13.6279212061	7.52154633678
435.307200083	13.6909194771	7.50982865993
435.373857375	13.7553941763	7.50003531672
435.440514833	13.8224146448	7.49166290929
435.507172166	13.8860163909	7.48487556892
435.573829708	13.9581595806	7.47827082282
435.640486791	14.0235534852	7.47083713244
435.707144333	14.0825566953	7.45801420036
435.773801583	14.1409752807	7.45077161896
435.840459041	14.1986073411	7.44172973811
435.9071165	14.2588509988	7.43357282038
435.973773833	14.3215237873	7.42450523053
436.040431291	14.3842414857	7.41671262425
436.107088541	14.4486331669	7.40349361205
436.173746	14.5110037055	7.39114470463
436.240403333	14.5760166352	7.38189099828
436.307060708	14.645237639	7.36954722532
436.373718	14.7108716935	7.3601582273
436.4403755	14.7754426255	7.35532359756
436.507032833	14.8447311176	7.34899289747
436.573690125	14.9134613623	7.3414652179
436.64034775	14.9824867371	7.33563618432
436.707004958	15.0540798239	7.33104942899
436.773662375	15.1262769691	7.32646633786
436.840319708	15.1977750421	7.31691094363
436.906977125	15.2622498122	7.30137477882
436.973634458	15.3357953344	7.28991477125
437.040291958	15.4016143645	7.27655873605
437.106949375	15.4718895688	7.26301452093
437.17360675	15.545300997	7.25264630951
437.240264125	15.6170106699	7.24054774296
437.306921375	15.6902617687	7.22656301464
437.373578791	15.7700980952	7.21556331156
437.440236083	15.8430168385	7.2108471937
437.506893583	15.907063974	7.20699604616
437.573551	15.9730280508	7.20804512676
437.640208291	16.039150019	7.2127305751
437.706865875	16.1107532994	7.21462338735
437.773523041	16.1819273557	7.21590934974
437.840180583	16.2513700111	7.21898761525
437.906837916	16.3191148861	7.2227641228
437.97349525	16.3876795889	7.22478749531
438.040152583	16.4523860807	7.22705233904
438.106810083	16.5129538599	7.22774090294
438.173467416	16.5794920315	7.22985793257
438.240124708	16.64985467	7.22872695455
438.306782208	16.7153696293	7.23261244019
438.373439458	16.783010374	7.23641645906
438.440096958	16.8526353724	7.23718976232
438.506754208	16.9150259803	7.23534161664
438.573411625	16.9771125361	7.23514875108
438.640068916	17.0411507494	7.23465152965
438.706726458	17.098814045	7.23437885767
438.77338375	17.1543636745	7.23983121987
438.840041041	17.2200689269	7.24626893758
438.906698625	17.2832608116	7.25020158385
438.973355791	17.3518235886	7.25306095654
439.040013416	17.4216606282	7.25785005841
439.106670541	17.4885435216	7.26454324002
439.173328041	17.5579720608	7.2685567599
439.239985458	17.6251894822	7.27334652591
439.306642833	17.6941102668	7.27657227344
439.373300291	17.7614256	7.27728355771
439.4399575	17.8307802379	7.2728752584
439.506614875	17.8969618153	7.27297376367
439.573272291	17.9687117689	7.2703910774
439.639929583	18.0417217455	7.26657277717
439.706586958	18.1098818703	7.26040574573
439.773244458	18.1814906811	7.25158936243
439.839901666	18.2541801223	7.24463862591
439.906559166	18.3200535492	7.23986321662
439.973216541	18.3812088326	7.24151054994
440.039873875	18.4478840486	7.24333208192
440.106531291	18.5151504968	7.24033978545
440.173188666	18.5818644041	7.23938533059
440.239846083	18.6551452535	7.24156478226
440.306503375	18.7280830416	7.24571712748
440.373160708	18.7981337303	7.25122765436
440.439818125	18.8634883602	7.2514966231
440.506475541	18.9306675502	7.25003510617
440.573133	19.0034429597	7.24730633715
440.63979025	19.0606290999	7.25009835485
440.706447708	19.1181415529	7.25351480832
440.773105041	19.18249562	7.25454750076
440.8397625	19.2533350248	7.25363628124
440.90641975	19.3143634051	7.25221526067
440.973077083	19.3792938816	7.25019545378
441.039734458	19.4384817309	7.24653335181
441.106391791	19.5014615744	7.24645019947
441.173049375	19.5597334156	7.2494259382
441.239706666	19.6218869473	7.25442999617
441.306364166	19.6840182185	7.25715433827
441.373021333	19.7428890476	7.26181566697
441.43967875	19.804618037	7.2678153975
441.506336125	19.8680153555	7.27499732015
441.5729935	19.9314863994	7.27665704535
441.639651041	19.9969779502	7.27252991893
441.706308333	20.0639224496	7.26805733569
441.772965625	20.1332633602	7.26129984256
441.839623041	20.2035105791	7.25782733122
441.906280541	20.2742937849	7.25327208348
441.972937625	20.3428341779	7.24975114277
442.039595083	20.4114045345	7.24516591724
442.1062525	20.4823940752	7.24139164703
442.172909833	20.5521672836	7.24013789978
442.239567125	20.6185349847	7.24200226404
442.306224666	20.6820051274	7.24613028809
442.372882083	20.7452142021	7.254024576
442.439539416	20.8096705971	7.25996635481
442.506196875	20.8735111323	7.26271927543
442.57285425	20.9388869272	7.26937848298
442.639511708	21.0060976701	7.27914454836
442.706168875	21.0778604497	7.28137935474
442.772826333	21.1414371609	7.28546001663
442.839483666	21.207192977	7.28656411988
442.906141083	21.2794033896	7.29335749234
442.9727985	21.3473650586	7.29700949932
443.039455875	21.4164992979	7.30259889596
443.10611325	21.4897233649	7.30606099168
443.1727705	21.5592637376	7.30670299955
443.239427958	21.6277349634	7.30620618118
443.306085333	21.6934417003	7.30524892777
443.372742625	21.754491122	7.3061175485
443.439400041	21.8213151838	7.31082877682
443.506057416	21.8826149492	7.31622165749
443.572714916	21.9507300222	7.3202652857
443.639372125	22.0188765957	7.32569307709
443.706029666	22.0914978233	7.32914158319
443.772686958	22.1604450379	7.33543341968
443.83934425	22.2375749817	7.34236755035
443.906001708	22.3118579309	7.34623172633
443.972659083	22.3801382805	7.34810934815
444.039316333	22.4499276542	7.34918494386
444.105973791	22.5177160967	7.35014576289
444.17263125	22.5851326098	7.35003323734
444.239288583	22.6566321487	7.34866911273
444.305945958	22.7337211051	7.34691343787
444.372603166	22.8077527571	7.33887823363
444.439260791	22.8780547092	7.33085848089
444.505918	22.946686141	7.3298775819
444.572575416	23.0139964746	7.32652797034
444.639232958	23.0775375158	7.32843809597
444.705890125	23.1449202138	7.33106185559
444.772547625	23.2151673617	7.33333216585
444.839204833	23.2865190084	7.33645346517
444.905862375	23.3559764156	7.34351322317
444.972519458	23.4225593027	7.34854746046
445.039176958	23.4984298068	7.35179053282
445.105834291	23.5579456291	7.35530191213
445.172491791	23.6289757159	7.3536584765
445.239149166	23.6998017113	7.3528564366
445.305806416	23.7637262365	7.35082390575
445.372463958	23.825562572	7.35020737776
445.439121166	23.8956297625	7.34491938032
445.505778708	23.9633330144	7.3350893355
445.572435916	24.0314503496	7.32516909623
445.639093291	24.1008488728	7.32040348181
445.70575075	24.1602945744	7.31956386319
445.772408083	24.2254461377	7.32230652631
445.8390655	24.2948471514	7.32736448018
445.905722791	24.3663640747	7.32831977312
445.97238025	24.4390335515	7.3305551131
446.0390375	24.5104510261	7.33314043978
446.105695083	25.1105930163	6.56992054154
446.172352333	25.1911286184	6.57042172812
446.23900975	25.2188922781	6.42756635643
446.305667083	25.3002588855	6.42526856019
446.372324416	25.3457185508	6.34264760769
446.438981958	25.4697696137	6.50413169051
446.505639125	25.5715945102	6.60702938991
446.572296625	25.6587127478	6.59921314789
446.638953916	25.7304083289	6.57465953437
446.705611291	25.8081038583	6.50497780724
446.772268666	25.8829382231	6.50017064466
446.838926041	25.95035925	6.49914785068
446.905583291	26.0136489319	6.49813237214
446.972240833	26.0751816812	6.50077995084
447.038898208	26.1418706354	6.50492754473
447.105555583	26.2103259569	6.50946006854
447.172212916	26.2793741883	6.51408715298
447.23887025	26.3519666646	6.52021488007
447.305527625	26.4293729817	6.52239597092
447.372185	26.5000415521	6.52365360694
447.438842458	26.5693952468	6.52000369306
447.50549975	26.6445272591	6.51935929662
447.572157208	26.713797217	6.51309495869
447.638814625	26.7823037416	6.50565743979
447.705471875	26.8545125385	6.50337667176
447.772129208	26.9264414933	6.4992624686
447.838786625	26.9976254457	6.49217404025
447.905444083	27.065908719	6.48491477643
447.972101333	27.1326413461	6.48045420021
448.038758666	27.1998302854	6.47720687585
448.105416083	27.2692881888	6.47847887924
448.172073458	27.3460841425	6.48070834782
448.238730916	27.4188129897	6.48241903925
448.30538825	27.5013198828	6.48573067891
448.3720455	27.5818652692	6.49025551898
448.438702958	27.658652446	6.49288688676
448.505360375	27.7323073192	6.49006641102
448.572017583	27.8074325057	6.48733278448
448.638675083	27.8843581351	6.48619010935
448.705332333	27.9565999248	6.48347413162
448.771989791	28.0289100699	6.48102339438
448.83864725	28.1058088881	6.48026530494
448.9053045	28.1805023262	6.47958246784
448.971961958	28.2583248916	6.47175421638
449.038619208	28.3320670455	6.47052908107
449.105276583	28.3915106296	6.47403275464
449.171933916	28.4550535239	6.48043162871
449.238591291	28.5221442452	6.48945687903
449.305248916	28.5886827187	6.49846708339
449.371906	28.6596453013	6.50630990413
449.421932333	28.7114637653	6.51557988912
449.471958458	28.7644587378	6.52577529511
449.521984791	28.8154111003	6.5363630195
449.572010958	28.8722941238	6.54078813433
449.622037041	28.9209134051	6.54738163094
449.67206325	28.9693722191	6.55363920156
449.722089541	29.0232922306	6.55782643157
449.772115708	29.7334944712	6.44146966097
449.822141916	29.783486148	6.44571008625
449.872168	29.8309457695	6.44964851082
449.922194166	29.8814529288	6.4569676863
449.972220583	29.9306443563	6.46049327103
450.022246791	29.9825471887	6.46684542748
450.072272916	30.0361305059	6.47245826266
450.122298958	30.0946287539	6.47765594208
450.172325125	30.1446129032	6.48237691635
450.2223515	30.1948465375	6.48502686352
450.272377666	30.2428859035	6.48674468631
450.322403875	30.292022658	6.48980438816
450.372429958	30.3380181265	6.49820472725
450.42245625	30.3883600695	6.50405258205
450.472482583	30.4433550678	6.5144183696
450.522508666	30.4946330862	6.51759601247
450.57253475	30.5449048314	6.52444465509
450.622560916	30.5979062338	6.53129275998
450.672587375	30.6517162089	6.5428836124
450.722613458	30.7108960432	6.54861060864
450.77263975	30.7619492721	6.55699876681
450.822665833	30.809249049	6.55883599203
450.872692	30.8602887292	6.55847372093
450.922718291	30.9120789024	6.55907210393
450.972744416	30.9518539945	6.55715241289
451.022770666	30.9999094992	6.55831820349
451.072796833	31.0413841476	6.55867814155
451.122822958	31.0879787626	6.55934563354
451.172849291	31.119417487	6.55580830453
451.222875458	31.1669765328	6.5541554874
451.272901666	31.2007761103	6.54916407857
451.322927833	31.2444636627	6.54904725716
451.372954041	31.2750266761	6.54575595937
451.422980375	31.3153732263	6.54661757823
451.4730065	31.3557498931	6.55283121474
451.523032541	31.4002312487	6.56109146085
451.573058791	31.4454548963	6.56645066174
451.623085083	31.4908971693	6.56982778317
451.673111333	31.5380781953	6.57331968275
451.723137583	31.5860257406	6.57763919825
451.773163666	31.6290298273	6.58587156335
451.823189791	31.6783553796	6.59137740325
451.873216125	31.7276923099	6.59770852768
451.923242208	31.77249259	6.6005621091
451.973268416	31.8187679298	6.600201033
452.023294625	31.8666445808	6.59984148418
452.07332075	31.9182085018	6.6040738918
452.123347125	31.9652224624	6.60293255394
452.173373291	32.024073109	6.60854938873
452.223399375	31.7213137156	6.59574840046
452.273425625	31.7630957296	6.59065992068
452.323451875	31.8600321346	6.61733918596
452.373478208	31.8986088721	6.61199970603
452.423504333	31.9399359327	6.60839577426
452.473530458	31.9792558907	6.60596312202
452.523556541	32.0182594857	6.60567961249
452.573582875	32.0627487381	6.60581441836
452.623609125	32.1056575417	6.60807592542
452.673635333	32.1496709492	6.61304839525
452.723661416	32.1937563744	6.6167034671
452.773687541	32.2385748912	6.61956382353
452.823713958	32.285194953	6.62189859006
452.873740125	32.3252740921	6.62981863647
452.923766208	32.3744163517	6.63586002064
452.973792375	32.4187945728	6.63870127954
453.0238185	32.4722776806	6.64154949006
453.073844875	32.5085757207	6.64548873514
453.123871041	32.5506218227	6.64593292829
453.17389725	32.5945833809	6.64201571244
453.223923458	32.636033289	6.63758893835
453.273949625	32.6693449058	6.62923518684
453.323975875	32.7090196647	6.62527132678
453.374002	32.7455394073	6.61959860828
453.42402825	32.7880122173	6.61379315814
453.474054375	32.8318738821	6.61077043729
453.524080583	32.8739542911	6.60486929262
453.574106875	32.9163705919	6.60132752768
453.624133083	32.9575713937	6.5999812805
453.67415925	32.9999903785	6.5994146782
453.724185375	33.0383779596	6.59635872644
453.774211541	33.0787129903	6.59772855388
453.824237916	33.115769013	6.59992482385
453.874264041	33.1622355342	6.60318789329
453.924290166	33.2013740606	6.60586368343
453.974316333	33.2478748668	6.60808496376
454.024342666	33.2894919774	6.61019864258
454.07436875	33.3363414732	6.61555245219
454.124394958	33.3791415623	6.62159803868
454.174421166	33.4217855704	6.62549527168
454.224447291	33.4660664975	6.62760414076
454.2744625	33.5061668394	6.62910919103
454.341119958	33.5584142894	6.62834985308
454.407777125	33.6148718003	6.62700030204
454.474434625	33.6667065212	6.62164470707
454.541092	33.7199991277	6.61958531071
454.607749291	33.7722053113	6.61693538395
454.67440675	33.830754777	6.61447031242
454.741064041	33.8879600408	6.60927825315
454.807721541	33.9457784165	6.6027849522
454.874378666	34.0006284976	6.60062872069
454.941036166	34.0493072075	6.59607574095
455.007693458	34.1055091543	6.59687038392
455.074350833	34.1648179029	6.60155498607
455.141008208	34.8078599875	6.55391152487
455.207665666	34.8689198837	6.55573864997
455.274322958	34.9484770057	6.56083629657
455.340980375	35.007172517	6.56847953508
455.407637833	35.0761254813	6.57404451501
455.474294958	35.1383134209	6.58028477081
455.540952416	35.189823193	6.58167050018
455.60760975	35.2533952573	6.58004929667
455.674267125	35.310675775	6.57772970837
455.740924458	35.3637691641	6.57847960585
455.807581791	35.4215243546	6.58032874515
455.874239291	35.4802645608	6.57925655032
455.940896666	35.5361740858	6.57580427705
456.007553958	35.5991491577	6.5684716464
456.074211291	35.6612557163	6.56780306922
456.140868708	35.7173284898	6.57212258764
456.207526	35.7792540213	6.57944462484
456.274183458	35.8334218624	6.58985279142
456.340840916	35.8914501316	6.60074772134
456.407498166	35.9612213166	6.60783370611
456.474155583	36.0306280951	6.61552850683
456.540812875	36.0916141385	6.62455110453
456.607470208	36.1561672851	6.63193413412
456.674127583	36.2212611397	6.63719444755
456.740784958	36.2768011431	6.63547238661
456.80744225	36.3435258863	6.63759249571
456.87409975	36.4071202846	6.63624201381
456.940757083	36.4647018643	6.63675327109
457.007414458	36.5331033347	6.64084286105
457.074071958	36.6032112924	6.64154670877
457.140729125	36.6658437261	6.64084794238
457.207386583	36.7324600733	6.63661337207
457.274043833	36.7951330293	6.63445003102
457.340701333	36.8494798762	6.63484097463
457.407358625	36.9088683901	6.63528019594
457.474015916	36.9670087925	6.63807275081
457.540673333	37.0278579355	6.64208876211
457.60733075	37.0955785461	6.64546963362
457.673988166	37.1644090229	6.65183205348
457.740645458	37.2277881334	6.65909656675
457.80730275	37.2982569623	6.65903098762
457.873960125	37.3673362438	6.65762281084
457.940617625	37.4255077048	6.65319623384
458.007274875	37.4991545497	6.64951341206
458.073932333	37.5645544804	6.64371976935
458.140589708	37.6244159453	6.63582361579
458.207247	37.6945056847	6.63167623772
458.273904416	37.7605926296	6.62337467014
458.340561666	37.8266925137	6.61265789742
458.407219208	37.8919684724	6.59756201266
458.473876416	37.9533915544	6.58728475376
458.540533791	38.0067201814	6.57732624968
458.607191083	37.7470472048	6.69620471316
458.673848583	37.7989206688	6.68786922804
458.740505916	37.8559390104	6.67925890358
458.807163166	37.9169509388	6.66807446293
458.873820708	37.9753226011	6.66004007941
458.940478	38.0386503731	6.65446348091
459.007135375	38.097717778	6.64714357005
459.073792708	38.1617477473	6.63959391834
459.140450083	38.2125140632	6.63438224942
459.207107375	38.2994086454	6.63218598877
459.273764791	38.3426253035	6.62212940769
459.340422291	38.3849084096	6.61264973203
459.407079458	38.4280424282	6.60285084272
459.473736875	38.4675072119	6.59131766689
459.540394166	38.5116567693	6.58114634672
459.607051625	38.5528317225	6.56949471333
459.657055666	38.5842429071	6.56346473252
459.707082	38.6058792312	6.55517289968
459.757108125	38.625484179	6.55025079959
459.807134291	38.6420484629	6.54053289594
459.857160375	38.6557375828	6.53467590623
459.9071865	38.67272528	6.52817110422
459.957212875	38.6831181376	6.52402087517
460.007239	38.6929836158	6.52344684313
460.057265333	38.6992166545	6.52575731786
460.107291458	38.695175195	6.53395716024
460.1573175	38.6997521669	6.53892868736
460.207343875	38.698787631	6.54962993441
460.257370083	38.7020379709	6.55309843771
460.307396208	38.7018393952	6.55619218038
460.357422375	38.699376111	6.55612059703
460.407448583	38.6964637905	6.55553614693
460.457474791	38.6919366889	6.55407545061
460.507501	38.6915456223	6.55479401576
460.557527166	38.6846880361	6.55187471147
460.607553333	38.6765350775	6.55091574168
460.657579583	38.6650193165	6.54573113571
460.707605833	38.6565877292	6.54396988041
460.757632	38.6503891074	6.54244195311
460.807658041	38.6508170549	6.54343856282
460.85768425	38.6474970666	6.5438151122
460.907710583	38.6450032952	6.54307255901
460.957736708	38.6397259369	6.54302423653
461.007763	38.6336859534	6.53898019101
461.057789166	38.62678173	6.53815300287
461.107815125	38.6153324303	6.53630597429
461.1578415	38.6064539329	6.53724745009
461.207867666	38.5918246797	6.54137380922
461.257893875	38.5804950596	6.54631527398
461.307920125	38.569432991	6.55541503457
461.357946166	38.5611014736	6.56196886111
461.407972583	38.5554846102	6.57142891916
461.457998625	38.5489749953	6.57945856647
461.508024875	38.539838771	6.58604820877
461.558050958	38.5338160723	6.5934615009
461.608077125	38.5274353737	6.5992876985
461.6581035	38.5251356457	6.60498611163
461.708129666	38.5228754788	6.60649438694
461.758155791	38.5210129863	6.60893290527
461.808182041	38.5141649064	6.61240005967
461.85820825	38.5144915847	6.61426661969
461.908234458	38.5215057246	6.65769663911
461.958260708	38.5218376604	6.65685346439
462.008286791	38.5173272531	6.66136265344
462.058312958	38.5176737064	6.66156226836
462.10833925	38.5146235853	6.6612876521
462.1583655	38.5149858194	6.66073142514
462.208391583	38.5119035524	6.66034719298
462.258417791	38.5115032079	6.66017173859
462.308443958	38.5096345185	6.66043108584
462.358470208	38.5090706786	6.65993895928
462.408496375	38.5071360813	6.65741923579
462.458522541	38.506560121	6.65638982058
462.508548791	38.5060943442	6.65696359487
462.558574833	38.5059356523	6.65710547469
462.608601208	38.5055780035	6.65763997669
462.658627291	38.5053375191	6.65802457029
462.7086535	38.5051064078	6.65807295986
462.758679625	38.5051891434	6.65878381837
462.808706083	38.5049762265	6.65856783139
462.858732041	38.5048272045	6.65890793203
462.908758333	38.5037053451	6.6577606724
462.9587845	38.5035740145	6.65771905192
463.008810666	38.5021917484	6.65717551851
463.058836958	38.5017636136	6.65676142486
463.108863208	38.5012470328	6.65612935341
463.158889333	38.501171352	6.65590127356
463.2089155	38.5007127316	6.65578274822
463.258941666	38.5014092624	6.65552451411
463.308967875	38.499816341	6.65472003946
463.358994083	38.4999672814	6.65450540723
463.409020208	38.4997923402	6.65368357964
463.459046333	38.5000280235	6.6530199055
