ARKit Data
90558.067325666
normal
simd_float4x4([[-0.485716, -0.670869, 0.560371, 0.0)], [0.801756, -0.0865262, 0.591355, 0.0)], [-0.348234, 0.736511, 0.5799, 0.0)], [1.01655, 0.881059, 1.95112, 1.0)]])
1.01655, 0.881059, 1.95112
float3(-0.827898, -0.540793, -1.69906)
90558.26743675
normal
simd_float4x4([[-0.485952, -0.666417, 0.565455, 0.0)], [0.799875, -0.0783913, 0.595025, 0.0)], [-0.352208, 0.741446, 0.571145, 0.0)], [1.11017, 0.950233, 1.88915, 1.0)]])
1.11017, 0.950233, 1.88915
float3(-0.835223, -0.552587, -1.68789)
90558.467547958
normal
simd_float4x4([[-0.491838, -0.663267, 0.564068, 0.0)], [0.794633, -0.0771416, 0.60217, 0.0)], [-0.355886, 0.744397, 0.564994, 0.0)], [1.23428, 1.08375, 1.95052, 1.0)]])
1.23428, 1.08375, 1.95052
float3(-0.839631, -0.56211, -1.68658)
90559.152307166
notAvailable
simd_float4x4([[-0.551643, 0.0, 0.83408, 0.0)], [0.0, 1.0, 0.0, 0.0)], [-0.83408, 0.0, -0.551643, 0.0)], [-0.0124142, -0.0901925, 0.138685, 1.0)]])
-0.0124142, -0.0901925, 0.138685
float3(-0.0, -2.15513, 0.0)
90559.352362375
limited(__ObjC.ARCamera.TrackingState.Reason.initializing)
simd_float4x4([[-0.0674861, -0.737048, 0.672462, 0.0)], [0.997691, -0.044737, 0.0510914, 0.0)], [-0.00757291, 0.674358, 0.738366, 0.0)], [0.0, 0.0, 0.0, 1.0)]])
0.0, 0.0, 0.0
float3(-0.740094, -0.0102559, -1.63142)
90559.552473833
limited(__ObjC.ARCamera.TrackingState.Reason.initializing)
simd_float4x4([[-0.0850503, -0.756337, 0.64863, 0.0)], [0.996289, -0.0559191, 0.0654318, 0.0)], [-0.0132177, 0.651788, 0.758286, 0.0)], [0.0, 0.0, 0.0, 1.0)]])
0.0, 0.0, 0.0
float3(-0.709939, -0.0174292, -1.6446)
90559.752585041
limited(__ObjC.ARCamera.TrackingState.Reason.initializing)
simd_float4x4([[-0.0870959, -0.798496, 0.595666, 0.0)], [0.996, -0.0578026, 0.068146, 0.0)], [-0.0199833, 0.599218, 0.800336, 0.0)], [0.0, 0.0, 0.0, 1.0)]])
0.0, 0.0, 0.0
float3(-0.642524, -0.0249634, -1.64306)
90559.969372
limited(__ObjC.ARCamera.TrackingState.Reason.initializing)
simd_float4x4([[-0.0910044, -0.85184, 0.515836, 0.0)], [0.994965, -0.0559342, 0.0831645, 0.0)], [-0.04199, 0.520807, 0.852641, 0.0)], [0.0, 0.0, 0.0, 1.0)]])
0.0, 0.0, 0.0
float3(-0.547796, -0.0492073, -1.63636)
90560.169483416
limited(__ObjC.ARCamera.TrackingState.Reason.initializing)
simd_float4x4([[-0.0846265, -0.915097, 0.394253, 0.0)], [0.991385, -0.0376296, 0.125459, 0.0)], [-0.0999718, 0.401473, 0.910398, 0.0)], [0.0, 0.0, 0.0, 1.0)]])
0.0, 0.0, 0.0
float3(-0.413125, -0.109373, -1.61189)
90560.369594791
limited(__ObjC.ARCamera.TrackingState.Reason.initializing)
simd_float4x4([[-0.0725939, -0.956349, 0.283063, 0.0)], [0.986116, -0.0263244, 0.163959, 0.0)], [-0.14935, 0.291036, 0.944983, 0.0)], [0.0, 0.0, 0.0, 1.0)]])
0.0, 0.0, 0.0
float3(-0.295309, -0.156749, -1.59832)
90560.569706041
limited(__ObjC.ARCamera.TrackingState.Reason.initializing)
simd_float4x4([[-0.0513855, -0.980151, 0.191474, 0.0)], [0.983855, -0.0167718, 0.178182, 0.0)], [-0.171434, 0.197538, 0.965188, 0.0)], [0.0, 0.0, 0.0, 1.0)]])
0.0, 0.0, 0.0
float3(-0.198846, -0.175784, -1.58791)
90560.769817291
limited(__ObjC.ARCamera.TrackingState.Reason.initializing)
simd_float4x4([[-0.0334939, -0.990253, 0.135182, 0.0)], [0.984563, -0.00944247, 0.174775, 0.0)], [-0.171796, 0.138949, 0.975283, 0.0)], [0.0, 0.0, 0.0, 1.0)]])
0.0, 0.0, 0.0
float3(-0.1394, -0.174361, -1.58033)
90560.969928666
limited(__ObjC.ARCamera.TrackingState.Reason.initializing)
simd_float4x4([[-0.0289532, -0.991389, 0.127697, 0.0)], [0.986652, -0.00786439, 0.162653, 0.0)], [-0.160248, 0.130702, 0.978384, 0.0)], [0.0, 0.0, 0.0, 1.0)]])
0.0, 0.0, 0.0
float3(-0.131077, -0.162347, -1.57873)
90561.170028833
limited(__ObjC.ARCamera.TrackingState.Reason.initializing)
simd_float4x4([[-0.0247321, -0.99178, 0.125529, 0.0)], [0.98657, -0.00393473, 0.16329, 0.0)], [-0.161454, 0.127882, 0.978558, 0.0)], [0.0, 0.0, 0.0, 1.0)]])
0.0, 0.0, 0.0
float3(-0.128233, -0.163519, -1.57476)
90561.403335291
limited(__ObjC.ARCamera.TrackingState.Reason.initializing)
simd_float4x4([[-0.0250239, -0.991963, 0.124028, 0.0)], [0.987435, -0.00516184, 0.157941, 0.0)], [-0.156031, 0.126422, 0.979628, 0.0)], [0.0, 0.0, 0.0, 1.0)]])
0.0, 0.0, 0.0
float3(-0.126761, -0.157949, -1.576)
90561.619977041
limited(__ObjC.ARCamera.TrackingState.Reason.initializing)
simd_float4x4([[-0.0239565, -0.992503, 0.119851, 0.0)], [0.987581, -0.00487485, 0.157034, 0.0)], [-0.155272, 0.122125, 0.980294, 0.0)], [0.0, 0.0, 0.0, 1.0)]])
0.0, 0.0, 0.0
float3(-0.12243, -0.157089, -1.57571)
90561.836619041
normal
simd_float4x4([[0.0103666, -0.993471, 0.113609, 0.0)], [0.987515, 0.028031, 0.155013, 0.0)], [-0.157186, 0.110583, 0.981358, 0.0)], [-0.000116379, 4.97682e-05, -0.00110375, 1.0)]])
-0.000116379, 4.97682e-05, -0.00110375
float3(-0.11081, -0.158823, -1.54259)
90562.053260833
normal
simd_float4x4([[0.00906682, -0.993629, 0.112337, 0.0)], [0.987487, 0.0265851, 0.155446, 0.0)], [-0.157442, 0.109522, 0.981436, 0.0)], [-0.00241996, 0.000540219, -0.00252114, 1.0)]])
-0.00241996, 0.000540219, -0.00252114
float3(-0.109742, -0.159065, -1.54405)
90562.269902833
normal
simd_float4x4([[0.0108077, -0.993216, 0.115779, 0.0)], [0.987472, 0.0288292, 0.155135, 0.0)], [-0.157421, 0.112652, 0.981085, 0.0)], [-0.00591749, 0.00142326, -0.00603337, 1.0)]])
-0.00591749, 0.00142326, -0.00603337
float3(-0.112891, -0.1591, -1.54178)
90562.486544875
normal
simd_float4x4([[0.00995034, -0.993358, 0.114632, 0.0)], [0.987328, 0.0279169, 0.156215, 0.0)], [-0.158378, 0.111625, 0.981049, 0.0)], [-0.00637818, 0.00198672, -0.00609509, 1.0)]])
-0.00637818, 0.00198672, -0.00609509
float3(-0.111858, -0.160057, -1.5427)
90562.70318675
normal
simd_float4x4([[0.0091315, -0.992737, 0.119958, 0.0)], [0.987842, 0.0275737, 0.152995, 0.0)], [-0.155192, 0.117103, 0.980919, 0.0)], [-0.00627171, 0.00108181, -0.0086727, 1.0)]])
-0.00627171, 0.00108181, -0.0086727
float3(-0.117372, -0.15691, -1.54303)
90562.936493541
normal
simd_float4x4([[0.00904209, -0.992729, 0.120034, 0.0)], [0.988161, 0.0272561, 0.150982, 0.0)], [-0.153155, 0.117247, 0.981222, 0.0)], [-0.0054607, 0.00139572, -0.00987969, 1.0)]])
-0.0054607, 0.00139572, -0.00987969
float3(-0.117518, -0.154837, -1.54335)
90563.169800208
normal
simd_float4x4([[0.00985088, -0.992495, 0.121883, 0.0)], [0.988156, 0.0283285, 0.150813, 0.0)], [-0.153134, 0.118954, 0.98102, 0.0)], [-0.00456732, 0.0015196, -0.00997886, 1.0)]])
-0.00456732, 0.0015196, -0.00997886
float3(-0.119237, -0.154848, -1.54226)
90563.386442166
normal
simd_float4x4([[0.0100214, -0.992222, 0.124079, 0.0)], [0.987972, 0.0289732, 0.151895, 0.0)], [-0.154308, 0.121064, 0.980578, 0.0)], [-0.00464777, 0.00144338, -0.00904623, 1.0)]])
-0.00464777, 0.00144338, -0.00904623
float3(-0.121362, -0.156085, -1.5416)
90563.619749083
normal
simd_float4x4([[0.0103467, -0.992114, 0.124911, 0.0)], [0.988263, 0.0291858, 0.14995, 0.0)], [-0.152413, 0.121893, 0.980771, 0.0)], [-0.00507484, 0.00139899, -0.00839031, 1.0)]])
-0.00507484, 0.00139899, -0.00839031
float3(-0.122197, -0.154168, -1.54139)
90563.836391208
normal
simd_float4x4([[0.0109977, -0.991928, 0.126323, 0.0)], [0.98833, 0.0299775, 0.149349, 0.0)], [-0.15193, 0.123206, 0.980682, 0.0)], [-0.00560514, 0.00148781, -0.0074859, 1.0)]])
-0.00560514, 0.00148781, -0.0074859
float3(-0.12352, -0.153701, -1.54058)
90564.069697958
normal
simd_float4x4([[0.01259, -0.992013, 0.125503, 0.0)], [0.988024, 0.031645, 0.151017, 0.0)], [-0.153783, 0.122098, 0.980532, 0.0)], [-0.00749661, 0.00204219, -0.0064899, 1.0)]])
-0.00749661, 0.00204219, -0.0064899
float3(-0.122404, -0.155569, -1.53891)
90564.28634
normal
simd_float4x4([[0.0146937, -0.992081, 0.124737, 0.0)], [0.988138, 0.0334797, 0.149877, 0.0)], [-0.152866, 0.121056, 0.980805, 0.0)], [-0.00965837, 0.00269, -0.00651665, 1.0)]])
-0.00965837, 0.00269, -0.00651665
float3(-0.121353, -0.154614, -1.53706)
90564.519647166
normal
simd_float4x4([[0.0144626, -0.992045, 0.125052, 0.0)], [0.988414, 0.0330822, 0.14813, 0.0)], [-0.151089, 0.121461, 0.98103, 0.0)], [-0.0113944, 0.00194966, -0.00644646, 1.0)]])
-0.0113944, 0.00194966, -0.00644646
float3(-0.121762, -0.15281, -1.53746)
90564.752953875
normal
simd_float4x4([[0.0114658, -0.991963, 0.126007, 0.0)], [0.988667, 0.0301103, 0.147074, 0.0)], [-0.149686, 0.122893, 0.981066, 0.0)], [-0.011738, 0.00185999, -0.00692581, 1.0)]])
-0.011738, 0.00185999, -0.00692581
float3(-0.123205, -0.151407, -1.54045)
90564.986260916
normal
simd_float4x4([[0.0103956, -0.992053, 0.12539, 0.0)], [0.988609, 0.0290258, 0.147683, 0.0)], [-0.150149, 0.122426, 0.981054, 0.0)], [-0.0121145, 0.00198797, -0.00801828, 1.0)]])
-0.0121145, 0.00198797, -0.00801828
float3(-0.122734, -0.15187, -1.54155)
90565.219567833
normal
simd_float4x4([[0.0103717, -0.991655, 0.128499, 0.0)], [0.988678, 0.0294071, 0.147141, 0.0)], [-0.149692, 0.125519, 0.980733, 0.0)], [-0.0124073, 0.00203812, -0.00907327, 1.0)]])
-0.0124073, 0.00203812, -0.00907327
float3(-0.12585, -0.151463, -1.54115)
90565.436210083
normal
simd_float4x4([[0.0111659, -0.991504, 0.129594, 0.0)], [0.988533, 0.030464, 0.147903, 0.0)], [-0.150595, 0.126456, 0.980474, 0.0)], [-0.0130866, 0.00262227, -0.00853707, 1.0)]])
-0.0130866, 0.00262227, -0.00853707
float3(-0.126796, -0.152403, -1.54008)
90565.669517083
normal
simd_float4x4([[0.0110904, -0.990498, 0.137079, 0.0)], [0.987308, 0.0325667, 0.155441, 0.0)], [-0.158428, 0.133615, 0.978288, 0.0)], [-0.0150339, 0.00103062, -0.012362, 1.0)]])
-0.0150339, 0.00103062, -0.012362
float3(-0.134016, -0.16055, -1.53793)
90565.886193041
normal
simd_float4x4([[0.0192194, -0.988774, 0.14818, 0.0)], [0.981632, 0.046798, 0.184952, 0.0)], [-0.189811, 0.141903, 0.971512, 0.0)], [-0.0182533, -0.0046963, -0.0202276, 1.0)]])
-0.0182533, -0.0046963, -0.0202276
float3(-0.142384, -0.192946, -1.5235)
90566.086304708
normal
simd_float4x4([[0.0258051, -0.989021, 0.145501, 0.0)], [0.957706, 0.0661855, 0.280034, 0.0)], [-0.286589, 0.132121, 0.9489, 0.0)], [-0.01441, -0.00780926, -0.026566, 1.0)]])
-0.01441, -0.00780926, -0.026566
float3(-0.132508, -0.293312, -1.50398)
90566.286416666
normal
simd_float4x4([[0.0123383, -0.990514, 0.136854, 0.0)], [0.906117, 0.0689527, 0.417369, 0.0)], [-0.422846, 0.118856, 0.898373, 0.0)], [0.0233394, -0.0384672, -0.0270142, 1.0)]])
0.0233394, -0.0384672, -0.0270142
float3(-0.119138, -0.439918, -1.5013)
90566.486528458
normal
simd_float4x4([[-0.0291453, -0.99146, 0.127116, 0.0)], [0.79477, 0.0541388, 0.604491, 0.0)], [-0.60621, 0.118646, 0.786404, 0.0)], [0.058732, -0.0401707, -0.0145817, 1.0)]])
0.058732, -0.0401707, -0.0145817
float3(-0.118926, -0.656721, -1.51625)
90566.686640166
normal
simd_float4x4([[-0.0750293, -0.987375, 0.139504, 0.0)], [0.663317, 0.0550399, 0.746312, 0.0)], [-0.744568, 0.14853, 0.650813, 0.0)], [0.110278, -0.0467633, -0.0077932, 1.0)]])
0.110278, -0.0467633, -0.0077932
float3(-0.149082, -0.852487, -1.51511)
90566.886752
normal
simd_float4x4([[-0.0951505, -0.988708, 0.115767, 0.0)], [0.543321, 0.0458646, 0.838271, 0.0)], [-0.834116, 0.14266, 0.532822, 0.0)], [0.17162, -0.0525485, 0.00211248, 1.0)]])
0.17162, -0.0525485, 0.00211248
float3(-0.143149, -1.00234, -1.52444)
90567.086863916
normal
simd_float4x4([[-0.0940221, -0.991431, 0.0906874, 0.0)], [0.443901, 0.0397872, 0.895192, 0.0)], [-0.89113, 0.124424, 0.436356, 0.0)], [0.231624, -0.0552909, 0.0139893, 1.0)]])
0.231624, -0.0552909, 0.0139893
float3(-0.124747, -1.11545, -1.53069)
90567.303651791
normal
simd_float4x4([[-0.0961671, -0.993024, 0.0682281, 0.0)], [0.301784, 0.036231, 0.952688, 0.0)], [-0.948514, 0.112207, 0.296195, 0.0)], [0.286554, -0.0570065, 0.0403871, 1.0)]])
0.286554, -0.0570065, 0.0403871
float3(-0.112444, -1.26812, -1.53433)
90567.503763708
normal
simd_float4x4([[-0.12643, -0.991153, 0.0403834, 0.0)], [0.148745, 0.0213074, 0.988646, 0.0)], [-0.98076, 0.131002, 0.144736, 0.0)], [0.313131, -0.0574934, 0.0711925, 1.0)]])
0.313131, -0.0574934, 0.0711925
float3(-0.131379, -1.42428, -1.5493)
90567.720506875
normal
simd_float4x4([[-0.146384, -0.988987, 0.0218457, 0.0)], [-0.00648797, 0.0230429, 0.999713, 0.0)], [-0.989207, 0.1462, -0.00978961, 0.0)], [0.322413, -0.0570224, 0.0776175, 1.0)]])
0.322413, -0.0570224, 0.0776175
float3(-0.146726, -1.58069, -1.5475)
90567.937149166
normal
simd_float4x4([[-0.138347, -0.990329, 0.0103968, 0.0)], [-0.160663, 0.0328005, 0.986464, 0.0)], [-0.977265, 0.134804, -0.163648, 0.0)], [0.31607, -0.0543394, 0.0479188, 1.0)]])
0.31607, -0.0543394, 0.0479188
float3(-0.135215, -1.73671, -1.53769)
90568.170456416
normal
simd_float4x4([[-0.123027, -0.991524, -0.0417679, 0.0)], [-0.38635, 0.00908569, 0.922308, 0.0)], [-0.91411, 0.129606, -0.384193, 0.0)], [0.287059, -0.0486924, -0.00833065, 1.0)]])
0.287059, -0.0486924, -0.00833065
float3(-0.129972, -1.96867, -1.56163)
90568.387244375
normal
simd_float4x4([[-0.10611, -0.992127, -0.0665186, 0.0)], [-0.556847, 0.00386671, 0.830606, 0.0)], [-0.823809, 0.125176, -0.552874, 0.0)], [0.23215, -0.0443719, -0.0801052, 1.0)]])
0.23215, -0.0443719, -0.0801052
float3(-0.125505, -2.16187, -1.5669)
90568.587356375
normal
simd_float4x4([[-0.104478, -0.990385, -0.0906768, 0.0)], [-0.707532, 0.00994423, 0.706611, 0.0)], [-0.698915, 0.137982, -0.701768, 0.0)], [0.147669, -0.0464162, -0.142165, 1.0)]])
0.147669, -0.0464162, -0.142165
float3(-0.138424, -2.35823, -1.56076)
90568.804144291
normal
simd_float4x4([[-0.0939934, -0.990428, -0.101081, 0.0)], [-0.821914, 0.0199031, 0.569264, 0.0)], [-0.561803, 0.136587, -0.815917, 0.0)], [0.0477475, -0.0396867, -0.222793, 1.0)]])
0.0477475, -0.0396867, -0.222793
float3(-0.137015, -2.53859, -1.5507)
90569.00425625
normal
simd_float4x4([[-0.0805905, -0.991388, -0.103222, 0.0)], [-0.883391, 0.0230769, 0.468069, 0.0)], [-0.461656, 0.128907, -0.877643, 0.0)], [-0.0783956, -0.0196084, -0.270279, 1.0)]])
-0.0783956, -0.0196084, -0.270279
float3(-0.129267, -2.65735, -1.54752)
90569.221044291
normal
simd_float4x4([[-0.0641769, -0.991469, -0.113449, 0.0)], [-0.919707, 0.0146391, 0.392332, 0.0)], [-0.387324, 0.129519, -0.912801, 0.0)], [-0.170282, -0.00374252, -0.147195, 1.0)]])
-0.170282, -0.00374252, -0.147195
float3(-0.129883, -2.74029, -1.55603)
90569.437832125
normal
simd_float4x4([[-0.0623052, -0.989952, -0.126941, 0.0)], [-0.944234, 0.0172632, 0.328822, 0.0)], [-0.323327, 0.140349, -0.935822, 0.0)], [0.047214, -0.0132793, 0.0477039, 1.0)]])
0.047214, -0.0132793, 0.0477039
float3(-0.140814, -2.80893, -1.55336)
90569.637944375
normal
simd_float4x4([[-0.0584159, -0.988807, -0.137292, 0.0)], [-0.958947, 0.017351, 0.283054, 0.0)], [-0.277503, 0.14819, -0.949227, 0.0)], [0.242785, -0.033507, 0.131331, 1.0)]])
0.242785, -0.033507, 0.131331
float3(-0.148738, -2.85717, -1.55325)
90569.838056458
normal
simd_float4x4([[-0.0584752, -0.988973, -0.13606, 0.0)], [-0.968665, 0.0232543, 0.24728, 0.0)], [-0.24139, 0.146256, -0.959344, 0.0)], [0.270656, -0.0390266, 0.143964, 1.0)]])
0.270656, -0.0390266, 0.143964
float3(-0.146783, -2.89509, -1.54729)
90570.0381685
normal
simd_float4x4([[-0.0562106, -0.988821, -0.138104, 0.0)], [-0.978565, 0.0271157, 0.204145, 0.0)], [-0.198118, 0.146619, -0.96915, 0.0)], [0.268174, -0.0432182, 0.146438, 1.0)]])
0.268174, -0.0432182, 0.146438
float3(-0.147149, -2.93995, -1.54338)
90570.2382805
normal
simd_float4x4([[-0.0501232, -0.987498, -0.149451, 0.0)], [-0.988201, 0.0273519, 0.150698, 0.0)], [-0.144726, 0.155241, -0.977218, 0.0)], [0.260607, -0.046869, 0.155993, 1.0)]])
0.260607, -0.046869, 0.155993
float3(-0.155871, -2.99456, -1.54311)
90570.438392666
normal
simd_float4x4([[-0.0596583, -0.983601, -0.170206, 0.0)], [-0.994799, 0.0444821, 0.0916265, 0.0)], [-0.0825528, 0.174788, -0.981139, 0.0)], [0.264997, -0.053534, 0.176548, 1.0)]])
0.264997, -0.053534, 0.176548
float3(-0.17569, -3.05765, -1.5256)
90570.638504666
normal
simd_float4x4([[-0.0685007, -0.982075, -0.175603, 0.0)], [-0.997255, 0.0624466, 0.0397797, 0.0)], [-0.0281008, 0.177846, -0.983657, 0.0)], [0.279586, -0.0584767, 0.210813, 1.0)]])
0.279586, -0.0584767, 0.210813
float3(-0.178797, -3.11303, -1.5073)
90570.838616708
normal
simd_float4x4([[-0.0478191, -0.981721, -0.184218, 0.0)], [-0.998844, 0.0478866, 0.00408536, 0.0)], [0.00481089, 0.1842, -0.982877, 0.0)], [0.288889, -0.0608203, 0.274506, 1.0)]])
0.288889, -0.0608203, 0.274506
float3(-0.185258, 3.1367, -1.52206)
90571.038728833
normal
simd_float4x4([[-0.0298464, -0.983918, -0.176108, 0.0)], [-0.999424, 0.0322242, -0.0106568, 0.0)], [0.0161604, 0.175689, -0.984313, 0.0)], [0.29444, -0.0569331, 0.34706, 1.0)]])
0.29444, -0.0569331, 0.34706
float3(-0.176605, 3.12518, -1.53806)
90571.238840958
normal
simd_float4x4([[-0.040335, -0.982595, -0.181329, 0.0)], [-0.9991, 0.0420474, -0.00560778, 0.0)], [0.0131346, 0.180939, -0.983407, 0.0)], [0.291622, -0.0528158, 0.429672, 1.0)]])
0.291622, -0.0528158, 0.429672
float3(-0.181941, 3.12824, -1.52803)
90571.438953041
normal
simd_float4x4([[-0.0269367, -0.98162, -0.188933, 0.0)], [-0.998536, 0.0352889, -0.0409829, 0.0)], [0.0468968, 0.187552, -0.981135, 0.0)], [0.287073, -0.0544631, 0.511321, 1.0)]])
0.287073, -0.0544631, 0.511321
float3(-0.18867, 3.09383, -1.53486)
90571.639065333
normal
simd_float4x4([[-0.0255986, -0.981856, -0.187894, 0.0)], [-0.994339, 0.044398, -0.096537, 0.0)], [0.103128, 0.184359, -0.977434, 0.0)], [0.302154, -0.0600972, 0.609337, 1.0)]])
0.302154, -0.0600972, 0.609337
float3(-0.18542, 3.03647, -1.52561)
90571.839177666
normal
simd_float4x4([[-0.0100954, -0.99046, -0.137433, 0.0)], [-0.980124, 0.0370337, -0.1949, 0.0)], [0.19813, 0.132734, -0.971147, 0.0)], [0.331287, -0.0595116, 0.719792, 1.0)]])
0.331287, -0.0595116, 0.719792
float3(-0.133126, 2.94034, -1.53342)
90572.039289625
normal
simd_float4x4([[0.036135, -0.991937, -0.121469, 0.0)], [-0.967413, -0.00423946, -0.25317, 0.0)], [0.250613, 0.126659, -0.959766, 0.0)], [0.36702, -0.0458358, 0.835374, 1.0)]])
0.36702, -0.0458358, 0.835374
float3(-0.127, 2.88618, -1.57507)
90572.256077958
normal
simd_float4x4([[0.0553504, -0.989569, -0.133001, 0.0)], [-0.965971, -0.0193645, -0.257926, 0.0)], [0.25266, 0.142751, -0.956967, 0.0)], [0.396978, -0.0397131, 0.949025, 1.0)]])
0.396978, -0.0397131, 0.949025
float3(-0.14324, 2.88346, -1.59036)
90572.45619025
normal
simd_float4x4([[0.0456164, -0.989586, -0.136521, 0.0)], [-0.967209, -0.00957135, -0.2538, 0.0)], [0.249851, 0.143621, -0.957574, 0.0)], [0.395422, -0.0453623, 1.05471, 1.0)]])
0.395422, -0.0453623, 1.05471
float3(-0.14412, 2.88636, -1.58047)
90572.672978333
normal
simd_float4x4([[0.0081976, -0.995566, -0.0937077, 0.0)], [-0.969945, 0.0148734, -0.242869, 0.0)], [0.243186, 0.0928823, -0.965522, 0.0)], [0.358275, -0.0443243, 1.15664, 1.0)]])
0.358275, -0.0443243, 1.15664
float3(-0.0930164, 2.89486, -1.55586)
90572.873090625
normal
simd_float4x4([[-0.0132441, -0.994998, -0.0990097, 0.0)], [-0.973763, 0.0353313, -0.224805, 0.0)], [0.227179, 0.0934347, -0.96936, 0.0)], [0.317908, -0.0350314, 1.26802, 1.0)]])
0.317908, -0.0350314, 1.26802
float3(-0.0935711, 2.91139, -1.5353)
90573.073202875
normal
simd_float4x4([[-0.00956719, -0.990896, -0.13429, 0.0)], [-0.9744, 0.0394046, -0.221339, 0.0)], [0.224616, 0.128734, -0.965906, 0.0)], [0.286756, -0.0338831, 1.39068, 1.0)]])
0.286756, -0.0338831, 1.39068
float3(-0.129093, 2.91311, -1.53105)
90573.273315083
normal
simd_float4x4([[-0.0110547, -0.991708, -0.128039, 0.0)], [-0.970661, 0.0414011, -0.236861, 0.0)], [0.240198, 0.121664, -0.963069, 0.0)], [0.267913, -0.0442852, 1.51817, 1.0)]])
0.267913, -0.0442852, 1.51817
float3(-0.121966, 2.89717, -1.52907)
90573.473427458
normal
simd_float4x4([[-0.00585055, -0.993285, -0.115543, 0.0)], [-0.958929, 0.03834, -0.281042, 0.0)], [0.283584, 0.109153, -0.952715, 0.0)], [0.253605, -0.0476053, 1.65066, 1.0)]])
0.253605, -0.0476053, 1.65066
float3(-0.109371, 2.85228, -1.53222)
90573.673539708
normal
simd_float4x4([[0.0207597, -0.99127, -0.130205, 0.0)], [-0.946815, 0.0223354, -0.321002, 0.0)], [0.321107, 0.129944, -0.938086, 0.0)], [0.229867, -0.0377201, 1.77065, 1.0)]])
0.229867, -0.0377201, 1.77065
float3(-0.130312, 2.81179, -1.54827)
90573.890328083
normal
simd_float4x4([[0.0273626, -0.992241, -0.12128, 0.0)], [-0.944845, 0.01394, -0.32722, 0.0)], [0.326372, 0.123545, -0.937133, 0.0)], [0.19831, -0.0321752, 1.87895, 1.0)]])
0.19831, -0.0321752, 1.87895
float3(-0.123861, 2.80646, -1.55675)
90574.090440291
normal
simd_float4x4([[0.0314745, -0.991023, -0.129935, 0.0)], [-0.950101, 0.0107004, -0.311757, 0.0)], [0.310349, 0.133264, -0.941235, 0.0)], [0.145925, -0.0413008, 1.98328, 1.0)]])
0.145925, -0.0413008, 1.98328
float3(-0.133662, 2.82309, -1.56)
90574.290552666
normal
simd_float4x4([[0.0179826, -0.991452, -0.129227, 0.0)], [-0.95889, 0.0195087, -0.283107, 0.0)], [0.283209, 0.129006, -0.950342, 0.0)], [0.0816882, -0.0356439, 2.08223, 1.0)]])
0.0816882, -0.0356439, 2.08223
float3(-0.129366, 2.85197, -1.55112)
90574.490664916
normal
simd_float4x4([[-0.00719382, -0.992372, -0.123067, 0.0)], [-0.965768, 0.0388088, -0.256489, 0.0)], [0.259308, 0.117009, -0.958681, 0.0)], [0.0366153, -0.0296267, 2.16349, 1.0)]])
0.0366153, -0.0296267, 2.16349
float3(-0.117277, 2.87743, -1.53171)
90574.690777125
normal
simd_float4x4([[-0.0157127, -0.992408, -0.121978, 0.0)], [-0.968455, 0.0454476, -0.245008, 0.0)], [0.248691, 0.11428, -0.961817, 0.0)], [0.00382958, -0.0251498, 2.23853, 1.0)]])
0.00382958, -0.0251498, 2.23853
float3(-0.114531, 2.88857, -1.52503)
90574.8908895
normal
simd_float4x4([[-0.00972328, -0.991514, -0.129635, 0.0)], [-0.966218, 0.0427059, -0.254165, 0.0)], [0.257544, 0.122784, -0.958434, 0.0)], [-0.0221574, -0.0310047, 2.32413, 1.0)]])
-0.0221574, -0.0310047, 2.32413
float3(-0.123095, 2.87908, -1.52775)
90575.107677916
normal
simd_float4x4([[-0.0183385, -0.994321, -0.104834, 0.0)], [-0.957454, 0.0476671, -0.284622, 0.0)], [0.288003, 0.0951544, -0.95289, 0.0)], [-0.0446982, -0.0349203, 2.43839, 1.0)]])
-0.0446982, -0.0349203, 2.43839
float3(-0.0952986, 2.84808, -1.52289)
90575.307790333
normal
simd_float4x4([[0.00110483, -0.996118, -0.0880206, 0.0)], [-0.946707, 0.0273089, -0.320935, 0.0)], [0.322093, 0.0836843, -0.943002, 0.0)], [-0.0646938, -0.0302333, 2.54888, 1.0)]])
-0.0646938, -0.0302333, 2.54888
float3(-0.0837823, 2.81246, -1.54339)
90575.507902708
normal
simd_float4x4([[0.0234971, -0.993575, -0.110712, 0.0)], [-0.945461, 0.0139035, -0.325438, 0.0)], [0.324887, 0.11232, -0.93906, 0.0)], [-0.083422, -0.0264219, 2.6527, 1.0)]])
-0.083422, -0.0264219, 2.6527
float3(-0.112558, 2.80851, -1.5568)
90575.708015083
normal
simd_float4x4([[0.0345729, -0.992948, -0.113394, 0.0)], [-0.949167, 0.00289675, -0.314759, 0.0)], [0.312868, 0.118512, -0.942374, 0.0)], [-0.116649, -0.0318712, 2.75358, 1.0)]])
-0.116649, -0.0318712, 2.75358
float3(-0.118791, 2.82104, -1.56788)
90575.9081275
normal
simd_float4x4([[0.0192757, -0.993864, -0.108917, 0.0)], [-0.957332, 0.0130708, -0.288694, 0.0)], [0.288346, 0.109835, -0.951206, 0.0)], [-0.162573, -0.0371748, 2.86042, 1.0)]])
-0.162573, -0.0371748, 2.86042
float3(-0.110057, 2.84726, -1.55765)
90576.10824
normal
simd_float4x4([[0.0110492, -0.996513, -0.082703, 0.0)], [-0.964385, 0.011239, -0.264265, 0.0)], [0.264273, 0.0826774, -0.960898, 0.0)], [-0.217251, -0.0233537, 2.96116, 1.0)]])
-0.217251, -0.0233537, 2.96116
float3(-0.0827719, 2.8732, -1.55952)
90576.3083525
normal
simd_float4x4([[0.0168619, -0.993908, -0.108913, 0.0)], [-0.967138, 0.0114253, -0.253995, 0.0)], [0.253692, 0.109617, -0.961054, 0.0)], [-0.256089, -0.0187116, 3.05614, 1.0)]])
-0.256089, -0.0187116, 3.05614
float3(-0.109838, 2.88351, -1.5593)
90576.508464958
normal
simd_float4x4([[0.00591533, -0.993573, -0.113037, 0.0)], [-0.965221, 0.0238721, -0.260341, 0.0)], [0.261367, 0.110646, -0.958877, 0.0)], [-0.280456, -0.024411, 3.1559, 1.0)]])
-0.280456, -0.024411, 3.1559
float3(-0.110873, 2.87548, -1.54677)
90576.725253333
normal
simd_float4x4([[-0.0138248, -0.990723, -0.13519, 0.0)], [-0.954302, 0.0534384, -0.294029, 0.0)], [0.298525, 0.124947, -0.946187, 0.0)], [-0.298438, -0.0376174, 3.29961, 1.0)]])
-0.298438, -0.0376174, 3.29961
float3(-0.125274, 2.83597, -1.51691)
90576.925365958
normal
simd_float4x4([[-0.0141912, -0.993017, -0.117115, 0.0)], [-0.941998, 0.0525562, -0.331478, 0.0)], [0.335318, 0.105618, -0.936166, 0.0)], [-0.315212, -0.0351177, 3.43708, 1.0)]])
-0.315212, -0.0351177, 3.43708
float3(-0.105816, 2.79765, -1.51792)
90577.125478416
normal
simd_float4x4([[0.0135376, -0.991494, -0.129449, 0.0)], [-0.942981, 0.0303993, -0.331455, 0.0)], [0.332571, 0.126555, -0.934548, 0.0)], [-0.345291, -0.0314436, 3.56372, 1.0)]])
-0.345291, -0.0314436, 3.56372
float3(-0.126895, 2.7997, -1.54015)
90577.325590833
normal
simd_float4x4([[0.0277333, -0.990937, -0.131433, 0.0)], [-0.947738, 0.0157413, -0.318662, 0.0)], [0.317843, 0.133401, -0.938712, 0.0)], [-0.392931, -0.0376672, 3.69296, 1.0)]])
-0.392931, -0.0376672, 3.69296
float3(-0.1338, 2.81511, -1.55491)
90577.542379458
normal
simd_float4x4([[-0.0109433, -0.992848, -0.118881, 0.0)], [-0.96445, 0.0418732, -0.260928, 0.0)], [0.26404, 0.1118, -0.95801, 0.0)], [-0.452193, -0.0399088, 3.83681, 1.0)]])
-0.452193, -0.0399088, 3.83681
float3(-0.112034, 2.87266, -1.52865)
90577.742491958
normal
simd_float4x4([[-0.0138751, -0.990791, -0.134687, 0.0)], [-0.97331, 0.0442424, -0.22519, 0.0)], [0.229075, 0.127968, -0.964961, 0.0)], [-0.509356, -0.0327981, 3.95891, 1.0)]])
-0.509356, -0.0327981, 3.95891
float3(-0.12832, 2.90851, -1.52617)
90577.942604416
normal
simd_float4x4([[-0.040438, -0.990712, -0.129824, 0.0)], [-0.973552, 0.0683066, -0.218017, 0.0)], [0.22486, 0.117574, -0.967272, 0.0)], [-0.546906, -0.0300714, 4.07657, 1.0)]])
-0.546906, -0.0300714, 4.07657
float3(-0.117847, 2.91318, -1.50196)
90578.142716916
normal
simd_float4x4([[-0.0294366, -0.99439, -0.101599, 0.0)], [-0.968514, 0.0535127, -0.243138, 0.0)], [0.247211, 0.0912432, -0.964656, 0.0)], [-0.578546, -0.038835, 4.2025, 1.0)]])
-0.578546, -0.038835, 4.2025
float3(-0.0913702, 2.89072, -1.51703)
90578.359505625
normal
simd_float4x4([[-0.00681449, -0.998382, -0.0564468, 0.0)], [-0.959026, 0.0225134, -0.28242, 0.0)], [0.283234, 0.0522094, -0.957629, 0.0)], [-0.598117, -0.0425571, 4.3519, 1.0)]])
-0.598117, -0.0425571, 4.3519
float3(-0.0522331, 2.85402, -1.54825)
90578.576294125
normal
simd_float4x4([[0.0310335, -0.997749, -0.059453, 0.0)], [-0.956482, -0.0123786, -0.291529, 0.0)], [0.290137, 0.0659129, -0.954713, 0.0)], [-0.620557, -0.0354499, 4.48725, 1.0)]])
-0.620557, -0.0354499, 4.48725
float3(-0.0659607, 2.84656, -1.5832)
90578.776406791
normal
simd_float4x4([[0.0369791, -0.997508, -0.0600835, 0.0)], [-0.960802, -0.0189585, -0.276587, 0.0)], [0.274759, 0.0679562, -0.959109, 0.0)], [-0.650106, -0.0357853, 4.60779, 1.0)]])
-0.650106, -0.0357853, 4.60779
float3(-0.0680087, 2.86259, -1.5898)
90578.976519291
normal
simd_float4x4([[0.00985703, -0.998387, -0.0559135, 0.0)], [-0.966998, 0.00471936, -0.254741, 0.0)], [0.254594, 0.0565793, -0.965391, 0.0)], [-0.691056, -0.0386181, 4.73118, 1.0)]])
-0.691056, -0.0386181, 4.73118
float3(-0.0566095, 2.88374, -1.56607)
90579.193308
normal
simd_float4x4([[-0.0174013, -0.998189, -0.0575838, 0.0)], [-0.971451, 0.0305076, -0.235272, 0.0)], [0.236602, 0.0518458, -0.970222, 0.0)], [-0.739032, -0.0278591, 4.85991, 1.0)]])
-0.739032, -0.0278591, 4.85991
float3(-0.051869, 2.9024, -1.54024)
90579.393420541
normal
simd_float4x4([[-0.0286681, -0.996488, -0.0786773, 0.0)], [-0.972684, 0.0459485, -0.227539, 0.0)], [0.230355, 0.0700051, -0.970585, 0.0)], [-0.768782, -0.0252259, 4.97649, 1.0)]])
-0.768782, -0.0252259, 4.97649
float3(-0.0700624, 2.90857, -1.52472)
90579.593533083
normal
simd_float4x4([[-0.0226582, -0.995932, -0.0872075, 0.0)], [-0.966332, 0.0441802, -0.253477, 0.0)], [0.256299, 0.078528, -0.963402, 0.0)], [-0.794626, -0.0356418, 5.10336, 1.0)]])
-0.794626, -0.0356418, 5.10336
float3(-0.078609, 2.88158, -1.52646)
90579.793645708
normal
simd_float4x4([[-0.0123509, -0.998155, -0.0594508, 0.0)], [-0.954547, 0.029477, -0.2966, 0.0)], [0.297805, 0.0530853, -0.953149, 0.0)], [-0.810495, -0.0360068, 5.22447, 1.0)]])
-0.810495, -0.0360068, 5.22447
float3(-0.0531102, 2.83876, -1.54127)
90579.993758375
normal
simd_float4x4([[0.0267209, -0.998669, -0.0441062, 0.0)], [-0.947651, -0.0112624, -0.319108, 0.0)], [0.318187, 0.0503242, -0.946691, 0.0)], [-0.835308, -0.0251193, 5.3344, 1.0)]])
-0.835308, -0.0251193, 5.3344
float3(-0.0503454, 2.81735, -1.58207)
90580.210547
normal
simd_float4x4([[0.0350669, -0.998283, -0.0469207, 0.0)], [-0.94979, -0.0186835, -0.31233, 0.0)], [0.310917, 0.0555172, -0.948814, 0.0)], [-0.871869, -0.0282642, 5.45696, 1.0)]])
-0.871869, -0.0282642, 5.45696
float3(-0.0555458, 2.82493, -1.58951)
90580.427335833
normal
simd_float4x4([[0.0183231, -0.998985, -0.0411461, 0.0)], [-0.958631, -0.00586127, -0.28459, 0.0)], [0.28406, 0.0446585, -0.957766, 0.0)], [-0.926314, -0.032141, 5.57324, 1.0)]])
-0.926314, -0.032141, 5.57324
float3(-0.0446734, 2.85327, -1.57666)
90580.644124666
normal
simd_float4x4([[-0.012502, -0.999348, -0.033855, 0.0)], [-0.965967, 0.0208187, -0.257824, 0.0)], [0.258361, 0.0294795, -0.965599, 0.0)], [-0.980617, -0.0199404, 5.67772, 1.0)]])
-0.980617, -0.0199404, 5.67772
float3(-0.0294838, 2.88015, -1.54997)
90580.844237291
normal
simd_float4x4([[-0.00569672, -0.997223, -0.0742489, 0.0)], [-0.965707, 0.0247598, -0.25845, 0.0)], [0.259571, 0.0702304, -0.963167, 0.0)], [-1.02476, -0.0214937, 5.76763, 1.0)]])
-1.02476, -0.0214937, 5.76763
float3(-0.0702882, 2.87835, -1.54597)
90581.044349875
normal
simd_float4x4([[-0.00459069, -0.997191, -0.0747628, 0.0)], [-0.960436, 0.0252159, -0.277357, 0.0)], [0.278463, 0.0705316, -0.957854, 0.0)], [-1.0584, -0.0282142, 5.86143, 1.0)]])
-1.0584, -0.0282142, 5.86143
float3(-0.0705902, 2.85868, -1.54551)
90581.244462708
normal
simd_float4x4([[-0.00874702, -0.997942, -0.0635281, 0.0)], [-0.948662, 0.0283688, -0.315017, 0.0)], [0.316171, 0.0575112, -0.946958, 0.0)], [-1.07751, -0.0372167, 5.96315, 1.0)]])
-1.07751, -0.0372167, 5.96315
float3(-0.057543, 2.81935, -1.54238)
90581.444575208
normal
simd_float4x4([[0.0018454, -0.99934, -0.0362847, 0.0)], [-0.938468, 0.0108007, -0.345197, 0.0)], [0.345361, 0.0346891, -0.937828, 0.0)], [-1.08795, -0.0321438, 6.05714, 1.0)]])
-1.08795, -0.0321438, 6.05714
float3(-0.034696, 2.78875, -1.55999)
90581.644688166
normal
simd_float4x4([[0.0206437, -0.998124, -0.0576402, 0.0)], [-0.934415, 0.00124312, -0.356184, 0.0)], [0.355587, 0.0612128, -0.932636, 0.0)], [-1.10142, -0.0265092, 6.14156, 1.0)]])
-1.10142, -0.0265092, 6.14156
float3(-0.0612511, 2.77734, -1.56955)
90581.861476875
normal
simd_float4x4([[0.0320558, -0.998341, -0.0478376, 0.0)], [-0.940732, -0.0139687, -0.338863, 0.0)], [0.337633, 0.0558649, -0.939619, 0.0)], [-1.1245, -0.0209783, 6.20766, 1.0)]])
-1.1245, -0.0209783, 6.20766
float3(-0.055894, 2.79663, -1.58479)
90582.061589625
normal
simd_float4x4([[0.0130563, -0.999319, -0.0345123, 0.0)], [-0.953787, -0.00208415, -0.300477, 0.0)], [0.300201, 0.0368405, -0.953164, 0.0)], [-1.14789, -0.0161739, 6.25634, 1.0)]])
-1.14789, -0.0161739, 6.25634
float3(-0.0368488, 2.83648, -1.57288)
90582.261702333
normal
simd_float4x4([[-0.00282665, -0.999746, -0.0223444, 0.0)], [-0.965214, 0.00856956, -0.261321, 0.0)], [0.261446, 0.0208284, -0.964993, 0.0)], [-1.17798, -0.00893481, 6.29381, 1.0)]])
-1.17798, -0.00893481, 6.29381
float3(-0.0208299, 2.87701, -1.56222)
90582.461815125
normal
simd_float4x4([[-0.0105512, -0.999782, -0.0180133, 0.0)], [-0.970575, 0.0145736, -0.240356, 0.0)], [0.240566, 0.0149472, -0.970518, 0.0)], [-1.20571, -0.00610486, 6.3276, 1.0)]])
-1.20571, -0.00610486, 6.3276
float3(-0.0149478, 2.89862, -1.55622)
90582.678603833
normal
simd_float4x4([[-0.00893403, -0.999565, -0.028096, 0.0)], [-0.973907, 0.0150696, -0.226444, 0.0)], [0.226769, 0.0253398, -0.973619, 0.0)], [-1.22556, -0.00952841, 6.35251, 1.0)]])
-1.22556, -0.00952841, 6.35251
float3(-0.0253425, 2.91276, -1.55572)
90582.878716666
normal
simd_float4x4([[-0.00771791, -0.999765, -0.0202754, 0.0)], [-0.974538, 0.0120638, -0.223896, 0.0)], [0.224088, 0.0180312, -0.974402, 0.0)], [-1.23657, -0.0101878, 6.36474, 1.0)]])
-1.23657, -0.0101878, 6.36474
float3(-0.0180322, 2.91555, -1.55873)
90583.078829458
normal
simd_float4x4([[-0.00396325, -0.999821, -0.0185135, 0.0)], [-0.974208, 0.00803742, -0.225509, 0.0)], [0.225617, 0.0171422, -0.974065, 0.0)], [-1.24231, -0.00997055, 6.37068, 1.0)]])
-1.24231, -0.00997055, 6.37068
float3(-0.017143, 2.91398, -1.56276)
90583.278942166
normal
simd_float4x4([[-0.00528278, -0.99983, -0.0176906, 0.0)], [-0.973264, 0.00920316, -0.229503, 0.0)], [0.229627, 0.0160052, -0.973147, 0.0)], [-1.24469, -0.0112535, 6.37538, 1.0)]])
-1.24469, -0.0112535, 6.37538
float3(-0.0160059, 2.90987, -1.56159)
90583.479055041
normal
simd_float4x4([[-0.00733683, -0.999789, -0.0192003, 0.0)], [-0.972793, 0.0115824, -0.231387, 0.0)], [0.23156, 0.0169803, -0.972672, 0.0)], [-1.24413, -0.00981782, 6.36607, 1.0)]])
-1.24413, -0.00981782, 6.36607
float3(-0.0169811, 2.90788, -1.55921)
90583.679167833
normal
simd_float4x4([[-0.00611897, -0.999854, -0.0159392, 0.0)], [-0.972956, 0.00963348, -0.230789, 0.0)], [0.230909, 0.0140959, -0.972873, 0.0)], [-1.2396, -0.010199, 6.35929, 1.0)]])
-1.2396, -0.010199, 6.35929
float3(-0.0140964, 2.90856, -1.56116)
90583.879280833
normal
simd_float4x4([[-0.00696382, -0.999917, -0.0108368, 0.0)], [-0.973381, 0.00926093, -0.229007, 0.0)], [0.229088, 0.0089536, -0.973364, 0.0)], [-1.237, -0.00795958, 6.35551, 1.0)]])
-1.237, -0.00795958, 6.35551
float3(-0.00895372, 2.91044, -1.56153)
90584.0960695
normal
simd_float4x4([[-0.0103297, -0.999868, -0.0125223, 0.0)], [-0.973849, 0.0129017, -0.226831, 0.0)], [0.226963, 0.00985177, -0.973854, 0.0)], [-1.23335, -0.00728296, 6.35523, 1.0)]])
-1.23335, -0.00728296, 6.35523
float3(-0.00985193, 2.91262, -1.55789)
90584.296182375
normal
simd_float4x4([[-0.0106984, -0.999826, -0.0152752, 0.0)], [-0.973897, 0.0138824, -0.226564, 0.0)], [0.226737, 0.0124526, -0.973876, 0.0)], [-1.22887, -0.00669473, 6.35879, 1.0)]])
-1.22887, -0.00669473, 6.35879
float3(-0.0124529, 2.91285, -1.55691)
90584.496295333
normal
simd_float4x4([[-0.0104913, -0.999798, -0.0171523, 0.0)], [-0.973758, 0.014115, -0.227146, 0.0)], [0.227343, 0.0143191, -0.97371, 0.0)], [-1.23074, -0.00552763, 6.3566, 1.0)]])
-1.23074, -0.00552763, 6.3566
float3(-0.0143196, 2.91222, -1.55668)
90584.696408125
normal
simd_float4x4([[-0.00934069, -0.999845, -0.0149022, 0.0)], [-0.973868, 0.0124779, -0.226773, 0.0)], [0.226924, 0.0123946, -0.973834, 0.0)], [-1.22872, -0.00381457, 6.35982, 1.0)]])
-1.22872, -0.00381457, 6.35982
float3(-0.0123949, 2.91266, -1.55832)
90584.896521083
normal
simd_float4x4([[-0.0113812, -0.999877, -0.0107928, 0.0)], [-0.973676, 0.013539, -0.227534, 0.0)], [0.227652, 0.00791908, -0.97371, 0.0)], [-1.22637, -0.00491866, 6.35566, 1.0)]])
-1.22637, -0.00491866, 6.35566
float3(-0.00791917, 2.91192, -1.55726)
90585.096633916
normal
simd_float4x4([[-0.00963944, -0.999875, -0.0125048, 0.0)], [-0.974658, 0.0121899, -0.223368, 0.0)], [0.223493, 0.0100348, -0.974654, 0.0)], [-1.22923, -0.00748635, 6.35836, 1.0)]])
-1.22923, -0.00748635, 6.35836
float3(-0.0100349, 2.91618, -1.55861)
90585.29674675
normal
simd_float4x4([[-0.0212138, -0.99977, -0.00298688, 0.0)], [-0.978404, 0.0213747, -0.205595, 0.0)], [0.205612, -0.00143909, -0.978633, 0.0)], [-1.241, -0.0047078, 6.36622, 1.0)]])
-1.241, -0.0047078, 6.36622
float3(0.00143909, 2.9345, -1.54942)
90585.496859625
normal
simd_float4x4([[-0.0231739, -0.999613, -0.0153679, 0.0)], [-0.978153, 0.0258476, -0.206272, 0.0)], [0.20659, 0.010252, -0.978374, 0.0)], [-1.2574, -0.0109921, 6.39367, 1.0)]])
-1.2574, -0.0109921, 6.39367
float3(-0.0102522, 2.93349, -1.54494)
90585.713648625
normal
simd_float4x4([[-0.0373887, -0.998549, -0.0387622, 0.0)], [-0.973843, 0.0451086, -0.2227, 0.0)], [0.224125, 0.0294219, -0.974116, 0.0)], [-1.26755, -0.0149543, 6.44447, 1.0)]])
-1.26755, -0.0149543, 6.44447
float3(-0.0294261, 2.91545, -1.52565)
90585.930437625
normal
simd_float4x4([[-0.0503247, -0.997803, -0.0430984, 0.0)], [-0.963029, 0.0599156, -0.26265, 0.0)], [0.264656, 0.0282872, -0.963928, 0.0)], [-1.27779, -0.0205226, 6.52197, 1.0)]])
-1.27779, -0.0205226, 6.52197
float3(-0.028291, 2.87364, -1.51082)
90586.147226666
normal
simd_float4x4([[-0.05517, -0.998441, -0.00847583, 0.0)], [-0.950133, 0.0551063, -0.306938, 0.0)], [0.306926, -0.00888056, -0.951692, 0.0)], [-1.28291, -0.0150725, 6.60907, 1.0)]])
-1.28291, -0.0150725, 6.60907
float3(0.00888068, 2.82962, -1.51566)
90586.347339708
normal
simd_float4x4([[-0.0269992, -0.999354, 0.0237028, 0.0)], [-0.945935, 0.0178746, -0.323862, 0.0)], [0.323229, -0.0311654, -0.945807, 0.0)], [-1.28579, -0.00736108, 6.68632, 1.0)]])
-1.28579, -0.00736108, 6.68632
float3(0.0311704, 2.81229, -1.55291)
90586.547452583
normal
simd_float4x4([[-0.0069773, -0.999893, 0.0128639, 0.0)], [-0.945288, 0.00239924, -0.326229, 0.0)], [0.326163, -0.0144363, -0.945203, 0.0)], [-1.29483, -0.00488025, 6.75697, 1.0)]])
-1.29483, -0.00488025, 6.75697
float3(0.0144368, 2.80931, -1.5684)
90586.764241625
normal
simd_float4x4([[-0.00824079, -0.999868, 0.0139943, 0.0)], [-0.94754, 0.00333608, -0.319619, 0.0)], [0.31953, -0.0158941, -0.947443, 0.0)], [-1.31739, -0.005658, 6.83116, 1.0)]])
-1.31739, -0.005658, 6.83116
float3(0.0158947, 2.81632, -1.56746)
90586.964354541
normal
simd_float4x4([[-0.0228123, -0.999494, 0.0221517, 0.0)], [-0.954614, 0.0151954, -0.297459, 0.0)], [0.296972, -0.027932, -0.954478, 0.0)], [-1.35517, -0.0100548, 6.908, 1.0)]])
-1.35517, -0.0100548, 6.908
float3(0.0279357, 2.83995, -1.55559)
90587.181143541
normal
simd_float4x4([[-0.0272562, -0.999354, 0.0234117, 0.0)], [-0.962733, 0.0199387, -0.269719, 0.0)], [0.269078, -0.0298907, -0.962654, 0.0)], [-1.41009, -0.00341085, 6.99544, 1.0)]])
-1.41009, -0.00341085, 6.99544
float3(0.0298952, 2.86903, -1.55085)
90587.381256541
normal
simd_float4x4([[-0.0556886, -0.997373, 0.0463315, 0.0)], [-0.965188, 0.0418982, -0.258179, 0.0)], [0.25556, -0.0590962, -0.964985, 0.0)], [-1.44977, 0.00451869, 7.05361, 1.0)]])
-1.44977, 0.00451869, 7.05361
float3(0.0591307, 2.8827, -1.52881)
90587.581369375
normal
simd_float4x4([[-0.064235, -0.997634, 0.0244777, 0.0)], [-0.965038, 0.0558529, -0.256089, 0.0)], [0.254116, -0.0400718, -0.966343, 0.0)], [-1.47409, 0.00521211, 7.11417, 1.0)]])
-1.47409, 0.00521211, 7.11417
float3(0.0400825, 2.88445, -1.51487)
90587.781482416
normal
simd_float4x4([[-0.0561833, -0.998222, 0.0199109, 0.0)], [-0.968039, 0.0495806, -0.245851, 0.0)], [0.244427, -0.0330873, -0.969103, 0.0)], [-1.48741, -0.000260621, 7.1817, 1.0)]])
-1.48741, -0.000260621, 7.1817
float3(0.0330933, 2.89453, -1.52117)
90587.981595458
normal
simd_float4x4([[-0.052633, -0.998539, 0.0122256, 0.0)], [-0.963379, 0.0475487, -0.263894, 0.0)], [0.262928, -0.0256674, -0.964474, 0.0)], [-1.49573, -0.0073178, 7.2709, 1.0)]])
-1.49573, -0.0073178, 7.2709
float3(0.0256702, 2.87545, -1.52321)
90588.181708291
normal
simd_float4x4([[-0.0550203, -0.997341, 0.0477939, 0.0)], [-0.954499, 0.0384855, -0.295721, 0.0)], [0.293095, -0.0618898, -0.954078, 0.0)], [-1.49693, -0.00033614, 7.35714, 1.0)]])
-1.49693, -0.00033614, 7.35714
float3(0.0619294, 2.84354, -1.53223)
90588.381821208
normal
simd_float4x4([[-0.0425518, -0.997411, 0.0579768, 0.0)], [-0.952151, 0.0229057, -0.304767, 0.0)], [0.30265, -0.0681711, -0.950661, 0.0)], [-1.49324, 0.00257932, 7.43483, 1.0)]])
-1.49324, 0.00257932, 7.43483
float3(0.068224, 2.83338, -1.54784)
90588.598610416
normal
simd_float4x4([[-0.0399302, -0.998326, 0.0418284, 0.0)], [-0.954518, 0.0257325, -0.297039, 0.0)], [0.295466, -0.0517868, -0.953949, 0.0)], [-1.50068, 0.00690097, 7.51369, 1.0)]])
-1.50068, 0.00690097, 7.51369
float3(0.05181, 2.84123, -1.54503)
90588.798723375
normal
simd_float4x4([[-0.0444454, -0.99863, 0.0276098, 0.0)], [-0.959736, 0.0350086, -0.278712, 0.0)], [0.277364, -0.0388856, -0.959978, 0.0)], [-1.52112, 0.00121792, 7.5943, 1.0)]])
-1.52112, 0.00121792, 7.5943
float3(0.0388954, 2.86033, -1.53575)
90588.998836375
normal
simd_float4x4([[-0.0593515, -0.997693, 0.0329512, 0.0)], [-0.96706, 0.0492812, -0.249732, 0.0)], [0.247532, -0.0466877, -0.967754, 0.0)], [-1.55652, -0.000209823, 7.6844, 1.0)]])
-1.55652, -0.000209823, 7.6844
float3(0.0467047, 2.89118, -1.52144)
90589.198949291
normal
simd_float4x4([[-0.0860659, -0.995629, 0.0362719, 0.0)], [-0.975013, 0.0766882, -0.208492, 0.0)], [0.204799, -0.0533096, -0.977351, 0.0)], [-1.59955, 0.0112588, 7.78058, 1.0)]])
-1.59955, 0.0112588, 7.78058
float3(0.0533349, 2.93504, -1.49392)
90589.415738333
normal
simd_float4x4([[-0.0767757, -0.996691, 0.0266841, 0.0)], [-0.980695, 0.0706621, -0.182328, 0.0)], [0.179839, -0.0401674, -0.982876, 0.0)], [-1.6433, 0.0103833, 7.86611, 1.0)]])
-1.6433, 0.0103833, 7.86611
float3(0.0401782, 2.96062, -1.50002)
90589.615851416
normal
simd_float4x4([[-0.0851087, -0.996063, 0.0247886, 0.0)], [-0.978518, 0.0788692, -0.19048, 0.0)], [0.187775, -0.0404676, -0.981378, 0.0)], [-1.66571, 0.0111026, 7.9381, 1.0)]])
-1.66571, 0.0111026, 7.9381
float3(0.0404786, 2.95254, -1.49178)
90589.832640541
normal
simd_float4x4([[-0.0831952, -0.996319, 0.0206589, 0.0)], [-0.96946, 0.0761183, -0.233138, 0.0)], [0.230707, -0.0394239, -0.972224, 0.0)], [-1.67863, 0.00212452, 8.03232, 1.0)]])
-1.67863, 0.00212452, 8.03232
float3(0.0394341, 2.9086, -1.49454)
90590.032753625
normal
simd_float4x4([[-0.0757313, -0.996401, 0.0380773, 0.0)], [-0.957245, 0.0619571, -0.282565, 0.0)], [0.279189, -0.0578483, -0.958492, 0.0)], [-1.67849, 0.000418931, 8.12759, 1.0)]])
-1.67849, 0.000418931, 8.12759
float3(0.0578806, 2.85816, -1.5087)
90590.232866541
normal
simd_float4x4([[-0.055285, -0.99672, 0.0590977, 0.0)], [-0.955475, 0.0356299, -0.292911, 0.0)], [0.289845, -0.07266, -0.954311, 0.0)], [-1.67536, -5.6441e-05, 8.21976, 1.0)]])
-1.67536, -5.6441e-05, 8.21976
float3(0.072724, 2.84672, -1.53506)
90590.432979583
normal
simd_float4x4([[-0.0327645, -0.998886, 0.0339631, 0.0)], [-0.960811, 0.0221204, -0.27632, 0.0)], [0.27526, -0.0416856, -0.960465, 0.0)], [-1.68174, 0.00107493, 8.30955, 1.0)]])
-1.68174, 0.00107493, 8.30955
float3(0.0416977, 2.86248, -1.54865)
90590.633092625
normal
simd_float4x4([[-0.0289559, -0.99946, 0.0155316, 0.0)], [-0.965344, 0.0239289, -0.259882, 0.0)], [0.25937, -0.0225185, -0.965515, 0.0)], [-1.70296, -0.00547996, 8.40699, 1.0)]])
-1.70296, -0.00547996, 8.40699
float3(0.0225204, 2.87915, -1.54686)
90590.833205625
normal
simd_float4x4([[-0.0434388, -0.999035, 0.00640147, 0.0)], [-0.973799, 0.0409081, -0.223699, 0.0)], [0.223222, -0.015951, -0.974637, 0.0)], [-1.73535, -0.0141045, 8.50616, 1.0)]])
-1.73535, -0.0141045, 8.50616
float3(0.0159517, 2.91645, -1.52987)
90591.033318791
normal
simd_float4x4([[-0.0637867, -0.997963, -0.000455552, 0.0)], [-0.980994, 0.0627858, -0.183601, 0.0)], [0.183255, -0.0112644, -0.983001, 0.0)], [-1.76971, -0.0123111, 8.60256, 1.0)]])
-1.76971, -0.0123111, 8.60256
float3(0.0112646, 2.95728, -1.50797)
90591.233431916
normal
simd_float4x4([[-0.0622886, -0.997984, -0.0121953, 0.0)], [-0.986079, 0.0634239, -0.153706, 0.0)], [0.15417, 0.00245141, -0.988041, 0.0)], [-1.79513, -0.0119941, 8.68476, 1.0)]])
-1.79513, -0.0119941, 8.68476
float3(-0.00245142, 2.98681, -1.50733)
90591.433544958
normal
simd_float4x4([[-0.0810634, -0.996468, -0.0219207, 0.0)], [-0.984239, 0.0834978, -0.155888, 0.0)], [0.157168, 0.00893838, -0.987532, 0.0)], [-1.80857, -0.0136895, 8.76772, 1.0)]])
-1.80857, -0.0136895, 8.76772
float3(-0.0089385, 2.98376, -1.4872)
90591.633658041
normal
simd_float4x4([[-0.0910961, -0.995163, -0.0367681, 0.0)], [-0.972969, 0.0968109, -0.209663, 0.0)], [0.212208, 0.0166748, -0.977082, 0.0)], [-1.81553, -0.0253816, 8.86709, 1.0)]])
-1.81553, -0.0253816, 8.86709
float3(-0.0166756, 2.92773, -1.47382)
90591.833771125
normal
simd_float4x4([[-0.0792787, -0.996841, -0.00480549, 0.0)], [-0.958663, 0.0775621, -0.27377, 0.0)], [0.273277, -0.0170972, -0.961783, 0.0)], [-1.81395, -0.0258836, 8.96329, 1.0)]])
-1.81395, -0.0258836, 8.96329
float3(0.0170981, 2.86475, -1.49314)
90592.03388425
normal
simd_float4x4([[-0.0525579, -0.998618, 0.000343275, 0.0)], [-0.956301, 0.0502318, -0.288036, 0.0)], [0.28762, -0.0154668, -0.95762, 0.0)], [-1.81079, -0.0239581, 9.04885, 1.0)]])
-1.81079, -0.0239581, 9.04885
float3(0.0154674, 2.84982, -1.52054)
90592.23399725
normal
simd_float4x4([[-0.056239, -0.998403, -0.00532788, 0.0)], [-0.945942, 0.0549896, -0.31964, 0.0)], [0.319422, -0.0129363, -0.947524, 0.0)], [-1.81783, -0.017301, 9.12539, 1.0)]])
-1.81783, -0.017301, 9.12539
float3(0.0129367, 2.81644, -1.51577)
90592.434110291
normal
simd_float4x4([[-0.0618436, -0.997811, -0.0234354, 0.0)], [-0.929521, 0.0661319, -0.36279, 0.0)], [0.363546, -0.000652608, -0.931576, 0.0)], [-1.84637, -0.0225431, 9.20741, 1.0)]])
-1.84637, -0.0225431, 9.20741
float3(0.000652608, 2.76952, -1.50462)
90592.6508995
normal
simd_float4x4([[-0.061568, -0.998098, 0.003083, 0.0)], [-0.916789, 0.0553307, -0.395521, 0.0)], [0.394598, -0.0271779, -0.918452, 0.0)], [-1.88841, -0.0237332, 9.29904, 1.0)]])
-1.88841, -0.0237332, 9.29904
float3(0.0271812, 2.7358, -1.51542)
90592.851012583
normal
simd_float4x4([[-0.0827782, -0.996562, 0.00356121, 0.0)], [-0.900669, 0.0732825, -0.428282, 0.0)], [0.426548, -0.0386598, -0.903638, 0.0)], [-1.92, -0.0191278, 9.38426, 1.0)]])
-1.92, -0.0191278, 9.38426
float3(0.0386695, 2.70057, -1.49739)
90593.067801833
normal
simd_float4x4([[-0.0770843, -0.996877, -0.0171644, 0.0)], [-0.85522, 0.0749603, -0.512814, 0.0)], [0.5125, -0.0248506, -0.858328, 0.0)], [-1.95902, -0.0138811, 9.45001, 1.0)]])
-1.95902, -0.0138811, 9.45001
float3(0.0248532, 2.60332, -1.49574)
90593.284590958
normal
simd_float4x4([[-0.0792122, -0.996319, -0.0327756, 0.0)], [-0.748187, 0.0811472, -0.658507, 0.0)], [0.658743, -0.0276396, -0.75186, 0.0)], [-1.99106, -0.0156904, 9.50066, 1.0)]])
-1.99106, -0.0156904, 9.50066
float3(0.0276431, 2.42211, -1.48953)
90593.484704
normal
simd_float4x4([[-0.0572841, -0.997909, -0.0299437, 0.0)], [-0.579085, 0.0576439, -0.813226, 0.0)], [0.813252, -0.029245, -0.581177, 0.0)], [-2.01037, -0.00838572, 9.54364, 1.0)]])
-2.01037, -0.00838572, 9.54364
float3(0.0292492, 2.19128, -1.5131)
90593.701493375
normal
simd_float4x4([[-0.0562016, -0.998023, -0.028114, 0.0)], [-0.409833, 0.0487375, -0.910858, 0.0)], [0.910428, -0.0396696, -0.411762, 0.0)], [-2.00964, 0.000972964, 9.58669, 1.0)]])
-2.00964, 0.000972964, 9.58669
float3(0.03968, 1.99554, -1.522)
90593.918282708
normal
simd_float4x4([[-0.0429237, -0.998002, -0.0463511, 0.0)], [-0.287934, 0.0567826, -0.955965, 0.0)], [0.956688, -0.0276876, -0.289796, 0.0)], [-1.99987, 0.00133928, 9.6064, 1.0)]])
-1.99987, 0.00133928, 9.6064
float3(0.0276911, 1.86493, -1.51396)
90594.11839575
normal
simd_float4x4([[-0.0490865, -0.996669, -0.065124, 0.0)], [-0.206564, 0.0739231, -0.975636, 0.0)], [0.977201, -0.0344383, -0.209505, 0.0)], [-1.99239, 0.00360963, 9.59448, 1.0)]])
-1.99239, 0.00360963, 9.59448
float3(0.0344451, 1.78199, -1.49676)
90594.31850875
normal
simd_float4x4([[-0.0386049, -0.996482, -0.0743913, 0.0)], [-0.141384, 0.0791449, -0.986786, 0.0)], [0.989202, -0.027577, -0.143942, 0.0)], [-1.99642, 0.00566003, 9.57366, 1.0)]])
-1.99642, 0.00566003, 9.57366
float3(0.0275805, 1.71529, -1.49154)
90594.518621958
normal
simd_float4x4([[-0.0401527, -0.996917, -0.067405, 0.0)], [-0.0984282, 0.0710776, -0.992603, 0.0)], [0.994334, -0.0332212, -0.100979, 0.0)], [-1.99955, 0.00961359, 9.55205, 1.0)]])
-1.99955, 0.00961359, 9.55205
float3(0.0332273, 1.672, -1.49962)
90594.718735125
normal
simd_float4x4([[-0.0370508, -0.996698, -0.0722504, 0.0)], [-0.0709838, 0.0747423, -0.994673, 0.0)], [0.996789, -0.0317248, -0.0735186, 0.0)], [-2.00461, 0.0101954, 9.54096, 1.0)]])
-2.00461, 0.0101954, 9.54096
float3(0.0317301, 1.64442, -1.49595)
90594.918848208
normal
simd_float4x4([[-0.0317237, -0.99664, -0.0755118, 0.0)], [-0.0420806, 0.0768146, -0.996157, 0.0)], [0.99861, -0.0284242, -0.044376, 0.0)], [-2.00809, 0.00989673, 9.52769, 1.0)]])
-2.00809, 0.00989673, 9.52769
float3(0.028428, 1.6152, -1.49387)
90595.118961458
normal
simd_float4x4([[-0.0270325, -0.996708, -0.0764404, 0.0)], [-0.0213032, 0.0770253, -0.996802, 0.0)], [0.999407, -0.0253176, -0.0233153, 0.0)], [-2.01051, 0.00857596, 9.51624, 1.0)]])
-2.01051, 0.00857596, 9.51624
float3(0.0253203, 1.59412, -1.49367)
90595.319074583
normal
simd_float4x4([[-0.0257965, -0.996756, -0.0762291, 0.0)], [-0.00579472, 0.0764023, -0.99706, 0.0)], [0.99965, -0.0252789, -0.00774687, 0.0)], [-2.01383, 0.00791924, 9.51275, 1.0)]])
-2.01383, 0.00791924, 9.51275
float3(0.0252816, 1.57855, -1.4943)
90595.519187666
normal
simd_float4x4([[-0.024635, -0.996572, -0.0789752, 0.0)], [0.0111004, 0.0787216, -0.996835, 0.0)], [0.999635, -0.0254337, 0.00912302, 0.0)], [-2.01367, 0.00685112, 9.51108, 1.0)]])
-2.01367, 0.00685112, 9.51108
float3(0.0254364, 1.56167, -1.49197)
90595.735976875
normal
simd_float4x4([[-0.0228337, -0.996892, -0.0753931, 0.0)], [0.0304505, 0.0746842, -0.996742, 0.0)], [0.999275, -0.0250551, 0.0286505, 0.0)], [-2.0143, 0.00678686, 9.50541, 1.0)]])
-2.0143, 0.00678686, 9.50541
float3(0.0250577, 1.54213, -1.49602)
90595.936090083
normal
simd_float4x4([[-0.0209413, -0.997149, -0.0724971, 0.0)], [0.0455303, 0.0714866, -0.996402, 0.0)], [0.998743, -0.0241668, 0.0439034, 0.0)], [-2.01388, 0.00693682, 9.50449, 1.0)]])
-2.01388, 0.00693682, 9.50449
float3(0.0241691, 1.52687, -1.49923)
90596.152879333
normal
simd_float4x4([[-0.0131193, -0.997602, -0.0679532, 0.0)], [0.0617286, 0.0670214, -0.99584, 0.0)], [0.998007, -0.0172594, 0.0607013, 0.0)], [-2.01536, 0.0066541, 9.50484, 1.0)]])
-2.01536, 0.0066541, 9.50484
float3(0.0172603, 1.51005, -1.50371)
90596.3529925
normal
simd_float4x4([[-0.0112995, -0.997885, -0.0640063, 0.0)], [0.0754899, 0.0629764, -0.995156, 0.0)], [0.997082, -0.0160766, 0.0746187, 0.0)], [-2.01614, 0.00735215, 9.50254, 1.0)]])
-2.01614, 0.00735215, 9.50254
float3(0.0160773, 1.4961, -1.50777)
90596.569781875
normal
simd_float4x4([[-0.0118355, -0.998047, -0.0613325, 0.0)], [0.086433, 0.0600861, -0.994444, 0.0)], [0.996187, -0.0170709, 0.0855531, 0.0)], [-2.01684, 0.00766919, 9.49882, 1.0)]])
-2.01684, 0.00766919, 9.49882
float3(0.0170718, 1.48513, -1.51067)
90596.769895083
normal
simd_float4x4([[-0.00942442, -0.99828, -0.0578689, 0.0)], [0.0945914, 0.056722, -0.993899, 0.0)], [0.995471, -0.0148408, 0.0938941, 0.0)], [-2.01374, 0.00669177, 9.49809, 1.0)]])
-2.01374, 0.00669177, 9.49809
float3(0.0148414, 1.47675, -1.51404)
90596.970008208
normal
simd_float4x4([[-0.00795093, -0.998445, -0.0551806, 0.0)], [0.0970964, 0.0541508, -0.993801, 0.0)], [0.995243, -0.0132595, 0.0965149, 0.0)], [-2.01488, 0.0060837, 9.49746, 1.0)]])
-2.01488, 0.0060837, 9.49746
float3(0.0132599, 1.47412, -1.51661)
90597.170121375
normal
simd_float4x4([[-0.00278801, -0.998628, -0.0522846, 0.0)], [0.0960006, 0.0517761, -0.994034, 0.0)], [0.995377, -0.00779073, 0.0957246, 0.0)], [-2.02501, -0.0290916, 9.49253, 1.0)]])
-2.02501, -0.0290916, 9.49253
float3(0.00779081, 1.47492, -1.519)
90597.37023475
normal
simd_float4x4([[-0.0106659, -0.998231, -0.0584971, 0.0)], [0.0681298, 0.0576391, -0.99601, 0.0)], [0.997619, -0.0146087, 0.0673944, 0.0)], [-2.02642, -0.0265317, 9.49058, 1.0)]])
-2.02642, -0.0265317, 9.49058
float3(0.0146092, 1.50334, -1.51312)
90597.570347958
normal
simd_float4x4([[-0.00644546, -0.998314, -0.0576776, 0.0)], [0.0446179, 0.0573343, -0.997357, 0.0)], [0.998983, -0.00900189, 0.0441731, 0.0)], [-2.03498, -0.0294392, 9.48313, 1.0)]])
-2.03498, -0.0294392, 9.48313
float3(0.00900201, 1.52661, -1.51343)
90597.787137208
normal
simd_float4x4([[0.00613862, -0.99845, -0.0553088, 0.0)], [0.0505578, 0.055549, -0.997175, 0.0)], [0.998702, 0.00332499, 0.0508204, 0.0)], [-2.03653, -0.0318858, 9.47634, 1.0)]])
-2.03653, -0.0318858, 9.47634
float3(-0.00332499, 1.51995, -1.51522)
90597.987250458
normal
simd_float4x4([[0.00669784, -0.998286, -0.0581417, 0.0)], [0.0569758, 0.0584295, -0.996664, 0.0)], [0.998353, 0.00336282, 0.0572695, 0.0)], [-2.04479, -0.0348288, 9.48505, 1.0)]])
-2.04479, -0.0348288, 9.48505
float3(-0.00336283, 1.5135, -1.51233)
90598.187363708
normal
simd_float4x4([[0.0145775, -0.997488, -0.0693119, 0.0)], [0.0499604, 0.0699593, -0.996298, 0.0)], [0.998645, 0.0110607, 0.0508548, 0.0)], [-2.08555, -0.0399643, 9.51418, 1.0)]])
-2.08555, -0.0399643, 9.51418
float3(-0.0110609, 1.51992, -1.50078)
90598.387477041
normal
simd_float4x4([[0.0211894, -0.997557, -0.0665718, 0.0)], [0.0910133, 0.0682349, -0.993509, 0.0)], [0.995624, 0.0149929, 0.0922368, 0.0)], [-2.15076, -0.0479508, 9.55948, 1.0)]])
-2.15076, -0.0479508, 9.55948
float3(-0.0149935, 1.47842, -1.5025)
90598.587590041
normal
simd_float4x4([[0.022121, -0.997639, -0.0650161, 0.0)], [0.152342, 0.0676362, -0.986011, 0.0)], [0.98808, 0.0119068, 0.153479, 0.0)], [-2.22515, -0.0522881, 9.61648, 1.0)]])
-2.22515, -0.0522881, 9.61648
float3(-0.0119071, 1.4167, -1.5031)
90598.787703166
normal
simd_float4x4([[0.0136058, -0.99906, -0.0411467, 0.0)], [0.158255, 0.0427834, -0.986471, 0.0)], [0.987305, 0.00691006, 0.158688, 0.0)], [-2.28811, -0.0513862, 9.6631, 1.0)]])
-2.28811, -0.0513862, 9.6631
float3(-0.00691012, 1.41143, -1.528)
90599.004492708
normal
simd_float4x4([[0.0148302, -0.999215, -0.036736, 0.0)], [0.145689, 0.0385073, -0.988581, 0.0)], [0.989219, 0.0093088, 0.146145, 0.0)], [-2.34585, -0.0457388, 9.69101, 1.0)]])
-2.34585, -0.0457388, 9.69101
float3(-0.00930894, 1.42412, -1.53228)
90599.204605875
normal
simd_float4x4([[0.0144167, -0.99902, -0.0418413, 0.0)], [0.127354, 0.0433394, -0.99091, 0.0)], [0.991753, 0.00895701, 0.127854, 0.0)], [-2.39938, -0.0460712, 9.69924, 1.0)]])
-2.39938, -0.0460712, 9.69924
float3(-0.00895713, 1.44259, -1.52744)
90599.421395333
normal
simd_float4x4([[0.0144706, -0.999168, -0.0381251, 0.0)], [0.118444, 0.0395735, -0.992172, 0.0)], [0.992855, 0.00984163, 0.118918, 0.0)], [-2.47288, -0.0460543, 9.68803, 1.0)]])
-2.47288, -0.0460543, 9.68803
float3(-0.00984179, 1.45159, -1.53121)
90599.621508416
normal
simd_float4x4([[0.0138726, -0.999345, -0.0334324, 0.0)], [0.119371, 0.0348517, -0.992238, 0.0)], [0.992753, 0.00977409, 0.119777, 0.0)], [-2.54596, -0.037472, 9.66387, 1.0)]])
-2.54596, -0.037472, 9.66387
float3(-0.00977425, 1.45073, -1.53594)
90599.838297916
normal
simd_float4x4([[-0.00365817, -0.998552, -0.0536678, 0.0)], [0.139239, 0.0526367, -0.988859, 0.0)], [0.990252, -0.0110901, 0.138845, 0.0)], [-2.61462, -0.0277476, 9.63806, 1.0)]])
-2.61462, -0.0277476, 9.63806
float3(0.0110903, 1.43149, -1.51813)
90600.038411208
normal
simd_float4x4([[-0.00313054, -0.998417, -0.0561598, 0.0)], [0.165414, 0.0548694, -0.984697, 0.0)], [0.986219, -0.0123723, 0.164981, 0.0)], [-2.66058, -0.0251261, 9.6192, 1.0)]])
-2.66058, -0.0251261, 9.6192
float3(0.0123726, 1.40505, -1.5159)
90600.25520025
normal
simd_float4x4([[-0.00605795, -0.997272, -0.0735673, 0.0)], [0.205516, 0.0707566, -0.976092, 0.0)], [0.978635, -0.0210324, 0.204527, 0.0)], [-2.70313, -0.0219915, 9.61314, 1.0)]])
-2.70313, -0.0219915, 9.61314
float3(0.021034, 1.36477, -1.49996)
90600.471989625
normal
simd_float4x4([[0.0050378, -0.996255, -0.0863192, 0.0)], [0.233959, 0.0850988, -0.968515, 0.0)], [0.972233, -0.015316, 0.233512, 0.0)], [-2.76333, -0.0272585, 9.62211, 1.0)]])
-2.76333, -0.0272585, 9.62211
float3(0.0153166, 1.33508, -1.48558)
90600.672103
normal
simd_float4x4([[-0.00871735, -0.995648, -0.0927829, 0.0)], [0.277485, 0.0867338, -0.956807, 0.0)], [0.96069, -0.0340867, 0.275522, 0.0)], [-2.82995, -0.0254785, 9.63859, 1.0)]])
-2.82995, -0.0254785, 9.63859
float3(0.0340933, 1.2915, -1.4839)
90600.888892416
normal
simd_float4x4([[-0.0397028, -0.994949, -0.0921946, 0.0)], [0.29487, 0.0764919, -0.952471, 0.0)], [0.954712, -0.0650012, 0.290344, 0.0)], [-2.9031, -0.0183065, 9.6711, 1.0)]])
-2.9031, -0.0183065, 9.6711
float3(0.0650471, 1.27557, -1.49407)
90601.089005583
normal
simd_float4x4([[-0.0392379, -0.996577, -0.0727675, 0.0)], [0.274717, 0.0592583, -0.959697, 0.0)], [0.960724, -0.0576469, 0.271452, 0.0)], [-2.96185, -0.0186495, 9.69811, 1.0)]])
-2.96185, -0.0186495, 9.69811
float3(0.0576789, 1.29543, -1.5114)
90601.305795125
normal
simd_float4x4([[-0.026663, -0.997219, -0.0695989, 0.0)], [0.251418, 0.060696, -0.965974, 0.0)], [0.967511, -0.0432541, 0.2491, 0.0)], [-3.01107, -0.016688, 9.71249, 1.0)]])
-3.01107, -0.016688, 9.71249
float3(0.0432676, 1.3188, -1.51001)
90601.505908375
normal
simd_float4x4([[-0.0137877, -0.997337, -0.071622, 0.0)], [0.234999, 0.0663904, -0.969726, 0.0)], [0.971898, -0.0302014, 0.233458, 0.0)], [-3.05908, -0.0188266, 9.70953, 1.0)]])
-3.05908, -0.0188266, 9.70953
float3(0.030206, 1.33505, -1.50433)
90601.722697791
normal
simd_float4x4([[0.0025828, -0.997802, -0.0662069, 0.0)], [0.200883, 0.0653752, -0.977431, 0.0)], [0.979612, -0.0107754, 0.200611, 0.0)], [-3.12259, -0.0273583, 9.69398, 1.0)]])
-3.12259, -0.0273583, 9.69398
float3(0.0107756, 1.3688, -1.50537)
90601.922810958
normal
simd_float4x4([[-0.000960122, -0.996987, -0.0775672, 0.0)], [0.195989, 0.0758753, -0.977666, 0.0)], [0.980606, -0.016141, 0.195326, 0.0)], [-3.1893, -0.0283749, 9.66613, 1.0)]])
-3.1893, -0.0283749, 9.66613
float3(0.0161417, 1.37418, -1.49484)
90602.122924208
normal
simd_float4x4([[-0.0133879, -0.996083, -0.0874085, 0.0)], [0.186014, 0.0834094, -0.979, 0.0)], [0.982456, -0.0293659, 0.184168, 0.0)], [-3.24776, -0.023141, 9.6301, 1.0)]])
-3.24776, -0.023141, 9.6301
float3(0.0293701, 1.38549, -1.48725)
90602.323037583
normal
simd_float4x4([[-0.0171414, -0.995076, -0.0976211, 0.0)], [0.195754, 0.092406, -0.97629, 0.0)], [0.980503, -0.0358447, 0.193206, 0.0)], [-3.28843, -0.0193611, 9.59721, 1.0)]])
-3.28843, -0.0193611, 9.59721
float3(0.0358523, 1.37624, -1.4782)
90602.539827
normal
simd_float4x4([[-0.0273736, -0.994275, -0.103283, 0.0)], [0.273986, 0.0919019, -0.957332, 0.0)], [0.961344, -0.0545037, 0.269902, 0.0)], [-3.30793, -0.0142913, 9.55307, 1.0)]])
-3.30793, -0.0142913, 9.55307
float3(0.0545307, 1.29709, -1.47863)
90602.73994025
normal
simd_float4x4([[-0.00176845, -0.994967, -0.100183, 0.0)], [0.391631, 0.0914912, -0.915562, 0.0)], [0.92012, -0.0408538, 0.389499, 0.0)], [-3.32654, -0.017068, 9.51461, 1.0)]])
-3.32654, -0.017068, 9.51461
float3(0.0408651, 1.17036, -1.4791)
90602.956729708
normal
simd_float4x4([[0.0452603, -0.994437, -0.0951177, 0.0)], [0.58075, 0.103665, -0.807455, 0.0)], [0.812823, -0.018694, 0.582211, 0.0)], [-3.34872, -0.0246669, 9.47897, 1.0)]])
-3.34872, -0.0246669, 9.47897
float3(0.0186951, 0.949226, -1.46693)
90603.173519041
normal
simd_float4x4([[0.05786, -0.995264, -0.0781173, 0.0)], [0.780231, 0.0938969, -0.618404, 0.0)], [0.62281, -0.0251688, 0.781968, 0.0)], [-3.35903, -0.0248142, 9.45681, 1.0)]])
-3.35903, -0.0248142, 9.45681
float3(0.0251714, 0.672581, -1.47673)
90603.390308583
normal
simd_float4x4([[0.0642341, -0.995133, -0.0747217, 0.0)], [0.899683, 0.0901452, -0.427135, 0.0)], [0.431792, -0.0397892, 0.901095, 0.0)], [-3.36514, -0.0212296, 9.46619, 1.0)]])
-3.36514, -0.0212296, 9.46619
float3(0.0397997, 0.446858, -1.48046)
90603.590421833
normal
simd_float4x4([[0.085199, -0.994522, -0.0605605, 0.0)], [0.962001, 0.0979336, -0.254877, 0.0)], [0.259412, -0.036544, 0.965075, 0.0)], [-3.35428, -0.0227013, 9.484, 1.0)]])
-3.35428, -0.0227013, 9.484
float3(0.0365521, 0.262593, -1.47264)
90603.79053525
normal
simd_float4x4([[0.0838654, -0.995117, -0.052039, 0.0)], [0.990539, 0.0889446, -0.104505, 0.0)], [0.108623, -0.0427823, 0.993162, 0.0)], [-3.31216, -0.0247192, 9.50439, 1.0)]])
-3.31216, -0.0247192, 9.50439
float3(0.0427953, 0.108938, -1.48165)
90604.007324583
normal
simd_float4x4([[0.0713392, -0.997053, -0.0282136, 0.0)], [0.997082, 0.0705139, 0.0292381, 0.0)], [-0.0271625, -0.0302171, 0.999174, 0.0)], [-3.24792, -0.0230844, 9.52296, 1.0)]])
-3.24792, -0.0230844, 9.52296
float3(0.0302217, -0.0271782, -1.50019)
90604.207437958
normal
simd_float4x4([[0.059359, -0.998226, -0.00461868, 0.0)], [0.988476, 0.0581325, 0.139773, 0.0)], [-0.139256, -0.0128622, 0.990173, 0.0)], [-3.18323, -0.0261859, 9.54649, 1.0)]])
-3.18323, -0.0261859, 9.54649
float3(0.0128626, -0.139722, -1.51263)
90604.424227458
normal
simd_float4x4([[0.0292561, -0.999341, 0.0214942, 0.0)], [0.964913, 0.0338485, 0.26038, 0.0)], [-0.260936, 0.0131223, 0.965267, 0.0)], [-3.109, -0.0369165, 9.5817, 1.0)]])
-3.109, -0.0369165, 9.5817
float3(-0.0131227, -0.264015, -1.53694)
90604.624340708
normal
simd_float4x4([[-3.90961e-05, -0.998108, 0.061489, 0.0)], [0.92501, 0.0233262, 0.379227, 0.0)], [-0.379943, 0.0568927, 0.923259, 0.0)], [-3.04331, -0.0520766, 9.61347, 1.0)]])
-3.04331, -0.0520766, 9.61347
float3(-0.0569235, -0.390402, -1.54743)
90604.824454083
normal
simd_float4x4([[-0.0177774, -0.995784, 0.0899843, 0.0)], [0.883428, 0.0265029, 0.467818, 0.0)], [-0.46823, 0.0878112, 0.879232, 0.0)], [-2.99693, -0.0645396, 9.63849, 1.0)]])
-2.99693, -0.0645396, 9.63849
float3(-0.0879244, -0.489343, -1.54419)
90605.024567375
normal
simd_float4x4([[-0.0542336, -0.990284, 0.128046, 0.0)], [0.844405, 0.0229598, 0.535214, 0.0)], [-0.532954, 0.137149, 0.834955, 0.0)], [-2.96689, -0.0800234, 9.64437, 1.0)]])
-2.96689, -0.0800234, 9.64437
float3(-0.137583, -0.568108, -1.54762)
90605.241356958
normal
simd_float4x4([[-0.113204, -0.979703, 0.165429, 0.0)], [0.769295, 0.0189418, 0.638613, 0.0)], [-0.628785, 0.199557, 0.751536, 0.0)], [-2.94438, -0.0994345, 9.64211, 1.0)]])
-2.94438, -0.0994345, 9.64211
float3(-0.200906, -0.696702, -1.55146)
90605.44147025
normal
simd_float4x4([[-0.167132, -0.966247, 0.196046, 0.0)], [0.699861, 0.0237874, 0.713883, 0.0)], [-0.694451, 0.256517, 0.672263, 0.0)], [-2.93732, -0.117834, 9.63087, 1.0)]])
-2.93732, -0.117834, 9.63087
float3(-0.259417, -0.801631, -1.54618)
90605.65825975
normal
simd_float4x4([[-0.183627, -0.957485, 0.222496, 0.0)], [0.668813, 0.0441845, 0.742117, 0.0)], [-0.720396, 0.28508, 0.632265, 0.0)], [-2.95356, -0.120195, 9.60858, 1.0)]])
-2.95356, -0.120195, 9.60858
float3(-0.28909, -0.85046, -1.52468)
90605.858373166
normal
simd_float4x4([[-0.165994, -0.961605, 0.218543, 0.0)], [0.662956, 0.0552427, 0.746618, 0.0)], [-0.730024, 0.268818, 0.628332, 0.0)], [-2.97866, -0.111803, 9.60137, 1.0)]])
-2.97866, -0.111803, 9.60137
float3(-0.272166, -0.860123, -1.51341)
90606.058486541
normal
simd_float4x4([[-0.154186, -0.964958, 0.212329, 0.0)], [0.655596, 0.0608595, 0.752655, 0.0)], [-0.739202, 0.25525, 0.623239, 0.0)], [-2.99637, -0.105781, 9.60293, 1.0)]])
-2.99637, -0.105781, 9.60293
float3(-0.258107, -0.870308, -1.50781)
90606.25859975
normal
simd_float4x4([[-0.141762, -0.967574, 0.209056, 0.0)], [0.656918, 0.0660298, 0.751065, 0.0)], [-0.740514, 0.243805, 0.626257, 0.0)], [-3.01195, -0.104066, 9.60484, 1.0)]])
-3.01195, -0.104066, 9.60484
float3(-0.246288, -0.868801, -1.50266)
90606.458713208
normal
simd_float4x4([[-0.143678, -0.967228, 0.20935, 0.0)], [0.660855, 0.06369, 0.747806, 0.0)], [-0.736633, 0.245793, 0.630046, 0.0)], [-3.02175, -0.10417, 9.60803, 1.0)]])
-3.02175, -0.10417, 9.60803
float3(-0.248338, -0.86323, -1.50504)
90606.658826416
normal
simd_float4x4([[-0.14756, -0.966084, 0.211914, 0.0)], [0.659973, 0.0634055, 0.748609, 0.0)], [-0.736656, 0.250323, 0.628233, 0.0)], [-3.03107, -0.104576, 9.61127, 1.0)]])
-3.03107, -0.104576, 9.61127
float3(-0.253014, -0.864669, -1.50526)
90606.875615875
normal
simd_float4x4([[-0.145443, -0.966333, 0.212241, 0.0)], [0.65385, 0.0671148, 0.753642, 0.0)], [-0.742514, 0.248386, 0.622075, 0.0)], [-3.03743, -0.103856, 9.61373, 1.0)]])
-3.03743, -0.103856, 9.61373
float3(-0.251014, -0.87343, -1.50145)
90607.075729291
normal
simd_float4x4([[-0.14438, -0.965722, 0.21572, 0.0)], [0.648709, 0.0722457, 0.7576, 0.0)], [-0.747216, 0.249322, 0.616042, 0.0)], [-3.03623, -0.104037, 9.6096, 1.0)]])
-3.03623, -0.104037, 9.6096
float3(-0.25198, -0.881324, -1.49613)
90607.292518833
normal
simd_float4x4([[-0.140298, -0.966398, 0.215384, 0.0)], [0.645215, 0.0757656, 0.760235, 0.0)], [-0.751009, 0.245629, 0.612905, 0.0)], [-3.03456, -0.102992, 9.6053, 1.0)]])
-3.03456, -0.102992, 9.6053
float3(-0.248168, -0.88631, -1.49256)
90607.509308416
normal
simd_float4x4([[-0.134726, -0.967985, 0.211785, 0.0)], [0.646095, 0.0762329, 0.75944, 0.0)], [-0.751272, 0.23915, 0.61514, 0.0)], [-3.03497, -0.103051, 9.60446, 1.0)]])
-3.03497, -0.103051, 9.60446
float3(-0.24149, -0.884697, -1.4922)
90607.70942175
normal
simd_float4x4([[-0.133331, -0.968498, 0.21032, 0.0)], [0.646033, 0.0759989, 0.759517, 0.0)], [-0.751575, 0.237141, 0.615548, 0.0)], [-3.0374, -0.104226, 9.60249, 1.0)]])
-3.0374, -0.104226, 9.60249
float3(-0.239422, -0.88457, -1.49249)
90607.909535166
normal
simd_float4x4([[-0.131471, -0.968867, 0.209789, 0.0)], [0.64722, 0.0764058, 0.758464, 0.0)], [-0.75088, 0.235496, 0.617026, 0.0)], [-3.03565, -0.108048, 9.60249, 1.0)]])
-3.03565, -0.108048, 9.60249
float3(-0.237729, -0.882941, -1.4921)
90608.109648541
normal
simd_float4x4([[-0.129212, -0.968586, 0.212473, 0.0)], [0.648571, 0.0795349, 0.756987, 0.0)], [-0.750106, 0.235616, 0.617921, 0.0)], [-3.03596, -0.108623, 9.60234, 1.0)]])
-3.03596, -0.108623, 9.60234
float3(-0.237852, -0.881724, -1.48887)
90608.309762
normal
simd_float4x4([[-0.128882, -0.96848, 0.213154, 0.0)], [0.649403, 0.0800176, 0.756223, 0.0)], [-0.749443, 0.235887, 0.618621, 0.0)], [-3.0356, -0.108374, 9.6034, 1.0)]])
-3.0356, -0.108374, 9.6034
float3(-0.238131, -0.880734, -1.48836)
