ARKit Data
95091.652874916
normal
simd_float4x4([[0.920654, -0.00798859, 0.390297, 0.0)], [0.0231822, 0.999145, -0.0342331, 0.0)], [-0.38969, 0.0405648, 0.920052, 0.0)], [-0.0441142, -0.00152397, 0.273826, 1.0)]])
-0.0441142, -0.00152397, 0.273826
float3(-0.0405759, -0.400643, -0.00799525)
95092.05100175
notAvailable
simd_float4x4([[1.0, 0.0, 0.0, 0.0)], [0.0, 1.0, 0.0, 0.0)], [0.0, 0.0, 1.0, 0.0)], [0.0, 0.0, 0.0, 1.0)]])
0.0, 0.0, 0.0
float3(-0.0, 0.0, 0.0)
95092.16765525
limited(__ObjC.ARCamera.TrackingState.Reason.initializing)
simd_float4x4([[0.999797, -0.0200952, 0.00146562, 0.0)], [0.0201486, 0.997149, -0.0727257, 0.0)], [1.51493e-09, 0.0727405, 0.997351, 0.0)], [0.0, 0.0, 0.0, 1.0)]])
0.0, 0.0, 0.0
float3(-0.0728048, 1.51895e-09, -0.0201499)
95092.300973208
limited(__ObjC.ARCamera.TrackingState.Reason.initializing)
simd_float4x4([[0.999829, -0.0184492, 0.00117693, 0.0)], [0.0184851, 0.996884, -0.0766856, 0.0)], [0.000241523, 0.0766942, 0.997055, 0.0)], [0.0, 0.0, 0.0, 1.0)]])
0.0, 0.0, 0.0
float3(-0.0767696, 0.000242236, -0.0185048)
95092.43429125
limited(__ObjC.ARCamera.TrackingState.Reason.initializing)
simd_float4x4([[0.999904, -0.0138683, -0.000164969, 0.0)], [0.0138066, 0.996444, -0.0831234, 0.0)], [0.00131717, 0.0831132, 0.996539, 0.0)], [0.0, 0.0, 0.0, 1.0)]])
0.0, 0.0, 0.0
float3(-0.0832091, 0.00132174, -0.0139169)
95092.567609333
limited(__ObjC.ARCamera.TrackingState.Reason.initializing)
simd_float4x4([[0.999893, -0.0144387, -0.00237732, 0.0)], [0.0141821, 0.996226, -0.0856315, 0.0)], [0.00360475, 0.0855886, 0.996324, 0.0)], [0.0, 0.0, 0.0, 1.0)]])
0.0, 0.0, 0.0
float3(-0.0856935, 0.00361803, -0.0144923)
95092.700927333
limited(__ObjC.ARCamera.TrackingState.Reason.initializing)
simd_float4x4([[0.999874, -0.015308, -0.00419395, 0.0)], [0.0148892, 0.996159, -0.0862885, 0.0)], [0.00549875, 0.0862152, 0.996261, 0.0)], [0.0, 0.0, 0.0, 1.0)]])
0.0, 0.0, 0.0
float3(-0.0863224, 0.00551933, -0.0153658)
95092.834245333
limited(__ObjC.ARCamera.TrackingState.Reason.initializing)
simd_float4x4([[0.999879, -0.0149011, -0.00438649, 0.0)], [0.0144646, 0.996124, -0.0867571, 0.0)], [0.00566227, 0.0866832, 0.996219, 0.0)], [0.0, 0.0, 0.0, 1.0)]])
0.0, 0.0, 0.0
float3(-0.0867921, 0.0056837, -0.014958)
95092.967563375
limited(__ObjC.ARCamera.TrackingState.Reason.initializing)
simd_float4x4([[0.999889, -0.0147398, -0.00235288, 0.0)], [0.0144829, 0.996191, -0.0859828, 0.0)], [0.00361129, 0.0859391, 0.996294, 0.0)], [0.0, 0.0, 0.0, 1.0)]])
0.0, 0.0, 0.0
float3(-0.0860453, 0.0036247, -0.014795)
95093.100881375
limited(__ObjC.ARCamera.TrackingState.Reason.initializing)
simd_float4x4([[0.999939, -0.0107452, 0.00265359, 0.0)], [0.0109429, 0.995749, -0.0914573, 0.0)], [-0.00165958, 0.0914808, 0.995806, 0.0)], [0.0, 0.0, 0.0, 1.0)]])
0.0, 0.0, 0.0
float3(-0.0916089, -0.00166657, -0.0107907)
95093.234199333
limited(__ObjC.ARCamera.TrackingState.Reason.initializing)
simd_float4x4([[0.999931, -0.0117105, 0.00101359, 0.0)], [0.0117495, 0.993343, -0.114594, 0.0)], [0.000335117, 0.114598, 0.993412, 0.0)], [0.0, 0.0, 0.0, 1.0)]])
0.0, 0.0, 0.0
float3(-0.11485, 0.00033734, -0.0117885)
95093.367517458
limited(__ObjC.ARCamera.TrackingState.Reason.initializing)
simd_float4x4([[0.999921, -0.0103911, 0.0070206, 0.0)], [0.0113252, 0.988667, -0.149699, 0.0)], [-0.0053855, 0.149767, 0.988707, 0.0)], [0.0, 0.0, 0.0, 1.0)]])
0.0, 0.0, 0.0
float3(-0.150332, -0.00544696, -0.0105098)
95093.5008355
limited(__ObjC.ARCamera.TrackingState.Reason.initializing)
simd_float4x4([[0.99991, -0.00689996, 0.0114914, 0.0)], [0.00892553, 0.982358, -0.186791, 0.0)], [-0.00999977, 0.186877, 0.982332, 0.0)], [0.0, 0.0, 0.0, 1.0)]])
0.0, 0.0, 0.0
float3(-0.187982, -0.0101793, -0.00702376)
95093.634153541
limited(__ObjC.ARCamera.TrackingState.Reason.initializing)
simd_float4x4([[0.999897, -0.00701284, 0.0124894, 0.0)], [0.00942197, 0.978771, -0.204735, 0.0)], [-0.0107885, 0.204832, 0.978737, 0.0)], [0.0, 0.0, 0.0, 1.0)]])
0.0, 0.0, 0.0
float3(-0.206292, -0.0110224, -0.00716482)
95093.767471708
limited(__ObjC.ARCamera.TrackingState.Reason.initializing)
simd_float4x4([[0.999872, -0.00848445, 0.0135977, 0.0)], [0.0109867, 0.980528, -0.196065, 0.0)], [-0.0116694, 0.196189, 0.980495, 0.0)], [0.0, 0.0, 0.0, 1.0)]])
0.0, 0.0, 0.0
float3(-0.19747, -0.011901, -0.00865273)
95093.90078975
limited(__ObjC.ARCamera.TrackingState.Reason.initializing)
simd_float4x4([[0.999752, -0.0155014, 0.0160025, 0.0)], [0.0178938, 0.986593, -0.162208, 0.0)], [-0.0132735, 0.162454, 0.986626, 0.0)], [0.0, 0.0, 0.0, 1.0)]])
0.0, 0.0, 0.0
float3(-0.163177, -0.0134526, -0.0157108)
95094.034107541
limited(__ObjC.ARCamera.TrackingState.Reason.initializing)
simd_float4x4([[0.999162, -0.0195047, 0.0359758, 0.0)], [0.0222048, 0.996841, -0.0762473, 0.0)], [-0.034375, 0.0769822, 0.996439, 0.0)], [0.0, 0.0, 0.0, 1.0)]])
0.0, 0.0, 0.0
float3(-0.0770585, -0.0344841, -0.019564)
95094.167425708
limited(__ObjC.ARCamera.TrackingState.Reason.initializing)
simd_float4x4([[0.998428, -0.0179942, 0.0530901, 0.0)], [0.0195825, 0.999371, -0.0295498, 0.0)], [-0.0525251, 0.030543, 0.998152, 0.0)], [0.0, 0.0, 0.0, 1.0)]])
0.0, 0.0, 0.0
float3(-0.0305478, -0.0525738, -0.0180036)
95094.30074375
limited(__ObjC.ARCamera.TrackingState.Reason.initializing)
simd_float4x4([[0.998871, -0.0148465, 0.045135, 0.0)], [0.0151505, 0.999865, -0.00640159, 0.0)], [-0.0450339, 0.00707818, 0.99896, 0.0)], [0.0, 0.0, 0.0, 1.0)]])
0.0, 0.0, 0.0
float3(-0.00707824, -0.0450503, -0.0148474)
95094.434061708
limited(__ObjC.ARCamera.TrackingState.Reason.initializing)
simd_float4x4([[0.999256, -0.00948885, 0.0373938, 0.0)], [0.00912273, 0.999908, 0.00994903, 0.0)], [-0.0374848, -0.00960049, 0.99925, 0.0)], [0.0, 0.0, 0.0, 1.0)]])
0.0, 0.0, 0.0
float3(0.00960064, -0.0374953, -0.00948943)
95094.56737975
limited(__ObjC.ARCamera.TrackingState.Reason.initializing)
simd_float4x4([[0.99929, -0.0149428, 0.0345954, 0.0)], [0.0139465, 0.999485, 0.0288629, 0.0)], [-0.0350089, -0.0283599, 0.998984, 0.0)], [0.0, 0.0, 0.0, 1.0)]])
0.0, 0.0, 0.0
float3(0.0283637, -0.0350302, -0.0149494)
95094.700697916
limited(__ObjC.ARCamera.TrackingState.Reason.initializing)
simd_float4x4([[0.999399, -0.0201054, 0.0282342, 0.0)], [0.0193267, 0.999431, 0.0275901, 0.0)], [-0.0287729, -0.0270278, 0.999219, 0.0)], [0.0, 0.0, 0.0, 1.0)]])
0.0, 0.0, 0.0
float3(0.0270311, -0.0287874, -0.0201142)
95094.834015916
limited(__ObjC.ARCamera.TrackingState.Reason.initializing)
simd_float4x4([[0.999294, -0.0262125, 0.0269096, 0.0)], [0.0261073, 0.999649, 0.00425367, 0.0)], [-0.0270117, -0.00354813, 0.999628, 0.0)], [0.0, 0.0, 0.0, 1.0)]])
0.0, 0.0, 0.0
float3(0.00354814, -0.0270152, -0.0262157)
95094.967334
limited(__ObjC.ARCamera.TrackingState.Reason.initializing)
simd_float4x4([[0.999172, -0.0321998, 0.0248648, 0.0)], [0.0327456, 0.999223, -0.021862, 0.0)], [-0.0241416, 0.0226582, 0.999451, 0.0)], [0.0, 0.0, 0.0, 1.0)]])
0.0, 0.0, 0.0
float3(-0.0226601, -0.0241501, -0.0322137)
95095.100651958
limited(__ObjC.ARCamera.TrackingState.Reason.initializing)
simd_float4x4([[0.99927, -0.0314723, 0.0216366, 0.0)], [0.0323423, 0.99863, -0.0411113, 0.0)], [-0.0203131, 0.041781, 0.998919, 0.0)], [0.0, 0.0, 0.0, 1.0)]])
0.0, 0.0, 0.0
float3(-0.0417932, -0.0203323, -0.0315051)
95095.233970041
limited(__ObjC.ARCamera.TrackingState.Reason.initializing)
simd_float4x4([[0.999377, -0.02909, 0.0199982, 0.0)], [0.0299641, 0.998541, -0.0448949, 0.0)], [-0.0186631, 0.0454662, 0.998791, 0.0)], [0.0, 0.0, 0.0, 1.0)]])
0.0, 0.0, 0.0
float3(-0.0454819, -0.0186835, -0.0291243)
95095.367288125
limited(__ObjC.ARCamera.TrackingState.Reason.initializing)
simd_float4x4([[0.999397, -0.0300894, 0.0173326, 0.0)], [0.0311251, 0.99753, -0.0629604, 0.0)], [-0.0153954, 0.0634619, 0.997865, 0.0)], [0.0, 0.0, 0.0, 1.0)]])
0.0, 0.0, 0.0
float3(-0.0635046, -0.0154271, -0.0301547)
95095.500606208
limited(__ObjC.ARCamera.TrackingState.Reason.initializing)
simd_float4x4([[0.999559, -0.0249822, 0.0160608, 0.0)], [0.0264452, 0.994788, -0.0984699, 0.0)], [-0.0135171, 0.0988512, 0.99501, 0.0)], [0.0, 0.0, 0.0, 1.0)]])
0.0, 0.0, 0.0
float3(-0.0990129, -0.0135841, -0.0251078)
95095.633924166
limited(__ObjC.ARCamera.TrackingState.Reason.initializing)
simd_float4x4([[0.999163, -0.0251606, 0.0322406, 0.0)], [0.0292747, 0.990515, -0.134251, 0.0)], [-0.028557, 0.135082, 0.990422, 0.0)], [0.0, 0.0, 0.0, 1.0)]])
0.0, 0.0, 0.0
float3(-0.135497, -0.0288252, -0.025396)
95095.767242083
limited(__ObjC.ARCamera.TrackingState.Reason.initializing)
simd_float4x4([[0.999368, -0.0204826, 0.0290642, 0.0)], [0.0246682, 0.988092, -0.151866, 0.0)], [-0.0256075, 0.152487, 0.987973, 0.0)], [0.0, 0.0, 0.0, 1.0)]])
0.0, 0.0, 0.0
float3(-0.153085, -0.0259135, -0.0207265)
95095.90056025
limited(__ObjC.ARCamera.TrackingState.Reason.initializing)
simd_float4x4([[0.99969, -0.024167, 0.00602121, 0.0)], [0.0247918, 0.988701, -0.147831, 0.0)], [-0.00238055, 0.147935, 0.988993, 0.0)], [0.0, 0.0, 0.0, 1.0)]])
0.0, 0.0, 0.0
float3(-0.14848, -0.00240704, -0.0244383)
95096.033878166
normal
simd_float4x4([[0.99949, -0.0094818, -0.0304954, 0.0)], [0.00476596, 0.9885, -0.151145, 0.0)], [0.0315778, 0.150923, 0.988041, 0.0)], [-0.0026083, 0.000658679, 0.000763148, 1.0)]])
-0.0026083, 0.000658679, 0.000763148
float3(-0.151502, 0.0319491, -0.00959181)
95096.167196291
normal
simd_float4x4([[0.997305, -0.00820363, -0.0729039, 0.0)], [-0.00219515, 0.989947, -0.141424, 0.0)], [0.0733312, 0.141203, 0.987261, 0.0)], [-0.0128653, -0.00164416, -0.00104968, 1.0)]])
-0.0128653, -0.00164416, -0.00104968
float3(-0.141677, 0.0741413, -0.00828676)
95096.300514333
normal
simd_float4x4([[0.993047, -0.0114776, -0.117156, 0.0)], [-0.00413502, 0.99122, -0.132157, 0.0)], [0.117644, 0.131723, 0.984281, 0.0)], [-0.0239372, 0.00137031, -0.00125676, 1.0)]])
-0.0239372, 0.00137031, -0.00125676
float3(-0.132107, 0.118959, -0.0115787)
95096.4338325
normal
simd_float4x4([[0.988278, -0.0154689, -0.151876, 0.0)], [-0.00395121, 0.991928, -0.126741, 0.0)], [0.152611, 0.125855, 0.98024, 0.0)], [-0.0305493, 0.00369976, 0.000911597, 1.0)]])
-0.0305493, 0.00369976, 0.000911597
float3(-0.12619, 0.154447, -0.0155935)
95096.5671505
normal
simd_float4x4([[0.987242, -0.014121, -0.158598, 0.0)], [-0.00547978, 0.992456, -0.122476, 0.0)], [0.159131, 0.121782, 0.979717, 0.0)], [-0.0323861, 0.00490655, 0.00100141, 1.0)]])
-0.0323861, 0.00490655, 0.00100141
float3(-0.122085, 0.161019, -0.0142274)
95096.700468416
normal
simd_float4x4([[0.988555, -0.0041983, -0.1508, 0.0)], [-0.0136232, 0.993044, -0.116951, 0.0)], [0.150242, 0.117667, 0.981622, 0.0)], [-0.0342269, 0.0023874, -0.00199667, 1.0)]])
-0.0342269, 0.0023874, -0.00199667
float3(-0.117941, 0.151877, -0.00422768)
95096.833786458
normal
simd_float4x4([[0.990098, -0.00408346, -0.140318, 0.0)], [-0.0114029, 0.993934, -0.109385, 0.0)], [0.139914, 0.109901, 0.984046, 0.0)], [-0.0330414, 0.00437006, -0.00198301, 1.0)]])
-0.0330414, 0.00437006, -0.00198301
float3(-0.110124, 0.141235, -0.00410835)
95096.967104583
normal
simd_float4x4([[0.993357, -0.000706106, -0.115074, 0.0)], [-0.0109295, 0.994882, -0.100451, 0.0)], [0.114556, 0.101042, 0.988265, 0.0)], [-0.0310646, 0.00572364, -0.00108653, 1.0)]])
-0.0310646, 0.00572364, -0.00108653
float3(-0.101214, 0.115402, -0.000709739)
95097.10042275
normal
simd_float4x4([[0.995846, -0.000420569, -0.0910479, 0.0)], [-0.00841361, 0.995286, -0.0966221, 0.0)], [0.0906593, 0.0969868, 0.991148, 0.0)], [-0.0279361, 0.00783254, -0.000103492, 1.0)]])
-0.0279361, 0.00783254, -0.000103492
float3(-0.0971395, 0.0912152, -0.000422562)
95097.233740791
normal
simd_float4x4([[0.997835, -0.00468266, -0.0655923, 0.0)], [-0.00164953, 0.995365, -0.0961534, 0.0)], [0.0657386, 0.0960535, 0.993203, 0.0)], [-0.021981, 0.00978237, 0.000495523, 1.0)]])
-0.021981, 0.00978237, 0.000495523
float3(-0.0962018, 0.066092, -0.00470443)
95097.367058875
normal
simd_float4x4([[0.999482, -0.00293655, -0.0320537, 0.0)], [-8.73234e-05, 0.995579, -0.0939315, 0.0)], [0.0321878, 0.0938856, 0.995062, 0.0)], [-0.0161156, 0.0109986, 0.00197659, 1.0)]])
-0.0161156, 0.0109986, 0.00197659
float3(-0.0940241, 0.0323362, -0.00294959)
95097.50037675
normal
simd_float4x4([[0.999999, -0.00056849, 0.00162044, 0.0)], [0.000717199, 0.995638, -0.093301, 0.0)], [-0.00156033, 0.0933021, 0.995637, 0.0)], [-0.011312, 0.0122521, -0.00326954, 1.0)]])
-0.011312, 0.0122521, -0.00326954
float3(-0.093438, -0.00156716, -0.00057098)
95097.63369475
normal
simd_float4x4([[0.999531, -0.00236552, 0.0305286, 0.0)], [0.00509085, 0.995973, -0.0895055, 0.0)], [-0.0301939, 0.089619, 0.995518, 0.0)], [-0.00733184, 0.0139063, -0.00416976, 1.0)]])
-0.00733184, 0.0139063, -0.00416976
float3(-0.0897394, -0.0303205, -0.00237507)
95097.767012833
normal
simd_float4x4([[0.998495, -0.0010289, 0.0548354, 0.0)], [0.00596102, 0.995937, -0.0898566, 0.0)], [-0.0545202, 0.0900483, 0.994444, 0.0)], [-0.00244267, 0.0156815, -0.00458469, 1.0)]])
-0.00244267, 0.0156815, -0.00458469
float3(-0.0901704, -0.05477, -0.0010331)
95097.900330916
normal
simd_float4x4([[0.996642, 0.002334, 0.0818447, 0.0)], [0.00520085, 0.99577, -0.0917288, 0.0)], [-0.0817127, 0.0918465, 0.992415, 0.0)], [0.00861113, 0.0169738, -0.00613138, 1.0)]])
0.00861113, 0.0169738, -0.00613138
float3(-0.0919761, -0.0821519, 0.00234391)
95098.033648958
normal
simd_float4x4([[0.99426, 0.00269707, 0.106955, 0.0)], [0.00725883, 0.995678, -0.0925865, 0.0)], [-0.106742, 0.0928315, 0.989944, 0.0)], [0.0186074, 0.0183423, -0.00696495, 1.0)]])
0.0186074, 0.0183423, -0.00696495
float3(-0.0929653, -0.107412, 0.00270877)
95098.166967166
normal
simd_float4x4([[0.991655, 0.00104962, 0.128917, 0.0)], [0.011099, 0.995559, -0.0934816, 0.0)], [-0.128442, 0.0941324, 0.987239, 0.0)], [0.0294198, 0.0191893, -0.00780593, 1.0)]])
0.0294198, 0.0191893, -0.00780593
float3(-0.0942719, -0.129376, 0.0010543)
95098.300285208
normal
simd_float4x4([[0.98745, -0.00153713, 0.157922, 0.0)], [0.01646, 0.995508, -0.0932309, 0.0)], [-0.157069, 0.0946603, 0.98304, 0.0)], [0.037551, 0.0193324, -0.0100295, 1.0)]])
0.037551, 0.0193324, -0.0100295
float3(-0.0948023, -0.15844, -0.00154407)
95098.433603166
normal
simd_float4x4([[0.982719, -0.00185028, 0.185093, 0.0)], [0.0189885, 0.995682, -0.0908628, 0.0)], [-0.184125, 0.0928073, 0.978511, 0.0)], [0.0439742, 0.0199841, -0.0124254, 1.0)]])
0.0439742, 0.0199841, -0.0124254
float3(-0.092941, -0.185994, -0.0018583)
95098.566921166
normal
simd_float4x4([[0.977053, -0.000936808, 0.212995, 0.0)], [0.0204466, 0.995785, -0.0894128, 0.0)], [-0.212014, 0.0917161, 0.972953, 0.0)], [0.0505581, 0.0205934, -0.0133699, 1.0)]])
0.0505581, 0.0205934, -0.0133699
float3(-0.0918451, -0.214554, -0.000940773)
95098.700239291
normal
simd_float4x4([[0.971155, -0.00104411, 0.238445, 0.0)], [0.0234665, 0.995555, -0.0912168, 0.0)], [-0.23729, 0.0941812, 0.966863, 0.0)], [0.0647453, 0.0216436, -0.0152076, 1.0)]])
0.0647453, 0.0216436, -0.0152076
float3(-0.0943209, -0.240666, -0.00104878)
95098.83355725
normal
simd_float4x4([[0.965614, -0.00340846, 0.259957, 0.0)], [0.0283464, 0.995333, -0.0922425, 0.0)], [-0.258429, 0.0964395, 0.961204, 0.0)], [0.0747863, 0.022528, -0.0163103, 1.0)]])
0.0747863, 0.022528, -0.0163103
float3(-0.0965896, -0.262649, -0.00342443)
95098.966875291
normal
simd_float4x4([[0.959806, -0.00537937, 0.280612, 0.0)], [0.0316398, 0.995517, -0.0891364, 0.0)], [-0.278875, 0.0944322, 0.955673, 0.0)], [0.0849775, 0.0239483, -0.0156856, 1.0)]])
0.0849775, 0.0239483, -0.0156856
float3(-0.0945731, -0.283926, -0.00540354)
95099.100193416
normal
simd_float4x4([[0.956587, -0.00859936, 0.29132, 0.0)], [0.0353749, 0.9956, -0.0867693, 0.0)], [-0.289292, 0.0933077, 0.952682, 0.0)], [0.0995082, 0.0252255, -0.0127626, 1.0)]])
0.0995082, 0.0252255, -0.0127626
float3(-0.0934437, -0.294812, -0.00863715)
95099.233511375
normal
simd_float4x4([[0.955339, -0.00961994, 0.295356, 0.0)], [0.0359892, 0.995818, -0.083974, 0.0)], [-0.293313, 0.0908532, 0.95169, 0.0)], [0.100664, 0.0247887, -0.0120355, 1.0)]])
0.100664, 0.0247887, -0.0120355
float3(-0.0909787, -0.298965, -0.00966004)
95099.366829458
normal
simd_float4x4([[0.95553, -0.00893028, 0.294758, 0.0)], [0.0350665, 0.99589, -0.0835039, 0.0)], [-0.292801, 0.0901266, 0.951916, 0.0)], [0.0989541, 0.0252389, -0.0136039, 1.0)]])
0.0989541, 0.0252389, -0.0136039
float3(-0.0902491, -0.298407, -0.0089669)
95099.500147541
normal
simd_float4x4([[0.95714, -0.00772198, 0.289524, 0.0)], [0.0330135, 0.996038, -0.0825738, 0.0)], [-0.287739, 0.0885929, 0.953602, 0.0)], [0.0872847, 0.00885598, -0.0141744, 1.0)]])
0.0872847, 0.00885598, -0.0141744
float3(-0.0887092, -0.293052, -0.00775254)
95099.633465666
normal
simd_float4x4([[0.960871, -0.00606736, 0.276931, 0.0)], [0.0304643, 0.99601, -0.0838805, 0.0)], [-0.275317, 0.0890349, 0.957222, 0.0)], [0.0814222, 0.00899367, -0.0120279, 1.0)]])
0.0814222, 0.00899367, -0.0120279
float3(-0.0891529, -0.280061, -0.00609159)
95099.766783625
normal
simd_float4x4([[0.967352, -0.00825698, 0.253301, 0.0)], [0.0303149, 0.996063, -0.0833029, 0.0)], [-0.251616, 0.088262, 0.963794, 0.0)], [0.0837482, 0.00744607, -0.0077926, 1.0)]])
0.0837482, 0.00744607, -0.0077926
float3(-0.088377, -0.255368, -0.00828943)
95099.90010175
normal
simd_float4x4([[0.974635, -0.0121471, 0.223472, 0.0)], [0.0309552, 0.996245, -0.0808534, 0.0)], [-0.221651, 0.0857201, 0.971351, 0.0)], [0.0602961, 0.00472525, -0.0157518, 1.0)]])
0.0602961, 0.00472525, -0.0157518
float3(-0.0858255, -0.224347, -0.0121923)
95100.033419916
normal
simd_float4x4([[0.981807, -0.0137037, 0.189384, 0.0)], [0.0294841, 0.996297, -0.0807604, 0.0)], [-0.187576, 0.084875, 0.978576, 0.0)], [0.0606929, 0.00477503, -0.0162377, 1.0)]])
0.0606929, 0.00477503, -0.0162377
float3(-0.0849772, -0.189385, -0.0137538)
95100.166737791
normal
simd_float4x4([[0.988437, -0.0128846, 0.151083, 0.0)], [0.0254086, 0.996369, -0.08126, 0.0)], [-0.149487, 0.0841592, 0.985175, 0.0)], [0.0528421, 0.00550125, -0.0154811, 1.0)]])
0.0528421, 0.00550125, -0.0154811
float3(-0.0842589, -0.150588, -0.0129308)
95100.300055833
normal
simd_float4x4([[0.994373, -0.0138382, 0.105029, 0.0)], [0.0222229, 0.99662, -0.0790866, 0.0)], [-0.10358, 0.0809756, 0.991319, 0.0)], [0.0633143, 0.000415869, -0.000959858, 1.0)]])
0.0633143, 0.000415869, -0.000959858
float3(-0.0810644, -0.104109, -0.0138842)
95100.433373916
normal
simd_float4x4([[0.997931, -0.0160718, 0.0622487, 0.0)], [0.0212623, 0.996269, -0.0836406, 0.0)], [-0.0606722, 0.0847911, 0.99455, 0.0)], [0.0458255, 0.00151013, -0.00640446, 1.0)]])
0.0458255, 0.00151013, -0.00640446
float3(-0.084893, -0.0609291, -0.0161306)
95100.566692
normal
simd_float4x4([[0.999718, -0.0190558, 0.0141466, 0.0)], [0.0201983, 0.996127, -0.0855757, 0.0)], [-0.0124611, 0.0858373, 0.996231, 0.0)], [0.0472285, 0.00181571, -0.0162444, 1.0)]])
0.0472285, 0.00181571, -0.0162444
float3(-0.0859431, -0.0125076, -0.0191276)
95100.700010208
normal
simd_float4x4([[0.999107, -0.019736, -0.0373593, 0.0)], [0.0165454, 0.99634, -0.0838667, 0.0)], [0.0388777, 0.0831737, 0.995776, 0.0)], [0.0511525, 0.0176517, -0.0187651, 1.0)]])
0.0511525, 0.0176517, -0.0187651
float3(-0.0832699, 0.0390228, -0.019806)
95100.833328208
normal
simd_float4x4([[0.996135, -0.0205727, -0.0853959, 0.0)], [0.013529, 0.996519, -0.0822566, 0.0)], [0.0867909, 0.0807833, 0.992946, 0.0)], [0.0407452, 0.0189927, -0.0164462, 1.0)]])
0.0407452, 0.0189927, -0.0164462
float3(-0.0808714, 0.0871859, -0.0206416)
95100.96664625
normal
simd_float4x4([[0.990747, -0.020663, -0.134137, 0.0)], [0.0096807, 0.996584, -0.0820153, 0.0)], [0.135373, 0.0799579, 0.987563, 0.0)], [0.0285286, 0.0197915, -0.0133298, 1.0)]])
0.0285286, 0.0197915, -0.0133298
float3(-0.0800433, 0.136229, -0.0207308)
95101.09996425
normal
simd_float4x4([[0.983633, -0.018563, -0.179222, 0.0)], [0.0047294, 0.996996, -0.0773076, 0.0)], [0.180119, 0.0751947, 0.980766, 0.0)], [0.0143008, 0.0202045, -0.0105151, 1.0)]])
0.0143008, 0.0202045, -0.0105151
float3(-0.0752658, 0.181627, -0.0186168)
95101.23328225
normal
simd_float4x4([[0.974053, -0.0186834, -0.225546, 0.0)], [0.00214755, 0.997305, -0.0733388, 0.0)], [0.226308, 0.0709515, 0.971468, 0.0)], [0.000670865, 0.0207187, -0.00520245, 1.0)]])
0.000670865, 0.0207187, -0.00520245
float3(-0.0710112, 0.228873, -0.0187317)
95101.366600375
normal
simd_float4x4([[0.9638, -0.0184265, -0.265989, 0.0)], [-0.000920665, 0.997373, -0.0724296, 0.0)], [0.266624, 0.0700525, 0.961251, 0.0)], [-0.0142725, 0.0203461, -9.3054e-05, 1.0)]])
-0.0142725, 0.0203461, -9.3054e-05
float3(-0.0701099, 0.27057, -0.0184729)
95101.499918458
normal
simd_float4x4([[0.952593, -0.0171203, -0.303765, 0.0)], [-0.00352163, 0.997728, -0.0672759, 0.0)], [0.304227, 0.0651563, 0.950369, 0.0)], [-0.0371573, 0.0189291, 0.00786553, 1.0)]])
-0.0371573, 0.0189291, 0.00786553
float3(-0.0652025, 0.309807, -0.0171576)
95101.633236541
normal
simd_float4x4([[0.940335, -0.0164835, -0.339851, 0.0)], [-0.00526185, 0.998002, -0.0629642, 0.0)], [0.340209, 0.0609957, 0.938369, 0.0)], [-0.0532802, 0.0187685, 0.0158641, 1.0)]])
-0.0532802, 0.0187685, 0.0158641
float3(-0.0610336, 0.347815, -0.016515)
95101.766554625
normal
simd_float4x4([[0.926714, -0.0170455, -0.375381, 0.0)], [-0.00554828, 0.998241, -0.0590258, 0.0)], [0.375727, 0.0567827, 0.924989, 0.0)], [-0.0653283, 0.0174158, 0.0234025, 1.0)]])
-0.0653283, 0.0174158, 0.0234025
float3(-0.0568133, 0.385837, -0.0170739)
95101.899872583
normal
simd_float4x4([[0.911926, -0.016121, -0.410037, 0.0)], [-0.00738971, 0.998421, -0.0556885, 0.0)], [0.410288, 0.0538139, 0.910367, 0.0)], [-0.0792012, 0.0160315, 0.0333733, 1.0)]])
-0.0792012, 0.0160315, 0.0333733
float3(-0.0538399, 0.423423, -0.0161451)
95102.033190708
normal
simd_float4x4([[0.898053, -0.0133455, -0.439684, 0.0)], [-0.00979895, 0.998685, -0.0503269, 0.0)], [0.439777, 0.0495047, 0.896741, 0.0)], [-0.0902479, 0.0156848, 0.0385867, 1.0)]])
-0.0902479, 0.0156848, 0.0385867
float3(-0.0495249, 0.455952, -0.0133623)
95102.166508791
normal
simd_float4x4([[0.885046, -0.00998988, -0.465396, 0.0)], [-0.0137325, 0.998774, -0.0475543, 0.0)], [0.4653, 0.0484788, 0.883824, 0.0)], [-0.0982199, 0.0153127, 0.0428639, 1.0)]])
-0.0982199, 0.0153127, 0.0428639
float3(-0.0484978, 0.484593, -0.0100018)
95102.299826875
normal
simd_float4x4([[0.871898, -0.00833002, -0.489617, 0.0)], [-0.0170522, 0.998733, -0.0473579, 0.0)], [0.489391, 0.0496403, 0.870651, 0.0)], [-0.112392, 0.0145406, 0.0500713, 1.0)]])
-0.112392, 0.0145406, 0.0500713
float3(-0.0496607, 0.512084, -0.0083404)
95102.433145
normal
simd_float4x4([[0.864778, -0.00914392, -0.502072, 0.0)], [-0.0165309, 0.998774, -0.0466631, 0.0)], [0.501883, 0.0486529, 0.863566, 0.0)], [-0.119698, 0.0139651, 0.0561193, 1.0)]])
-0.119698, 0.0139651, 0.0561193
float3(-0.0486721, 0.526462, -0.00915489)
95102.566463125
normal
simd_float4x4([[0.864947, -0.0095751, -0.501773, 0.0)], [-0.0163757, 0.998747, -0.0472867, 0.0)], [0.501597, 0.0491174, 0.863706, 0.0)], [-0.116491, 0.014419, 0.0539181, 1.0)]])
-0.116491, 0.014419, 0.0539181
float3(-0.0491371, 0.526144, -0.00958682)
95102.699781083
normal
simd_float4x4([[0.861277, -0.00996024, -0.508039, 0.0)], [-0.0171366, 0.99867, -0.0486308, 0.0)], [0.507847, 0.0505906, 0.85996, 0.0)], [-0.0664159, -0.00106348, -0.0255215, 1.0)]])
-0.0664159, -0.00106348, -0.0255215
float3(-0.0506122, 0.53344, -0.00997317)
95102.833099
normal
simd_float4x4([[0.855673, -0.00976569, -0.517425, 0.0)], [-0.0168514, 0.998766, -0.0467178, 0.0)], [0.517242, 0.0486945, 0.854452, 0.0)], [0.0440951, 0.00151963, 0.00558166, 1.0)]])
0.0440951, 0.00151963, 0.00558166
float3(-0.0487137, 0.544344, -0.00977744)
95102.966417208
normal
simd_float4x4([[0.868401, -0.0128761, -0.495696, 0.0)], [-0.0131239, 0.998716, -0.0489339, 0.0)], [0.495689, 0.0489997, 0.867117, 0.0)], [0.0556312, 0.00719254, 0.0157301, 1.0)]])
0.0556312, 0.00719254, 0.0157301
float3(-0.0490193, 0.519315, -0.0128919)
95103.09973525
normal
simd_float4x4([[0.895241, -0.0154365, -0.445315, 0.0)], [-0.00903889, 0.998565, -0.0527858, 0.0)], [0.445491, 0.0512812, 0.893817, 0.0)], [-0.0336723, 0.0154616, -0.0150863, 1.0)]])
-0.0336723, 0.0154616, -0.0150863
float3(-0.0513037, 0.462378, -0.0154574)
95103.233053291
normal
simd_float4x4([[0.896045, -0.0185262, -0.443576, 0.0)], [-0.00635854, 0.998491, -0.0545471, 0.0)], [0.443917, 0.0516972, 0.894575, 0.0)], [0.0656313, 0.0136365, 0.0143823, 1.0)]])
0.0656313, 0.0136365, 0.0143823
float3(-0.0517203, 0.460629, -0.0185521)
95103.366371458
normal
simd_float4x4([[0.904712, -0.0239885, -0.425348, 0.0)], [0.000291158, 0.998448, -0.0556906, 0.0)], [0.426024, 0.0502601, 0.903315, 0.0)], [0.0894083, 0.0153069, -0.0184036, 1.0)]])
0.0894083, 0.0153069, -0.0184036
float3(-0.0502813, 0.44069, -0.0240212)
95103.4996895
normal
simd_float4x4([[0.915428, -0.0235588, -0.401793, 0.0)], [0.000285345, 0.998323, -0.0578859, 0.0)], [0.402483, 0.0528757, 0.913899, 0.0)], [0.104232, 0.0150308, -0.0331724, 1.0)]])
0.104232, 0.0150308, -0.0331724
float3(-0.0529003, 0.414843, -0.023594)
95103.633007666
normal
simd_float4x4([[0.938934, -0.0223541, -0.343369, 0.0)], [0.00127931, 0.998107, -0.0614808, 0.0)], [0.344094, 0.0572871, 0.937186, 0.0)], [-0.0400259, 0.0398516, 0.0228617, 1.0)]])
-0.0400259, 0.0398516, 0.0228617
float3(-0.0573185, 0.351876, -0.0223927)
95103.7663255
normal
simd_float4x4([[0.946312, -0.0178747, -0.32276, 0.0)], [-0.00277644, 0.997984, -0.0634095, 0.0)], [0.323242, 0.0609013, 0.944354, 0.0)], [-0.0553776, 0.0366435, 0.0250915, 1.0)]])
-0.0553776, 0.0366435, 0.0250915
float3(-0.060939, 0.329789, -0.0179089)
95103.899643666
normal
simd_float4x4([[0.953985, -0.0126361, -0.299589, 0.0)], [-0.00679194, 0.997945, -0.063719, 0.0)], [0.299778, 0.0628217, 0.951938, 0.0)], [-0.0637431, 0.033727, 0.0241519, 1.0)]])
-0.0637431, 0.033727, 0.0241519
float3(-0.0628631, 0.305082, -0.0126614)
95104.032961875
normal
simd_float4x4([[0.960255, -0.0093127, -0.278969, 0.0)], [-0.00912268, 0.997862, -0.0647128, 0.0)], [0.278976, 0.0646857, 0.958117, 0.0)], [-0.06692, 0.0326129, 0.0224938, 1.0)]])
-0.06692, 0.0326129, 0.0224938
float3(-0.0647309, 0.283337, -0.00933238)
95104.166279916
normal
simd_float4x4([[0.96758, -0.00434938, -0.252528, 0.0)], [-0.0115933, 0.998033, -0.0616101, 0.0)], [0.2523, 0.0625403, 0.965626, 0.0)], [-0.0671819, 0.032702, 0.0192446, 1.0)]])
-0.0671819, 0.032702, 0.0192446
float3(-0.0625811, 0.255567, -0.00435792)
95104.299598
normal
simd_float4x4([[0.974531, -0.00117094, -0.224249, 0.0)], [-0.0134585, 0.997878, -0.0636978, 0.0)], [0.223847, 0.0650936, 0.972448, 0.0)], [-0.0647881, 0.0318296, 0.0167012, 1.0)]])
-0.0647881, 0.0318296, 0.0167012
float3(-0.0651396, 0.226248, -0.00117343)
95104.432916041
normal
simd_float4x4([[0.980849, 0.000719777, -0.194766, 0.0)], [-0.0134605, 0.997853, -0.0640997, 0.0)], [0.194302, 0.0654938, 0.978753, 0.0)], [-0.0637985, 0.031369, 0.0147143, 1.0)]])
-0.0637985, 0.031369, 0.0147143
float3(-0.0655407, 0.195972, 0.000721326)
95104.566234041
normal
simd_float4x4([[0.985508, 0.00153795, -0.16962, 0.0)], [-0.0130733, 0.997673, -0.0669113, 0.0)], [0.169122, 0.0681592, 0.983235, 0.0)], [-0.0618409, 0.0311927, 0.010508, 1.0)]])
-0.0618409, 0.0311927, 0.010508
float3(-0.0682121, 0.170339, 0.00154153)
95104.699552041
normal
simd_float4x4([[0.989331, 0.000693108, -0.145681, 0.0)], [-0.0118183, 0.997075, -0.0755151, 0.0)], [0.145203, 0.0764311, 0.986445, 0.0)], [-0.0594391, 0.0290978, 0.00454951, 1.0)]])
-0.0594391, 0.0290978, 0.00454951
float3(-0.0765057, 0.146149, 0.000695141)
95104.832870291
normal
simd_float4x4([[0.992755, 0.00256853, -0.120124, 0.0)], [-0.0129245, 0.996253, -0.085511, 0.0)], [0.119454, 0.0864441, 0.989069, 0.0)], [-0.0620751, 0.0273696, -0.00505481, 1.0)]])
-0.0620751, 0.0273696, -0.00505481
float3(-0.0865521, 0.120192, 0.00257819)
95104.966188291
normal
simd_float4x4([[0.99547, -0.0123374, -0.0942666, 0.0)], [0.00341008, 0.99554, -0.0942829, 0.0)], [0.0950093, 0.0935344, 0.991072, 0.0)], [-0.0661735, 0.0279874, -0.0150831, 1.0)]])
-0.0661735, 0.0279874, -0.0150831
float3(-0.0936714, 0.0955731, -0.012392)
95105.099506375
normal
simd_float4x4([[0.998539, -0.0239129, -0.0484534, 0.0)], [0.0188469, 0.994561, -0.102437, 0.0)], [0.0506394, 0.101374, 0.993559, 0.0)], [-0.0709524, 0.0279418, -0.0220819, 1.0)]])
-0.0709524, 0.0279418, -0.0220819
float3(-0.101549, 0.0509236, -0.024039)
95105.232824625
normal
simd_float4x4([[0.999167, -0.0380661, -0.0147103, 0.0)], [0.0365329, 0.994969, -0.0932794, 0.0)], [0.0181871, 0.0926643, 0.995531, 0.0)], [-0.0768095, 0.0246441, -0.0321344, 1.0)]])
-0.0768095, 0.0246441, -0.0321344
float3(-0.0927974, 0.0182667, -0.03824)
95105.366142666
normal
simd_float4x4([[0.998613, -0.0306264, 0.0428334, 0.0)], [0.0347885, 0.994372, -0.100067, 0.0)], [-0.0395277, 0.101418, 0.994058, 0.0)], [-0.0766398, 0.018013, -0.0548534, 1.0)]])
-0.0766398, 0.018013, -0.0548534
float3(-0.101593, -0.039743, -0.03079)
95105.499460625
normal
simd_float4x4([[0.999184, -0.016674, 0.0367992, 0.0)], [0.0202848, 0.994777, -0.10004, 0.0)], [-0.0349389, 0.100705, 0.994303, 0.0)], [-0.0716679, 0.0128897, -0.0753292, 1.0)]])
-0.0716679, 0.0128897, -0.0753292
float3(-0.100876, -0.0351247, -0.0167599)
95105.632778708
normal
simd_float4x4([[0.999619, 0.00540163, 0.0270489, 0.0)], [-0.00293659, 0.995905, -0.0903564, 0.0)], [-0.0274262, 0.0902426, 0.995542, 0.0)], [-0.0641221, 0.00942797, -0.0847457, 1.0)]])
-0.0641221, 0.00942797, -0.0847457
float3(-0.0903655, -0.027542, 0.00542379)
95105.766096875
normal
simd_float4x4([[0.998945, -0.00641016, 0.0454691, 0.0)], [0.0112715, 0.994143, -0.10748, 0.0)], [-0.0445138, 0.107879, 0.993167, 0.0)], [-0.0663851, 0.0154323, -0.1002, 1.0)]])
-0.0663851, 0.0154323, -0.1002
float3(-0.10809, -0.0447901, -0.00644783)
95105.899414875
normal
simd_float4x4([[0.997569, -0.00161624, 0.069663, 0.0)], [0.00944432, 0.993642, -0.112189, 0.0)], [-0.0690388, 0.112574, 0.991242, 0.0)], [-0.0777035, 0.0201573, -0.112529, 1.0)]])
-0.0777035, 0.0201573, -0.112529
float3(-0.112813, -0.0695365, -0.00162658)
95106.032732958
normal
simd_float4x4([[0.994991, -0.00599334, 0.099782, 0.0)], [0.016344, 0.994522, -0.103241, 0.0)], [-0.0986166, 0.104355, 0.989639, 0.0)], [-0.103927, 0.0175237, -0.13141, 1.0)]])
-0.103927, 0.0175237, -0.13141
float3(-0.104545, -0.0993212, -0.00602628)
95106.166051125
normal
simd_float4x4([[0.988955, 0.00554256, 0.14811, 0.0)], [0.0107443, 0.993991, -0.108939, 0.0)], [-0.147823, 0.109327, 0.982953, 0.0)], [-0.140923, 0.0135299, -0.160712, 1.0)]])
-0.140923, 0.0135299, -0.160712
float3(-0.109546, -0.149268, 0.00557601)
95106.299369041
normal
simd_float4x4([[0.977412, -0.00633909, 0.211249, 0.0)], [0.0246137, 0.996162, -0.0839905, 0.0)], [-0.209906, 0.087293, 0.973817, 0.0)], [-0.18765, 0.0106799, -0.197657, 1.0)]])
-0.18765, 0.0106799, -0.197657
float3(-0.0874042, -0.212302, -0.00636343)
95106.432687083
normal
simd_float4x4([[0.966118, -0.0327063, 0.256018, 0.0)], [0.0547068, 0.99535, -0.0792876, 0.0)], [-0.252235, 0.0906071, 0.963415, 0.0)], [-0.252648, 0.0133236, -0.228561, 1.0)]])
-0.252648, 0.0133236, -0.228561
float3(-0.0907316, -0.256066, -0.0328473)
95106.566005375
normal
simd_float4x4([[0.952993, -0.036957, 0.30073, 0.0)], [0.0644015, 0.994561, -0.0818614, 0.0)], [-0.296069, 0.0973808, 0.950189, 0.0)], [-0.298943, -0.000501662, -0.247578, 1.0)]])
-0.298943, -0.000501662, -0.247578
float3(-0.0975354, -0.302055, -0.037142)
95106.699323333
normal
simd_float4x4([[0.940617, -0.0329527, 0.337868, 0.0)], [0.069157, 0.993007, -0.0956826, 0.0)], [-0.332352, 0.113367, 0.936317, 0.0)], [-0.3636, 0.00308267, -0.254359, 1.0)]])
-0.3636, 0.00308267, -0.254359
float3(-0.113611, -0.341083, -0.0331726)
95106.8326415
normal
simd_float4x4([[0.936777, -0.00551352, 0.349885, 0.0)], [0.0444109, 0.993664, -0.103247, 0.0)], [-0.347098, 0.112258, 0.931086, 0.0)], [-0.347229, 0.00557108, -0.265162, 1.0)]])
-0.347229, 0.00557108, -0.265162
float3(-0.112495, -0.356831, -0.00554862)
95106.965959583
normal
simd_float4x4([[0.929952, 0.00759397, 0.367603, 0.0)], [0.0312099, 0.994548, -0.0994994, 0.0)], [-0.366355, 0.104002, 0.924645, 0.0)], [-0.401168, 0.0081555, -0.247987, 1.0)]])
-0.401168, 0.0081555, -0.247987
float3(-0.104191, -0.377236, 0.00763545)
95107.099277625
normal
simd_float4x4([[0.925657, 0.00594592, 0.378316, 0.0)], [0.0354797, 0.994107, -0.102435, 0.0)], [-0.376695, 0.108243, 0.919991, 0.0)], [-0.386199, 0.0111532, -0.234022, 1.0)]])
-0.386199, 0.0111532, -0.234022
float3(-0.108455, -0.388631, 0.00598109)
95107.232595541
normal
simd_float4x4([[0.928753, -0.00670421, 0.370639, 0.0)], [0.0529083, 0.991998, -0.114635, 0.0)], [-0.366905, 0.126077, 0.921675, 0.0)], [-0.383356, 0.012859, -0.226034, 1.0)]])
-0.383356, 0.012859, -0.226034
float3(-0.126414, -0.378854, -0.00675819)
95107.36591375
normal
simd_float4x4([[0.929045, -0.0074129, 0.369892, 0.0)], [0.0531487, 0.992103, -0.11361, 0.0)], [-0.366128, 0.125208, 0.922102, 0.0)], [-0.380027, 0.0102484, -0.216439, 1.0)]])
-0.380027, 0.0102484, -0.216439
float3(-0.125537, -0.377968, -0.00747176)
95107.499231833
normal
simd_float4x4([[0.922399, -0.00967449, 0.386118, 0.0)], [0.0601449, 0.991089, -0.118848, 0.0)], [-0.381528, 0.132848, 0.914761, 0.0)], [-0.379835, 0.00937174, -0.21739, 1.0)]])
-0.379835, 0.00937174, -0.21739
float3(-0.133242, -0.395143, -0.00976117)
95107.632549875
normal
simd_float4x4([[0.928222, -0.00958261, 0.371902, 0.0)], [0.056697, 0.991635, -0.115958, 0.0)], [-0.36768, 0.12872, 0.921001, 0.0)], [-0.282745, 0.0114309, -0.293761, 1.0)]])
-0.282745, 0.0114309, -0.293761
float3(-0.129079, -0.379832, -0.00966314)
95107.765868
normal
simd_float4x4([[0.926246, -0.0301453, 0.375711, 0.0)], [0.0708365, 0.992957, -0.094964, 0.0)], [-0.370203, 0.114574, 0.921858, 0.0)], [-0.260199, 0.0293587, -0.286797, 1.0)]])
-0.260199, 0.0293587, -0.286797
float3(-0.114826, -0.38187, -0.0303498)
95107.899186166
normal
simd_float4x4([[0.908599, -0.0484473, 0.41485, 0.0)], [0.0919606, 0.992081, -0.0855531, 0.0)], [-0.40742, 0.115883, 0.905859, 0.0)], [-0.281159, 0.0315961, -0.299082, 1.0)]])
-0.281159, 0.0315961, -0.299082
float3(-0.116144, -0.422655, -0.0487953)
95108.03250425
normal
simd_float4x4([[0.890662, -0.0386002, 0.453024, 0.0)], [0.0874138, 0.992339, -0.0873061, 0.0)], [-0.446183, 0.117361, 0.887213, 0.0)], [-0.3004, 0.0301153, -0.311285, 1.0)]])
-0.3004, 0.0301153, -0.311285
float3(-0.117632, -0.465968, -0.0388786)
95108.165822291
normal
simd_float4x4([[0.880364, -0.0331298, 0.47314, 0.0)], [0.0837431, 0.992743, -0.0863063, 0.0)], [-0.466848, 0.115603, 0.876749, 0.0)], [-0.316428, 0.0296133, -0.318302, 1.0)]])
-0.316428, 0.0296133, -0.318302
float3(-0.115862, -0.489289, -0.0333596)
95108.299140458
normal
simd_float4x4([[0.868927, -0.0253635, 0.49429, 0.0)], [0.0784023, 0.99313, -0.0868652, 0.0)], [-0.488692, 0.114233, 0.864946, 0.0)], [-0.312988, 0.0246086, -0.306618, 1.0)]])
-0.312988, 0.0246086, -0.306618
float3(-0.114483, -0.514284, -0.0255334)
95108.432458541
normal
simd_float4x4([[0.857782, -0.0203117, 0.513611, 0.0)], [0.0748448, 0.993505, -0.0857084, 0.0)], [-0.508535, 0.11196, 0.853732, 0.0)], [-0.311938, 0.0232922, -0.30508, 1.0)]])
-0.311938, 0.0232922, -0.30508
float3(-0.112196, -0.537223, -0.0204416)
95108.565776541
normal
simd_float4x4([[0.846671, -0.0126669, 0.531966, 0.0)], [0.0688549, 0.99392, -0.0859221, 0.0)], [-0.527643, 0.109376, 0.842395, 0.0)], [-0.308948, 0.0228887, -0.303641, 1.0)]])
-0.308948, 0.0228887, -0.303641
float3(-0.109595, -0.559577, -0.0127437)
95108.69909475
normal
simd_float4x4([[0.844807, -0.0114061, 0.53495, 0.0)], [0.0664949, 0.994261, -0.083811, 0.0)], [-0.530924, 0.106376, 0.840717, 0.0)], [-0.305739, 0.0239624, -0.299915, 1.0)]])
-0.305739, 0.0239624, -0.299915
float3(-0.106577, -0.563269, -0.0114715)
95108.83241275
normal
simd_float4x4([[0.845472, -0.0139445, 0.533837, 0.0)], [0.0707472, 0.993772, -0.0860882, 0.0)], [-0.529312, 0.110553, 0.841194, 0.0)], [-0.304196, 0.0246352, -0.301915, 1.0)]])
-0.304196, 0.0246352, -0.301915
float3(-0.110779, -0.561642, -0.014031)
95108.965730708
normal
simd_float4x4([[0.848287, -0.0162779, 0.529287, 0.0)], [0.0722375, 0.993741, -0.0852131, 0.0)], [-0.524587, 0.11052, 0.844153, 0.0)], [-0.30487, 0.0247958, -0.303441, 1.0)]])
-0.30487, 0.0247958, -0.303441
float3(-0.110746, -0.556032, -0.0163789)
95109.099048958
normal
simd_float4x4([[0.857019, -0.0189342, 0.514937, 0.0)], [0.0718658, 0.99395, -0.0830599, 0.0)], [-0.510249, 0.10819, 0.853194, 0.0)], [-0.308042, 0.0250187, -0.30377, 1.0)]])
-0.308042, 0.0250187, -0.30377
float3(-0.108402, -0.538981, -0.0190472)
95109.232367041
normal
simd_float4x4([[0.870419, -0.0212959, 0.491851, 0.0)], [0.0713831, 0.993965, -0.083289, 0.0)], [-0.487109, 0.107606, 0.866686, 0.0)], [-0.314127, 0.0258107, -0.306586, 1.0)]])
-0.314127, 0.0258107, -0.306586
float3(-0.107815, -0.512037, -0.0214219)
95109.365685166
normal
simd_float4x4([[0.885567, -0.0215219, 0.464012, 0.0)], [0.0683086, 0.9941, -0.0842583, 0.0)], [-0.459461, 0.106312, 0.881812, 0.0)], [-0.323224, 0.0271986, -0.308908, 1.0)]])
-0.323224, 0.0271986, -0.308908
float3(-0.106514, -0.480339, -0.0216463)
95109.499003291
normal
simd_float4x4([[0.900948, -0.0211108, 0.433413, 0.0)], [0.0627762, 0.994649, -0.0820471, 0.0)], [-0.429361, 0.101128, 0.897453, 0.0)], [-0.332645, 0.0276234, -0.312408, 1.0)]])
-0.332645, 0.0276234, -0.312408
float3(-0.101301, -0.446237, -0.0212212)
95109.632321291
normal
simd_float4x4([[0.917334, -0.0211846, 0.397554, 0.0)], [0.0580262, 0.995034, -0.0808696, 0.0)], [-0.393866, 0.097253, 0.914008, 0.0)], [-0.343357, 0.028299, -0.31343, 1.0)]])
-0.343357, 0.028299, -0.31343
float3(-0.0974069, -0.406876, -0.0212871)
95109.765639458
normal
simd_float4x4([[0.931979, -0.0191473, 0.362007, 0.0)], [0.0511287, 0.995565, -0.078972, 0.0)], [-0.35889, 0.0921091, 0.928824, 0.0)], [-0.354153, 0.0284491, -0.314057, 1.0)]])
-0.354153, 0.0284491, -0.314057
float3(-0.0922399, -0.36872, -0.0192303)
95109.898957416
normal
simd_float4x4([[0.944319, -0.0171943, 0.32858, 0.0)], [0.0453165, 0.995913, -0.0781216, 0.0)], [-0.325894, 0.0886619, 0.94124, 0.0)], [-0.365332, 0.0286771, -0.313907, 1.0)]])
-0.365332, 0.0286771, -0.313907
float3(-0.0887784, -0.333321, -0.0172631)
95110.032275541
normal
simd_float4x4([[0.957742, -0.0192924, 0.286981, 0.0)], [0.0424582, 0.9963, -0.0747192, 0.0)], [-0.284478, 0.0837465, 0.955018, 0.0)], [-0.375698, 0.0301082, -0.312956, 1.0)]])
-0.375698, 0.0301082, -0.312956
float3(-0.0838447, -0.289508, -0.0193617)
95110.165593625
normal
simd_float4x4([[0.97054, -0.0190377, 0.240187, 0.0)], [0.037955, 0.996507, -0.0743818, 0.0)], [-0.237932, 0.0813068, 0.967873, 0.0)], [-0.387825, 0.0299261, -0.310216, 1.0)]])
-0.387825, 0.0299261, -0.310216
float3(-0.0813967, -0.24105, -0.0191021)
95110.298911791
normal
simd_float4x4([[0.981528, -0.0207644, 0.190187, 0.0)], [0.0351834, 0.996729, -0.072755, 0.0)], [-0.188054, 0.0781025, 0.979048, 0.0)], [-0.399725, 0.0312489, -0.308073, 1.0)]])
-0.399725, 0.0312489, -0.308073
float3(-0.0781821, -0.189767, -0.0208295)
95110.432229833
normal
simd_float4x4([[0.989972, -0.0195621, 0.139906, 0.0)], [0.0300071, 0.996885, -0.0729418, 0.0)], [-0.138043, 0.0764084, 0.987474, 0.0)], [-0.413654, 0.0316342, -0.305541, 1.0)]])
-0.413654, 0.0316342, -0.305541
float3(-0.076483, -0.138894, -0.0196207)
95110.565547958
normal
simd_float4x4([[0.995458, -0.0197601, 0.093128, 0.0)], [0.0264721, 0.997096, -0.0713982, 0.0)], [-0.0914467, 0.0735392, 0.993091, 0.0)], [-0.428187, 0.0320494, -0.303264, 1.0)]])
-0.428187, 0.0320494, -0.303264
float3(-0.0736056, -0.091824, -0.019815)
95110.698865958
normal
simd_float4x4([[0.999318, -0.0228165, 0.0290239, 0.0)], [0.0248058, 0.997229, -0.0701355, 0.0)], [-0.0273432, 0.0708076, 0.997115, 0.0)], [-0.416121, 0.0231102, -0.333532, 1.0)]])
-0.416121, 0.0231102, -0.333532
float3(-0.0708669, -0.0274155, -0.0228759)
95110.832184208
normal
simd_float4x4([[0.999631, -0.0251229, -0.0103515, 0.0)], [0.0243605, 0.997377, -0.0681594, 0.0)], [0.0120367, 0.067882, 0.997621, 0.0)], [-0.432396, 0.0232618, -0.331065, 1.0)]])
-0.432396, 0.0232618, -0.331065
float3(-0.0679343, 0.0120648, -0.0251836)
95110.965502125
normal
simd_float4x4([[0.998398, -0.0280464, -0.0491432, 0.0)], [0.0247629, 0.997499, -0.0661959, 0.0)], [0.0508769, 0.0648729, 0.996596, 0.0)], [-0.448703, 0.023561, -0.326951, 1.0)]])
-0.448703, 0.023561, -0.326951
float3(-0.0649185, 0.0510064, -0.0281093)
95111.098820333
normal
simd_float4x4([[0.995492, -0.0299901, -0.089983, 0.0)], [0.0241639, 0.997583, -0.0651525, 0.0)], [0.0917195, 0.0626844, 0.99381, 0.0)], [-0.470432, 0.0239526, -0.323505, 1.0)]])
-0.470432, 0.0239526, -0.323505
float3(-0.0627256, 0.0920301, -0.0300537)
95111.232138583
normal
simd_float4x4([[0.990982, -0.0316578, -0.130203, 0.0)], [0.0236284, 0.997749, -0.0627578, 0.0)], [0.131897, 0.0591154, 0.989499, 0.0)], [-0.483415, 0.0244261, -0.316938, 1.0)]])
-0.483415, 0.0244261, -0.316938
float3(-0.0591498, 0.132516, -0.0317186)
95111.365456541
normal
simd_float4x4([[0.984788, -0.0329231, -0.170615, 0.0)], [0.0222003, 0.997679, -0.0643795, 0.0)], [0.172339, 0.0596125, 0.983232, 0.0)], [-0.49742, 0.0240029, -0.311586, 1.0)]])
-0.49742, 0.0240029, -0.311586
float3(-0.0596478, 0.173515, -0.0329878)
95111.498774833
normal
simd_float4x4([[0.978539, -0.035284, -0.203019, 0.0)], [0.0230813, 0.997799, -0.0621632, 0.0)], [0.204766, 0.0561431, 0.977199, 0.0)], [-0.517944, 0.0249681, -0.302091, 1.0)]])
-0.517944, 0.0249681, -0.302091
float3(-0.0561727, 0.206555, -0.0353471)
95111.63209275
normal
simd_float4x4([[0.973355, -0.0380599, -0.226124, 0.0)], [0.0240967, 0.997647, -0.0641938, 0.0)], [0.228035, 0.0570345, 0.971981, 0.0)], [-0.530109, 0.0250384, -0.297157, 1.0)]])
-0.530109, 0.0250384, -0.297157
float3(-0.0570655, 0.230441, -0.0381312)
95111.76541075
normal
simd_float4x4([[0.970492, -0.0393734, -0.237899, 0.0)], [0.0242665, 0.997518, -0.0661005, 0.0)], [0.239911, 0.058377, 0.969038, 0.0)], [-0.526847, 0.0255511, -0.299025, 1.0)]])
-0.526847, 0.0255511, -0.299025
float3(-0.0584102, 0.242696, -0.0394509)
95111.898728916
normal
simd_float4x4([[0.970402, -0.0376937, -0.238537, 0.0)], [0.022529, 0.997566, -0.0659845, 0.0)], [0.240443, 0.0586575, 0.968889, 0.0)], [-0.525283, 0.0264266, -0.29969, 1.0)]])
-0.525283, 0.0264266, -0.29969
float3(-0.0586911, 0.24325, -0.0377677)
95112.032047125
normal
simd_float4x4([[0.971373, -0.0381533, -0.234476, 0.0)], [0.0231066, 0.997513, -0.0665876, 0.0)], [0.236433, 0.0592635, 0.969839, 0.0)], [-0.522567, 0.0269986, -0.300193, 1.0)]])
-0.522567, 0.0269986, -0.300193
float3(-0.0592982, 0.239122, -0.0382298)
95112.165365208
normal
simd_float4x4([[0.974455, -0.0386711, -0.221228, 0.0)], [0.0247795, 0.997563, -0.0652281, 0.0)], [0.223211, 0.0580799, 0.973038, 0.0)], [-0.51764, 0.0278051, -0.30054, 1.0)]])
-0.51764, 0.0278051, -0.30054
float3(-0.0581126, 0.225495, -0.0387462)
95112.29868325
normal
simd_float4x4([[0.979163, -0.0388309, -0.199331, 0.0)], [0.0264393, 0.99757, -0.0644562, 0.0)], [0.20135, 0.057843, 0.97781, 0.0)], [-0.511694, 0.0276003, -0.298599, 1.0)]])
-0.511694, 0.0276003, -0.298599
float3(-0.0578753, 0.20308, -0.0389058)
95112.432001375
normal
simd_float4x4([[0.985299, -0.0393673, -0.166238, 0.0)], [0.0289642, 0.997494, -0.0645472, 0.0)], [0.168363, 0.0587834, 0.983971, 0.0)], [-0.503317, 0.0262976, -0.298914, 1.0)]])
-0.503317, 0.0262976, -0.298914
float3(-0.0588173, 0.169465, -0.0394458)
95112.565319291
normal
simd_float4x4([[0.991436, -0.038651, -0.124744, 0.0)], [0.0307288, 0.997424, -0.0648191, 0.0)], [0.126927, 0.0604308, 0.990069, 0.0)], [-0.492709, 0.0251821, -0.299649, 1.0)]])
-0.492709, 0.0251821, -0.299649
float3(-0.0604676, 0.127505, -0.0387314)
95112.698637458
normal
simd_float4x4([[0.992615, -0.034632, -0.116255, 0.0)], [0.0266041, 0.997199, -0.0699096, 0.0)], [0.11835, 0.0663005, 0.990756, 0.0)], [-0.33925, 0.00934386, -0.32496, 1.0)]])
-0.33925, 0.00934386, -0.32496
float3(-0.0663492, 0.118891, -0.0347153)
95112.831955583
normal
simd_float4x4([[0.998911, -0.0317586, -0.0341642, 0.0)], [0.0291644, 0.996838, -0.073921, 0.0)], [0.0364038, 0.0728442, 0.996679, 0.0)], [-0.455757, 0.022388, -0.347626, 1.0)]])
-0.455757, 0.022388, -0.347626
float3(-0.0729087, 0.0365089, -0.0318485)
95112.965273833
normal
simd_float4x4([[0.999342, -0.028333, 0.0226298, 0.0)], [0.0299925, 0.996602, -0.0767126, 0.0)], [-0.0203795, 0.0773409, 0.996796, 0.0)], [-0.452865, 0.0217626, -0.356146, 1.0)]])
-0.452865, 0.0217626, -0.356146
float3(-0.0774182, -0.0204421, -0.028422)
95113.098591833
normal
simd_float4x4([[0.996248, -0.0201467, 0.0841661, 0.0)], [0.0272483, 0.996085, -0.0840983, 0.0)], [-0.0821423, 0.0860761, 0.992896, 0.0)], [-0.458508, 0.0199459, -0.368729, 1.0)]])
-0.458508, 0.0199459, -0.368729
float3(-0.0861828, -0.082542, -0.0202231)
95113.231910125
normal
simd_float4x4([[0.987012, -0.0248591, 0.158713, 0.0)], [0.0376898, 0.996213, -0.078351, 0.0)], [-0.156164, 0.0833152, 0.984211, 0.0)], [-0.464091, 0.0200945, -0.379005, 1.0)]])
-0.464091, 0.0200945, -0.379005
float3(-0.0834119, -0.157357, -0.0249484)
95113.365227916
normal
simd_float4x4([[0.969041, -0.0330369, 0.244678, 0.0)], [0.0510645, 0.996398, -0.0677042, 0.0)], [-0.24156, 0.0781025, 0.967238, 0.0)], [-0.473104, 0.0201587, -0.391924, 1.0)]])
-0.473104, 0.0201587, -0.391924
float3(-0.0781821, -0.244736, -0.0331442)
95113.498546208
normal
simd_float4x4([[0.942175, -0.0419156, 0.33249, 0.0)], [0.0664757, 0.995808, -0.0628344, 0.0)], [-0.328463, 0.0813035, 0.941011, 0.0)], [-0.485818, 0.0198122, -0.401171, 1.0)]])
-0.485818, 0.0198122, -0.401171
float3(-0.0813934, -0.335831, -0.0420672)
95113.631864291
normal
simd_float4x4([[0.908232, -0.0453914, 0.415998, 0.0)], [0.0796273, 0.994683, -0.0653129, 0.0)], [-0.410821, 0.092444, 0.907017, 0.0)], [-0.49866, 0.0188483, -0.409819, 1.0)]])
-0.49866, 0.0188483, -0.409819
float3(-0.0925762, -0.425293, -0.0456024)
95113.765182375
normal
simd_float4x4([[0.879847, -0.0222265, 0.474736, 0.0)], [0.0676292, 0.994596, -0.0787742, 0.0)], [-0.47042, 0.101415, 0.876596, 0.0)], [-0.509933, 0.0173181, -0.405552, 1.0)]])
-0.509933, 0.0173181, -0.405552
float3(-0.10159, -0.492531, -0.0223436)
95113.898500541
normal
simd_float4x4([[0.874299, -0.0204152, 0.484958, 0.0)], [0.0640894, 0.995223, -0.073647, 0.0)], [-0.481138, 0.0954702, 0.871431, 0.0)], [-0.525587, 0.0153743, -0.386161, 1.0)]])
-0.525587, 0.0153743, -0.386161
float3(-0.0956158, -0.504472, -0.0205103)
95114.031818625
normal
simd_float4x4([[0.855798, -0.00657529, 0.517269, 0.0)], [0.0529584, 0.995779, -0.0749594, 0.0)], [-0.514593, 0.0915438, 0.852534, 0.0)], [-0.547109, 0.00726386, -0.372177, 1.0)]])
-0.547109, 0.00726386, -0.372177
float3(-0.0916722, -0.543065, -0.00660306)
95114.165136708
normal
simd_float4x4([[0.856781, -0.0185409, 0.515348, 0.0)], [0.0739071, 0.993452, -0.0871307, 0.0)], [-0.510358, 0.11274, 0.85254, 0.0)], [-0.57295, 0.00533812, -0.359682, 1.0)]])
-0.57295, 0.00533812, -0.359682
float3(-0.11298, -0.539413, -0.018661)
95114.298454833
normal
simd_float4x4([[0.848637, -0.0277805, 0.528246, 0.0)], [0.0884008, 0.992025, -0.089847, 0.0)], [-0.521537, 0.122945, 0.844324, 0.0)], [-0.596884, 0.00896043, -0.356398, 1.0)]])
-0.596884, 0.00896043, -0.356398
float3(-0.123257, -0.553331, -0.0279965)
95114.431772791
normal
simd_float4x4([[0.82264, -0.0314671, 0.567691, 0.0)], [0.0840283, 0.994232, -0.0666552, 0.0)], [-0.562318, 0.102535, 0.820539, 0.0)], [-0.628657, 0.0148086, -0.371152, 1.0)]])
-0.628657, 0.0148086, -0.371152
float3(-0.102716, -0.600794, -0.0316391)
95114.565091
normal
simd_float4x4([[0.780051, -0.0365956, 0.624645, 0.0)], [0.080367, 0.995879, -0.0420167, 0.0)], [-0.620533, 0.082976, 0.779778, 0.0)], [-0.662415, 0.0168632, -0.401616, 1.0)]])
-0.662415, 0.0168632, -0.401616
float3(-0.0830715, -0.672164, -0.0367305)
95114.698409166
normal
simd_float4x4([[0.732242, -0.048992, 0.67928, 0.0)], [0.0819695, 0.996498, -0.0164896, 0.0)], [-0.676094, 0.0677546, 0.733694, 0.0)], [-0.699806, 0.0202573, -0.44794, 1.0)]])
-0.699806, 0.0202573, -0.44794
float3(-0.0678066, -0.744563, -0.0491246)
95114.831727291
normal
simd_float4x4([[0.702306, -0.059057, 0.709421, 0.0)], [0.089, 0.996018, -0.00519214, 0.0)], [-0.70629, 0.066785, 0.704766, 0.0)], [-0.742823, 0.0215857, -0.495604, 1.0)]])
-0.742823, 0.0215857, -0.495604
float3(-0.0668347, -0.786478, -0.0592238)
95114.965045416
normal
simd_float4x4([[0.681495, -0.0632379, 0.729085, 0.0)], [0.0896049, 0.995974, 0.00263077, 0.0)], [-0.726316, 0.0635367, 0.684418, 0.0)], [-0.779502, 0.0222601, -0.534962, 1.0)]])
-0.779502, 0.0222601, -0.534962
float3(-0.0635796, -0.815089, -0.0634084)
95115.098363375
normal
simd_float4x4([[0.681184, -0.0373611, 0.731158, 0.0)], [0.0854042, 0.995934, -0.0286761, 0.0)], [-0.727114, 0.0819777, 0.681605, 0.0)], [-0.796985, 0.0245263, -0.559632, 1.0)]])
-0.796985, 0.0245263, -0.559632
float3(-0.0820698, -0.817692, -0.0374961)
95115.231681541
normal
simd_float4x4([[0.804307, -0.00861579, 0.594152, 0.0)], [0.054626, 0.996733, -0.059494, 0.0)], [-0.591698, 0.0803075, 0.80215, 0.0)], [-0.474481, 0.0147357, -0.593419, 1.0)]])
-0.474481, 0.0147357, -0.593419
float3(-0.0803941, -0.635544, -0.00864382)
95115.364999541
normal
simd_float4x4([[0.809521, 0.0172603, 0.586836, 0.0)], [0.0293064, 0.997134, -0.0697554, 0.0)], [-0.586358, 0.0736665, 0.806695, 0.0)], [-0.482583, 0.0188579, -0.587353, 1.0)]])
-0.482583, 0.0188579, -0.587353
float3(-0.0737333, -0.628529, 0.0173082)
95115.498317708
normal
simd_float4x4([[0.85086, 0.0111505, 0.525274, 0.0)], [0.0218866, 0.998155, -0.0566416, 0.0)], [-0.524936, 0.0596906, 0.849046, 0.0)], [-0.365836, 0.0140098, -0.57778, 1.0)]])
-0.365836, 0.0140098, -0.57778
float3(-0.0597261, -0.553743, 0.0111707)
95115.631635916
normal
simd_float4x4([[0.861977, 0.0126927, 0.506789, 0.0)], [0.0203648, 0.998013, -0.0596333, 0.0)], [-0.506538, 0.0617232, 0.860005, 0.0)], [-0.31837, 0.0218252, -0.608535, 1.0)]])
-0.31837, 0.0218252, -0.608535
float3(-0.0617624, -0.532288, 0.0127173)
95115.764954083
normal
simd_float4x4([[0.873301, 0.00232471, 0.487175, 0.0)], [0.0260383, 0.998336, -0.0514396, 0.0)], [-0.486484, 0.0576075, 0.871788, 0.0)], [-0.28733, 0.0127296, -0.534901, 1.0)]])
-0.28733, 0.0127296, -0.534901
float3(-0.0576394, -0.508987, 0.00232858)
95115.898272083
normal
simd_float4x4([[0.90178, -0.000656648, 0.432194, 0.0)], [0.0264124, 0.998213, -0.0535933, 0.0)], [-0.431387, 0.0597447, 0.900187, 0.0)], [-0.179647, 0.0212535, -0.60984, 1.0)]])
-0.179647, 0.0212535, -0.60984
float3(-0.0597803, -0.446885, -0.000657823)
95116.031590166
normal
simd_float4x4([[0.861683, -0.00208468, 0.507443, 0.0)], [0.0303368, 0.998415, -0.0474128, 0.0)], [-0.50654, 0.056249, 0.86038, 0.0)], [-0.348392, 0.00772203, -0.475003, 1.0)]])
-0.348392, 0.00772203, -0.475003
float3(-0.0562787, -0.532099, -0.00208799)
95116.16490825
normal
simd_float4x4([[0.837149, -0.00421669, 0.546958, 0.0)], [0.0331545, 0.998523, -0.0430469, 0.0)], [-0.545968, 0.0541708, 0.836053, 0.0)], [-0.459137, 0.0200533, -0.516457, 1.0)]])
-0.459137, 0.0200533, -0.516457
float3(-0.0541973, -0.578503, -0.00422291)
95116.298226458
normal
simd_float4x4([[0.85372, -0.00897106, 0.520655, 0.0)], [0.0344712, 0.998632, -0.0393157, 0.0)], [-0.51959, 0.0515122, 0.852862, 0.0)], [-0.443613, 0.0187687, -0.520725, 1.0)]])
-0.443613, 0.0187687, -0.520725
float3(-0.051535, -0.54718, -0.00898311)
95116.431544583
normal
simd_float4x4([[0.867748, -0.00895738, 0.496923, 0.0)], [0.031996, 0.99877, -0.0378694, 0.0)], [-0.495973, 0.0487606, 0.866968, 0.0)], [-0.444564, 0.0186781, -0.525466, 1.0)]])
-0.444564, 0.0186781, -0.525466
float3(-0.04878, -0.519635, -0.00896817)
95116.564862625
normal
simd_float4x4([[0.886704, -0.0113956, 0.462197, 0.0)], [0.0329569, 0.998711, -0.0386028, 0.0)], [-0.461161, 0.0494618, 0.885937, 0.0)], [-0.449756, 0.0177769, -0.529378, 1.0)]])
-0.449756, 0.0177769, -0.529378
float3(-0.049482, -0.47994, -0.0114098)
95116.698180791
normal
simd_float4x4([[0.90933, -0.0137525, 0.415847, 0.0)], [0.0321587, 0.998787, -0.0372905, 0.0)], [-0.41483, 0.0472825, 0.90867, 0.0)], [-0.453539, 0.0182175, -0.529917, 1.0)]])
-0.453539, 0.0182175, -0.529917
float3(-0.0473002, -0.428267, -0.0137683)
95116.831499
normal
simd_float4x4([[0.930543, -0.0173098, 0.365772, 0.0)], [0.0322242, 0.998878, -0.0347092, 0.0)], [-0.364761, 0.0440851, 0.930057, 0.0)], [-0.464712, 0.0190341, -0.531081, 1.0)]])
-0.464712, 0.0190341, -0.531081
float3(-0.0440994, -0.373757, -0.0173275)
95116.964816875
normal
simd_float4x4([[0.946917, -0.0160789, 0.321077, 0.0)], [0.0296108, 0.998865, -0.0373066, 0.0)], [-0.320113, 0.0448336, 0.946318, 0.0)], [-0.478642, 0.019343, -0.528954, 1.0)]])
-0.478642, 0.019343, -0.528954
float3(-0.0448486, -0.326189, -0.0160958)
95117.098135
normal
simd_float4x4([[0.962448, -0.0150483, 0.271048, 0.0)], [0.0262421, 0.998944, -0.037721, 0.0)], [-0.270194, 0.0434173, 0.961826, 0.0)], [-0.496181, 0.0205575, -0.527549, 1.0)]])
-0.496181, 0.0205575, -0.527549
float3(-0.043431, -0.273859, -0.0150631)
95117.231453083
normal
simd_float4x4([[0.975477, -0.017925, 0.21937, 0.0)], [0.0263063, 0.999029, -0.035345, 0.0)], [-0.218523, 0.0402491, 0.975001, 0.0)], [-0.511789, 0.0216906, -0.525089, 1.0)]])
-0.511789, 0.0216906, -0.525089
float3(-0.04026, -0.220482, -0.0179405)
95117.364771416
normal
simd_float4x4([[0.985559, -0.0215879, 0.167953, 0.0)], [0.0273493, 0.999112, -0.032066, 0.0)], [-0.167112, 0.0361964, 0.985273, 0.0)], [-0.525285, 0.0230041, -0.521586, 1.0)]])
-0.525285, 0.0230041, -0.521586
float3(-0.0362043, -0.168011, -0.0216038)
95117.498089458
normal
simd_float4x4([[0.992547, -0.0270109, 0.11883, 0.0)], [0.0310103, 0.999009, -0.031937, 0.0)], [-0.117849, 0.0353839, 0.992401, 0.0)], [-0.536134, 0.0253613, -0.521775, 1.0)]])
-0.536134, 0.0253613, -0.521775
float3(-0.0353913, -0.118198, -0.0270311)
95117.631407708
normal
simd_float4x4([[0.996796, -0.0274983, 0.0751136, 0.0)], [0.0303031, 0.998876, -0.0364595, 0.0)], [-0.0740266, 0.0386188, 0.996508, 0.0)], [-0.546933, 0.0256236, -0.521758, 1.0)]])
-0.546933, 0.0256236, -0.521758
float3(-0.0386285, -0.0741498, -0.0275223)
95117.764725666
normal
simd_float4x4([[0.998971, -0.0293967, 0.0345215, 0.0)], [0.0307055, 0.998805, -0.0380165, 0.0)], [-0.0333627, 0.0390374, 0.998681, 0.0)], [-0.556984, 0.026732, -0.519731, 1.0)]])
-0.556984, 0.026732, -0.519731
float3(-0.0390473, -0.0333944, -0.0294234)
95117.898043666
normal
simd_float4x4([[0.999577, -0.0277135, 0.00876451, 0.0)], [0.028057, 0.99873, -0.0418493, 0.0)], [-0.00759359, 0.0420775, 0.999085, 0.0)], [-0.570947, 0.0271635, -0.520022, 1.0)]])
-0.570947, 0.0271635, -0.520022
float3(-0.0420899, -0.00760039, -0.0277417)
95118.031361791
normal
simd_float4x4([[0.999563, -0.02776, -0.0101824, 0.0)], [0.0273158, 0.998768, -0.0414356, 0.0)], [0.0113201, 0.0411393, 0.999089, 0.0)], [-0.579131, 0.0272572, -0.517076, 1.0)]])
-0.579131, 0.0272572, -0.517076
float3(-0.0411509, 0.0113299, -0.0277871)
95118.16468
normal
simd_float4x4([[0.999394, -0.0279174, -0.0208073, 0.0)], [0.0270371, 0.998774, -0.0414547, 0.0)], [0.0219391, 0.040867, 0.998924, 0.0)], [-0.584557, 0.0271759, -0.514307, 1.0)]])
-0.584557, 0.0271759, -0.514307
float3(-0.0408784, 0.0219592, -0.0279444)
95118.297998166
normal
simd_float4x4([[0.999081, -0.0285645, -0.0319665, 0.0)], [0.0272065, 0.998741, -0.0421403, 0.0)], [0.03313, 0.0412319, 0.9986, 0.0)], [-0.585943, 0.0294329, -0.516286, 1.0)]])
-0.585943, 0.0294329, -0.516286
float3(-0.0412436, 0.0331642, -0.0285927)
95118.431316333
normal
simd_float4x4([[0.998652, -0.0280128, -0.0436901, 0.0)], [0.026311, 0.998891, -0.039051, 0.0)], [0.0447356, 0.0378488, 0.998282, 0.0)], [-0.587362, 0.0300442, -0.512368, 1.0)]])
-0.587362, 0.0300442, -0.512368
float3(-0.0378578, 0.0447826, -0.0280365)
95118.5646345
normal
simd_float4x4([[0.998378, -0.0304079, -0.0481264, 0.0)], [0.0285196, 0.998815, -0.0394471, 0.0)], [0.0492688, 0.0380106, 0.998062, 0.0)], [-0.585772, 0.0305595, -0.51208, 1.0)]])
-0.585772, 0.0305595, -0.51208
float3(-0.0380198, 0.0493244, -0.0304345)
95118.697952333
normal
simd_float4x4([[0.998859, -0.0298591, -0.0372603, 0.0)], [0.028453, 0.998883, -0.0377154, 0.0)], [0.0383449, 0.0366123, 0.998594, 0.0)], [-0.584551, 0.0312912, -0.513031, 1.0)]])
-0.584551, 0.0312912, -0.513031
float3(-0.0366204, 0.03838, -0.0298836)
95118.831270541
normal
simd_float4x4([[0.999445, -0.0285851, -0.0170982, 0.0)], [0.0279296, 0.998909, -0.0374233, 0.0)], [0.0181493, 0.036925, 0.999153, 0.0)], [-0.578689, 0.0309243, -0.511549, 1.0)]])
-0.578689, 0.0309243, -0.511549
float3(-0.0369334, 0.0181627, -0.0286086)
95118.964588708
normal
simd_float4x4([[0.999562, -0.0272119, 0.011608, 0.0)], [0.0275969, 0.999027, -0.034408, 0.0)], [-0.0106604, 0.0347132, 0.99934, 0.0)], [-0.5712, 0.0315114, -0.5092, 1.0)]])
-0.5712, 0.0315114, -0.5092
float3(-0.0347202, -0.0106671, -0.0272317)
95119.097906958
normal
simd_float4x4([[0.998909, -0.0256689, 0.0390107, 0.0)], [0.0269766, 0.999079, -0.0333732, 0.0)], [-0.0381181, 0.0343892, 0.998681, 0.0)], [-0.563776, 0.0319626, -0.509031, 1.0)]])
-0.563776, 0.0319626, -0.509031
float3(-0.0343959, -0.0381499, -0.0256869)
95119.231225041
normal
simd_float4x4([[0.997374, -0.0259843, 0.067595, 0.0)], [0.0279759, 0.999197, -0.0286852, 0.0)], [-0.0667954, 0.0305009, 0.9973, 0.0)], [-0.557841, 0.0324889, -0.507285, 1.0)]])
-0.557841, 0.0324889, -0.507285
float3(-0.0305057, -0.0668763, -0.0259993)
95119.364543125
normal
simd_float4x4([[0.995092, -0.0231593, 0.0962074, 0.0)], [0.02589, 0.999294, -0.027233, 0.0)], [-0.0955088, 0.0295902, 0.994989, 0.0)], [-0.551475, 0.0325549, -0.504483, 1.0)]])
-0.551475, 0.0325549, -0.504483
float3(-0.0295945, -0.0956966, -0.0231715)
95119.497861208
normal
simd_float4x4([[0.991817, -0.0242674, 0.12534, 0.0)], [0.0276664, 0.999293, -0.0254485, 0.0)], [-0.124634, 0.0287079, 0.991787, 0.0)], [-0.545483, 0.0338586, -0.50535, 1.0)]])
-0.545483, 0.0338586, -0.50535
float3(-0.0287119, -0.125011, -0.0242798)
95119.63117925
normal
simd_float4x4([[0.986902, -0.0220082, 0.15981, 0.0)], [0.0260727, 0.999386, -0.0233805, 0.0)], [-0.159198, 0.0272409, 0.986871, 0.0)], [-0.540316, 0.0347213, -0.503791, 1.0)]])
-0.540316, 0.0347213, -0.503791
float3(-0.0272443, -0.159938, -0.0220182)
95119.7644975
normal
simd_float4x4([[0.98122, -0.0224089, 0.191584, 0.0)], [0.0275833, 0.999322, -0.0243844, 0.0)], [-0.190908, 0.029211, 0.981173, 0.0)], [-0.534755, 0.035396, -0.503658, 1.0)]])
-0.534755, 0.035396, -0.503658
float3(-0.0292151, -0.19217, -0.0224203)
95119.897815625
normal
simd_float4x4([[0.974446, -0.0185951, 0.22385, 0.0)], [0.0253096, 0.999311, -0.0271635, 0.0)], [-0.22319, 0.0321349, 0.974245, 0.0)], [-0.528199, 0.0362008, -0.507619, 1.0)]])
-0.528199, 0.0362008, -0.507619
float3(-0.0321404, -0.225204, -0.0186058)
95120.031133666
normal
simd_float4x4([[0.966528, -0.0153274, 0.256101, 0.0)], [0.0240047, 0.999238, -0.0307906, 0.0)], [-0.255434, 0.0359077, 0.966159, 0.0)], [-0.522712, 0.0364465, -0.509805, 1.0)]])
-0.522712, 0.0364465, -0.509805
float3(-0.0359154, -0.258467, -0.0153379)
95120.164451958
normal
simd_float4x4([[0.959413, -0.0133898, 0.281687, 0.0)], [0.0239437, 0.999133, -0.0340581, 0.0)], [-0.280987, 0.0394204, 0.958902, 0.0)], [-0.518012, 0.0362637, -0.510068, 1.0)]])
-0.518012, 0.0362637, -0.510068
float3(-0.0394307, -0.28505, -0.0134006)
95120.29777
normal
simd_float4x4([[0.951067, -0.0118345, 0.308759, 0.0)], [0.0243646, 0.999027, -0.0367579, 0.0)], [-0.308023, 0.042482, 0.95043, 0.0)], [-0.512375, 0.0358071, -0.511509, 1.0)]])
-0.512375, 0.0358071, -0.511509
float3(-0.0424948, -0.313407, -0.0118455)
95120.431088
normal
simd_float4x4([[0.942426, -0.0112064, 0.334227, 0.0)], [0.0256555, 0.998916, -0.0388482, 0.0)], [-0.33343, 0.0451863, 0.941691, 0.0)], [-0.508675, 0.0352113, -0.513954, 1.0)]])
-0.508675, 0.0352113, -0.513954
float3(-0.0452017, -0.340301, -0.0112181)
95120.564406208
normal
simd_float4x4([[0.932059, -0.00837701, 0.362208, 0.0)], [0.0244508, 0.998908, -0.0398161, 0.0)], [-0.361479, 0.0459672, 0.931246, 0.0)], [-0.505137, 0.034451, -0.515825, 1.0)]])
-0.505137, 0.034451, -0.515825
float3(-0.0459834, -0.370264, -0.00838598)
95120.697724375
normal
simd_float4x4([[0.921306, -0.00645744, 0.388783, 0.0)], [0.025064, 0.998769, -0.0428057, 0.0)], [-0.388028, 0.0491817, 0.920334, 0.0)], [-0.498863, 0.0327286, -0.518766, 1.0)]])
-0.498863, 0.0327286, -0.518766
float3(-0.0492015, -0.399002, -0.00646531)
95120.831042458
normal
simd_float4x4([[0.909514, -0.00435967, 0.41565, 0.0)], [0.0239969, 0.998828, -0.0420329, 0.0)], [-0.414979, 0.0482039, 0.908553, 0.0)], [-0.495538, 0.0320132, -0.521659, 1.0)]])
-0.495538, 0.0320132, -0.521659
float3(-0.0482226, -0.428451, -0.00436476)
95120.964360666
normal
simd_float4x4([[0.897343, -0.000751462, 0.441334, 0.0)], [0.0225252, 0.998773, -0.0440987, 0.0)], [-0.440759, 0.0495128, 0.896259, 0.0)], [-0.491391, 0.03088, -0.523129, 1.0)]])
-0.491391, 0.03088, -0.523129
float3(-0.0495331, -0.457047, -0.000752385)
95121.097678875
normal
simd_float4x4([[0.88584, -0.000838134, 0.46399, 0.0)], [0.0244398, 0.998694, -0.0448558, 0.0)], [-0.463347, 0.0510749, 0.884704, 0.0)], [-0.485935, 0.0298303, -0.523667, 1.0)]])
-0.485935, 0.0298303, -0.523667
float3(-0.0510972, -0.482452, -0.00083923)
95121.230996958
normal
simd_float4x4([[0.873706, -0.000948863, 0.486452, 0.0)], [0.0257738, 0.998684, -0.0443438, 0.0)], [-0.48577, 0.0512812, 0.872581, 0.0)], [-0.481516, 0.0294577, -0.524823, 1.0)]])
-0.481516, 0.0294577, -0.524823
float3(-0.0513037, -0.507976, -0.000950113)
95121.364315041
normal
simd_float4x4([[0.862129, 0.000751894, 0.506688, 0.0)], [0.0256279, 0.998654, -0.0450878, 0.0)], [-0.50604, 0.0518568, 0.86095, 0.0)], [-0.476897, 0.0291512, -0.526176, 1.0)]])
-0.476897, 0.0291512, -0.526176
float3(-0.0518801, -0.531377, 0.000752907)
95121.497633125
normal
simd_float4x4([[0.84893, 0.000529286, 0.528506, 0.0)], [0.0274108, 0.99861, -0.0450296, 0.0)], [-0.527795, 0.0527137, 0.847735, 0.0)], [-0.471871, 0.0290096, -0.527631, 1.0)]])
-0.471871, 0.0290096, -0.527631
float3(-0.0527382, -0.556868, 0.000530022)
95121.630951416
normal
simd_float4x4([[0.838649, 0.000334714, 0.544672, 0.0)], [0.0299164, 0.998462, -0.0466768, 0.0)], [-0.54385, 0.0554401, 0.837349, 0.0)], [-0.466353, 0.0282409, -0.531594, 1.0)]])
-0.466353, 0.0282409, -0.531594
float3(-0.0554685, -0.576017, 0.000335229)
95121.764269583
normal
simd_float4x4([[0.827767, -0.000342902, 0.561072, 0.0)], [0.0323895, 0.998361, -0.0471752, 0.0)], [-0.560136, 0.0572229, 0.826422, 0.0)], [-0.465125, 0.0281108, -0.533519, 1.0)]])
-0.465125, 0.0281108, -0.533519
float3(-0.0572542, -0.59566, -0.000343465)
95121.897587708
normal
simd_float4x4([[0.817428, -0.000420235, 0.576031, 0.0)], [0.0333857, 0.998353, -0.0466483, 0.0)], [-0.575063, 0.0573629, 0.816096, 0.0)], [-0.462449, 0.028045, -0.536871, 1.0)]])
-0.462449, 0.028045, -0.536871
float3(-0.0573944, -0.613841, -0.000420928)
95122.030905875
normal
simd_float4x4([[0.811985, -0.00287829, 0.583671, 0.0)], [0.0366903, 0.998262, -0.0461197, 0.0)], [-0.582524, 0.0588636, 0.810679, 0.0)], [-0.460952, 0.0272211, -0.540806, 1.0)]])
-0.460952, 0.0272211, -0.540806
float3(-0.0588976, -0.623076, -0.00288329)
95122.164223875
normal
simd_float4x4([[0.809731, -0.00420832, 0.586786, 0.0)], [0.0380523, 0.998246, -0.0453507, 0.0)], [-0.585566, 0.0590504, 0.808471, 0.0)], [-0.460576, 0.0260016, -0.544146, 1.0)]])
-0.460576, 0.0260016, -0.544146
float3(-0.0590848, -0.626841, -0.00421569)
95122.297542041
normal
simd_float4x4([[0.810845, -0.00439984, 0.585244, 0.0)], [0.0386094, 0.998196, -0.0459883, 0.0)], [-0.583986, 0.0598854, 0.809552, 0.0)], [-0.460276, 0.0263782, -0.544344, 1.0)]])
-0.460276, 0.0263782, -0.544344
float3(-0.0599212, -0.624924, -0.00440776)
95122.430860291
normal
simd_float4x4([[0.815929, -0.00630157, 0.578118, 0.0)], [0.0397621, 0.998185, -0.0452381, 0.0)], [-0.576783, 0.0598983, 0.814698, 0.0)], [-0.461275, 0.0265659, -0.544965, 1.0)]])
-0.461275, 0.0265659, -0.544965
float3(-0.0599342, -0.616056, -0.00631295)
95122.564178333
normal
simd_float4x4([[0.819912, -0.00584315, 0.57246, 0.0)], [0.0389937, 0.998196, -0.0456604, 0.0)], [-0.571161, 0.0597598, 0.81866, 0.0)], [-0.462155, 0.0263248, -0.546266, 1.0)]])
-0.462155, 0.0263248, -0.546266
float3(-0.0597955, -0.609166, -0.00585364)
95122.697496541
normal
simd_float4x4([[0.829968, -0.0095224, 0.557729, 0.0)], [0.041831, 0.998101, -0.0452085, 0.0)], [-0.55624, 0.060852, 0.828791, 0.0)], [-0.464254, 0.0253311, -0.543844, 1.0)]])
-0.464254, 0.0253311, -0.543844
float3(-0.0608896, -0.591098, -0.00954022)
95122.830814708
normal
simd_float4x4([[0.842325, -0.0107475, 0.538863, 0.0)], [0.0411912, 0.998161, -0.0444801, 0.0)], [-0.537393, 0.0596631, 0.841219, 0.0)], [-0.467597, 0.0248064, -0.544834, 1.0)]])
-0.467597, 0.0248064, -0.544834
float3(-0.0596985, -0.568481, -0.0107669)
95122.964132875
normal
simd_float4x4([[0.857727, -0.01203, 0.513964, 0.0)], [0.0419508, 0.99803, -0.0466493, 0.0)], [-0.51239, 0.0615736, 0.856542, 0.0)], [-0.473228, 0.0243733, -0.546717, 1.0)]])
-0.473228, 0.0243733, -0.546717
float3(-0.0616125, -0.539101, -0.0120531)
95123.097450916
normal
simd_float4x4([[0.87492, -0.0146284, 0.484046, 0.0)], [0.0414531, 0.998137, -0.0447624, 0.0)], [-0.482489, 0.0592287, 0.873897, 0.0)], [-0.479994, 0.0253818, -0.548193, 1.0)]])
-0.479994, 0.0253818, -0.548193
float3(-0.0592634, -0.504464, -0.0146546)
95123.230769041
normal
simd_float4x4([[0.893289, -0.0148224, 0.449239, 0.0)], [0.0384155, 0.998317, -0.0434482, 0.0)], [-0.447839, 0.0560695, 0.892354, 0.0)], [-0.487322, 0.0265401, -0.549445, 1.0)]])
-0.487322, 0.0265401, -0.549445
float3(-0.0560989, -0.465136, -0.0148463)
95123.364087333
normal
simd_float4x4([[0.910727, -0.0171084, 0.412655, 0.0)], [0.0375037, 0.99844, -0.0413758, 0.0)], [-0.411303, 0.0531581, 0.909947, 0.0)], [-0.494903, 0.027441, -0.550536, 1.0)]])
-0.494903, 0.027441, -0.550536
float3(-0.0531832, -0.424523, -0.0171334)
95123.497405375
normal
simd_float4x4([[0.924221, -0.0171708, 0.381471, 0.0)], [0.0356535, 0.998505, -0.041436, 0.0)], [-0.380189, 0.0518968, 0.923452, 0.0)], [-0.503084, 0.0278383, -0.553356, 1.0)]])
-0.503084, 0.0278383, -0.553356
float3(-0.0519201, -0.390555, -0.0171948)
95123.630723666
normal
simd_float4x4([[0.937117, -0.0191348, 0.34849, 0.0)], [0.0362806, 0.998427, -0.0427399, 0.0)], [-0.347125, 0.0526957, 0.936337, 0.0)], [-0.508512, 0.0287001, -0.554256, 1.0)]])
-0.508512, 0.0287001, -0.554256
float3(-0.0527201, -0.355018, -0.0191626)
95123.764041666
normal
simd_float4x4([[0.948025, -0.0197259, 0.317583, 0.0)], [0.0346896, 0.998535, -0.0415314, 0.0)], [-0.316299, 0.0503896, 0.94732, 0.0)], [-0.514854, 0.0294443, -0.552736, 1.0)]])
-0.514854, 0.0294443, -0.552736
float3(-0.050411, -0.32225, -0.0197522)
95123.89735975
normal
simd_float4x4([[0.957311, -0.019441, 0.288406, 0.0)], [0.0324004, 0.998665, -0.040229, 0.0)], [-0.287238, 0.0478561, 0.956663, 0.0)], [-0.524122, 0.0305096, -0.554528, 1.0)]])
-0.524122, 0.0305096, -0.554528
float3(-0.0478744, -0.291687, -0.0194645)
95124.030677875
normal
simd_float4x4([[0.965767, -0.0201142, 0.25863, 0.0)], [0.0311276, 0.998771, -0.0385591, 0.0)], [-0.257536, 0.0452897, 0.965207, 0.0)], [-0.531259, 0.0311917, -0.553204, 1.0)]])
-0.531259, 0.0311917, -0.553204
float3(-0.0453052, -0.260745, -0.0201362)
95124.163996
normal
simd_float4x4([[0.973465, -0.0200759, 0.227953, 0.0)], [0.0292276, 0.998894, -0.0368421, 0.0)], [-0.226961, 0.042527, 0.972975, 0.0)], [-0.538822, 0.032132, -0.55027, 1.0)]])
-0.538822, 0.032132, -0.55027
float3(-0.0425399, -0.229167, -0.0200955)
95124.297314291
normal
simd_float4x4([[0.981453, -0.0209591, 0.190554, 0.0)], [0.0282422, 0.998968, -0.0355856, 0.0)], [-0.189611, 0.0403072, 0.981031, 0.0)], [-0.548495, 0.0325767, -0.545176, 1.0)]])
-0.548495, 0.0325767, -0.545176
float3(-0.0403182, -0.190923, -0.0209777)
95124.4306325
normal
simd_float4x4([[0.990257, -0.0266051, 0.136686, 0.0)], [0.0320288, 0.998778, -0.0376344, 0.0)], [-0.135517, 0.0416456, 0.989899, 0.0)], [-0.557529, 0.0325805, -0.54152, 1.0)]])
-0.557529, 0.0325805, -0.54152
float3(-0.0416577, -0.136054, -0.0266314)
95124.563950583
normal
simd_float4x4([[0.996396, -0.0290043, 0.0797152, 0.0)], [0.033138, 0.998147, -0.051032, 0.0)], [-0.0780874, 0.0534897, 0.99551, 0.0)], [-0.565797, 0.0303189, -0.542534, 1.0)]])
-0.565797, 0.0303189, -0.542534
float3(-0.0535152, -0.0782793, -0.0290499)
95124.697268833
normal
simd_float4x4([[0.999643, -0.023433, 0.0128156, 0.0)], [0.0242964, 0.99711, -0.0719792, 0.0)], [-0.0110919, 0.0722649, 0.997324, 0.0)], [-0.572216, 0.0267394, -0.544128, 1.0)]])
-0.572216, 0.0267394, -0.544128
float3(-0.0723279, -0.0111212, -0.0234966)
95124.830586833
normal
simd_float4x4([[0.998808, -0.0194094, -0.0447832, 0.0)], [0.0150656, 0.995328, -0.0953725, 0.0)], [0.0464251, 0.0945842, 0.994434, 0.0)], [-0.567615, 0.0203891, -0.547763, 1.0)]])
-0.567615, 0.0203891, -0.547763
float3(-0.0947258, 0.0466511, -0.0194981)
95124.963905083
normal
simd_float4x4([[0.999252, 0.00469598, -0.0383881, 0.0)], [-0.00887242, 0.993963, -0.109361, 0.0)], [0.0376427, 0.109619, 0.993261, 0.0)], [-0.55038, 0.00570108, -0.558709, 1.0)]])
-0.55038, 0.00570108, -0.558709
float3(-0.10984, 0.03788, 0.00472447)
95125.09722325
normal
simd_float4x4([[0.998886, -0.0202428, -0.0426302, 0.0)], [0.0139674, 0.989672, -0.142667, 0.0)], [0.045078, 0.141913, 0.988852, 0.0)], [-0.519733, -0.00885136, -0.583118, 1.0)]])
-0.519733, -0.00885136, -0.583118
float3(-0.142394, 0.0455546, -0.0204512)
95125.230541458
normal
simd_float4x4([[0.999856, -0.0162269, -0.005053, 0.0)], [0.0152342, 0.987514, -0.156791, 0.0)], [0.00753413, 0.156691, 0.987619, 0.0)], [-0.487506, -0.0203796, -0.635208, 1.0)]])
-0.487506, -0.0203796, -0.635208
float3(-0.15734, 0.00762844, -0.0164305)
95125.363859583
normal
simd_float4x4([[0.997976, -0.0281295, 0.0570365, 0.0)], [0.0370018, 0.986258, -0.161018, 0.0)], [-0.0517234, 0.162803, 0.985302, 0.0)], [-0.467344, -0.0272792, -0.711448, 1.0)]])
-0.467344, -0.0272792, -0.711448
float3(-0.163531, -0.0524468, -0.0285138)
95125.497177708
normal
simd_float4x4([[0.991751, -0.0530648, 0.116678, 0.0)], [0.065784, 0.991971, -0.108011, 0.0)], [-0.11001, 0.114796, 0.987279, 0.0)], [-0.464271, -0.0230587, -0.788594, 1.0)]])
-0.464271, -0.0230587, -0.788594
float3(-0.11505, -0.110969, -0.0534434)
95125.630496
normal
simd_float4x4([[0.981621, -0.0726167, 0.176485, 0.0)], [0.0863289, 0.993713, -0.0712933, 0.0)], [-0.170198, 0.0852188, 0.981718, 0.0)], [-0.475345, -0.0103681, -0.865542, 1.0)]])
-0.475345, -0.0103681, -0.865542
float3(-0.0853222, -0.171661, -0.0729465)
95125.763813875
normal
simd_float4x4([[0.970716, -0.0494841, 0.23508, 0.0)], [0.0651397, 0.996113, -0.059301, 0.0)], [-0.231231, 0.0728775, 0.970165, 0.0)], [-0.490291, 0.00244367, -0.939313, 1.0)]])
-0.490291, 0.00244367, -0.939313
float3(-0.0729421, -0.233977, -0.0496364)
95125.897132125
normal
simd_float4x4([[0.965107, -0.0506688, 0.256906, 0.0)], [0.068713, 0.995724, -0.0617475, 0.0)], [-0.252679, 0.0772457, 0.964462, 0.0)], [-0.510186, 0.0126823, -1.00822, 1.0)]])
-0.510186, 0.0126823, -1.00822
float3(-0.0773227, -0.256231, -0.0508426)
95126.030450333
normal
simd_float4x4([[0.9686, -0.0479035, 0.243965, 0.0)], [0.0668024, 0.995323, -0.0697859, 0.0)], [-0.239481, 0.0838921, 0.96727, 0.0)], [-0.528451, 0.0105352, -1.06972, 1.0)]])
-0.528451, 0.0105352, -1.06972
float3(-0.0839908, -0.242704, -0.0480915)
95126.1637685
normal
simd_float4x4([[0.956039, -0.0541097, 0.288203, 0.0)], [0.0653468, 0.997426, -0.029506, 0.0)], [-0.285864, 0.0470421, 0.957115, 0.0)], [-0.546177, 0.00804051, -1.13121, 1.0)]])
-0.546177, 0.00804051, -1.13121
float3(-0.0470594, -0.290239, -0.0541962)
95126.297086625
normal
simd_float4x4([[0.948791, -0.0570501, 0.310711, 0.0)], [0.0666478, 0.997569, -0.0203513, 0.0)], [-0.308794, 0.0400173, 0.950286, 0.0)], [-0.571815, 0.00610385, -1.18667, 1.0)]])
-0.571815, 0.00610385, -1.18667
float3(-0.040028, -0.314186, -0.0571269)
95126.430404916
normal
simd_float4x4([[0.94821, -0.0436211, 0.314633, 0.0)], [0.0492135, 0.99874, -0.00984848, 0.0)], [-0.313807, 0.0248226, 0.949162, 0.0)], [-0.616127, 0.00721399, -1.23104, 1.0)]])
-0.616127, 0.00721399, -1.23104
float3(-0.0248252, -0.319302, -0.0436484)
95126.56372275
normal
simd_float4x4([[0.941852, -0.0322335, 0.334478, 0.0)], [0.0414525, 0.998931, -0.0204589, 0.0)], [-0.333461, 0.0331342, 0.942181, 0.0)], [-0.666944, 0.0141233, -1.27233, 1.0)]])
-0.666944, 0.0141233, -1.27233
float3(-0.0331403, -0.340167, -0.0322568)
95126.697041041
normal
simd_float4x4([[0.935463, -0.0331842, 0.351862, 0.0)], [0.0435463, 0.998818, -0.0215737, 0.0)], [-0.350731, 0.0355037, 0.935803, 0.0)], [-0.735633, 0.00565277, -1.31429, 1.0)]])
-0.735633, 0.00565277, -1.31429
float3(-0.0355112, -0.358587, -0.0332112)
95126.83035925
normal
simd_float4x4([[0.899459, -0.06746, 0.431768, 0.0)], [0.0740701, 0.997252, 0.00150909, 0.0)], [-0.430683, 0.0306237, 0.901984, 0.0)], [-0.816973, -0.000485308, -1.35628, 1.0)]])
-0.816973, -0.000485308, -1.35628
float3(-0.0306285, -0.445473, -0.067543)
95126.963677333
normal
simd_float4x4([[0.861864, -0.102267, 0.496721, 0.0)], [0.114967, 0.993356, 0.00503725, 0.0)], [-0.493936, 0.052765, 0.867896, 0.0)], [-0.905744, -0.00343455, -1.39966, 1.0)]])
-0.905744, -0.00343455, -1.39966
float3(-0.0527895, -0.517403, -0.10259)
95127.096995541
normal
simd_float4x4([[0.84702, -0.0992238, 0.522218, 0.0)], [0.134683, 0.990427, -0.0302649, 0.0)], [-0.514216, 0.0959687, 0.852275, 0.0)], [-0.980669, 0.00435446, -1.42879, 1.0)]])
-0.980669, 0.00435446, -1.42879
float3(-0.0961166, -0.542876, -0.0998498)
95127.230313708
normal
simd_float4x4([[0.848265, -0.075028, 0.52423, 0.0)], [0.114674, 0.99245, -0.0435155, 0.0)], [-0.517007, 0.0970281, 0.850464, 0.0)], [-1.03441, 0.0165053, -1.43527, 1.0)]])
-1.03441, 0.0165053, -1.43527
float3(-0.097181, -0.546217, -0.0754553)
95127.363631875
normal
simd_float4x4([[0.869466, -0.0454576, 0.491896, 0.0)], [0.0836206, 0.994931, -0.0558618, 0.0)], [-0.486863, 0.0897026, 0.86886, 0.0)], [-1.06894, 0.0213425, -1.43565, 1.0)]])
-1.06894, 0.0213425, -1.43565
float3(-0.0898234, -0.510752, -0.0456574)
95127.496950041
normal
simd_float4x4([[0.874807, -0.02365, 0.483894, 0.0)], [0.0582414, 0.996698, -0.0565787, 0.0)], [-0.480958, 0.0776781, 0.873296, 0.0)], [-1.09705, 0.0291149, -1.43895, 1.0)]])
-1.09705, 0.0291149, -1.43895
float3(-0.0777564, -0.50341, -0.0237239)
95127.630268083
normal
simd_float4x4([[0.879774, -0.00717339, 0.475337, 0.0)], [0.0390761, 0.997594, -0.0572689, 0.0)], [-0.473783, 0.068958, 0.877938, 0.0)], [-1.11537, 0.0307567, -1.43654, 1.0)]])
-1.11537, 0.0307567, -1.43654
float3(-0.0690128, -0.494865, -0.00719057)
95127.763586333
normal
simd_float4x4([[0.864862, -0.00750256, 0.501953, 0.0)], [0.0487328, 0.996421, -0.069073, 0.0)], [-0.499638, 0.0842003, 0.862132, 0.0)], [-1.13146, 0.0302098, -1.43971, 1.0)]])
-1.13146, 0.0302098, -1.43971
float3(-0.0843001, -0.525238, -0.00752937)
95127.896904416
normal
simd_float4x4([[0.845006, -0.00986351, 0.534665, 0.0)], [0.0454752, 0.997534, -0.0534683, 0.0)], [-0.532819, 0.0694951, 0.843371, 0.0)], [-1.15547, 0.0348113, -1.44475, 1.0)]])
-1.15547, 0.0348113, -1.44475
float3(-0.0695512, -0.563455, -0.00988757)
95128.030222666
normal
simd_float4x4([[0.840073, -0.0224537, 0.542009, 0.0)], [0.0509795, 0.997989, -0.0376709, 0.0)], [-0.540073, 0.0592777, 0.839528, 0.0)], [-1.18451, 0.0387946, -1.45644, 1.0)]])
-1.18451, 0.0387946, -1.45644
float3(-0.0593125, -0.571655, -0.0224951)
95128.163540875
normal
simd_float4x4([[0.860535, -0.0336736, 0.508277, 0.0)], [0.0609326, 0.997453, -0.0370797, 0.0)], [-0.505734, 0.062879, 0.860395, 0.0)], [-1.21675, 0.0376618, -1.46772, 1.0)]])
-1.21675, 0.0376618, -1.46772
float3(-0.0629205, -0.531395, -0.0337468)
95128.296858958
normal
simd_float4x4([[0.86753, -0.0296744, 0.496499, 0.0)], [0.0594878, 0.997244, -0.0443401, 0.0)], [-0.493815, 0.068002, 0.866904, 0.0)], [-1.24144, 0.0364578, -1.48186, 1.0)]])
-1.24144, 0.0364578, -1.48186
float3(-0.0680545, -0.51779, -0.0297476)
95128.430177
normal
simd_float4x4([[0.879534, -0.0217093, 0.47534, 0.0)], [0.0483187, 0.99787, -0.0438316, 0.0)], [-0.473376, 0.0615192, 0.87871, 0.0)], [-1.25692, 0.037427, -1.48667, 1.0)]])
-1.25692, 0.037427, -1.48667
float3(-0.0615581, -0.49414, -0.0217522)
95128.56349525
normal
simd_float4x4([[0.870016, -0.0215717, 0.492551, 0.0)], [0.0458541, 0.998252, -0.037275, 0.0)], [-0.490887, 0.0550154, 0.869485, 0.0)], [-1.25994, 0.039729, -1.48847, 1.0)]])
-1.25994, 0.039729, -1.48847
float3(-0.0550431, -0.513962, -0.0216061)
95128.696813458
normal
simd_float4x4([[0.846254, -0.0186518, 0.532453, 0.0)], [0.0447836, 0.99834, -0.0362051, 0.0)], [-0.530894, 0.0544839, 0.845685, 0.0)], [-1.24739, 0.0391566, -1.48599, 1.0)]])
-1.24739, 0.0391566, -1.48599
float3(-0.0545109, -0.560587, -0.0186806)
95128.830131666
normal
simd_float4x4([[0.809413, -0.00904178, 0.587171, 0.0)], [0.0383225, 0.998563, -0.0374507, 0.0)], [-0.585988, 0.0528149, 0.808596, 0.0)], [-1.22986, 0.0402588, -1.47789, 1.0)]])
-1.22986, 0.0402588, -1.47789
float3(-0.0528395, -0.62711, -0.00905455)
95128.963449791
normal
simd_float4x4([[0.770826, -0.00484292, 0.637028, 0.0)], [0.0388032, 0.998471, -0.0393625, 0.0)], [-0.635863, 0.0550604, 0.769835, 0.0)], [-1.21227, 0.0392051, -1.46947, 1.0)]])
-1.21227, 0.0392051, -1.46947
float3(-0.0550883, -0.690379, -0.0048503)
95129.096767958
normal
simd_float4x4([[0.731166, -0.00698716, 0.682164, 0.0)], [0.0423079, 0.998487, -0.0351198, 0.0)], [-0.680887, 0.0545393, 0.730355, 0.0)], [-1.19421, 0.0384998, -1.45899, 1.0)]])
-1.19421, 0.0384998, -1.45899
float3(-0.0545664, -0.750359, -0.00699764)
95129.230085916
normal
simd_float4x4([[0.689009, -0.0080928, 0.724707, 0.0)], [0.0458001, 0.998425, -0.0323946, 0.0)], [-0.723304, 0.0555119, 0.688295, 0.0)], [-1.17985, 0.0380989, -1.45037, 1.0)]])
-1.17985, 0.0380989, -1.45037
float3(-0.0555404, -0.810194, -0.00810539)
95129.36340425
normal
simd_float4x4([[0.645746, -0.00760282, 0.763515, 0.0)], [0.0479449, 0.998381, -0.0306081, 0.0)], [-0.762046, 0.0563717, 0.645065, 0.0)], [-1.17032, 0.037378, -1.44231, 1.0)]])
-1.17032, 0.037378, -1.44231
float3(-0.0564016, -0.868343, -0.007615)
95129.496722458
normal
simd_float4x4([[0.602917, -0.00800182, 0.797763, 0.0)], [0.0526811, 0.998167, -0.0298023, 0.0)], [-0.796062, 0.0599954, 0.602233, 0.0)], [-1.15952, 0.0362188, -1.43305, 1.0)]])
-1.15952, 0.0362188, -1.43305
float3(-0.0600314, -0.923138, -0.00801635)
95129.630040541
normal
simd_float4x4([[0.561776, -0.010362, 0.827225, 0.0)], [0.0558674, 0.998114, -0.0254374, 0.0)], [-0.825401, 0.060505, 0.561295, 0.0)], [-1.15292, 0.0356762, -1.42664, 1.0)]])
-1.15292, 0.0356762, -1.42664
float3(-0.060542, -0.973601, -0.0103812)
95129.763358875
normal
simd_float4x4([[0.520963, -0.012962, 0.853481, 0.0)], [0.0565532, 0.998212, -0.0193599, 0.0)], [-0.851704, 0.0583529, 0.520765, 0.0)], [-1.14714, 0.0357409, -1.41999, 1.0)]])
-1.14714, 0.0357409, -1.41999
float3(-0.058386, -1.02201, -0.0129845)
95129.896677
normal
simd_float4x4([[0.480658, -0.014422, 0.876789, 0.0)], [0.0568013, 0.998277, -0.0147183, 0.0)], [-0.875066, 0.0568772, 0.480649, 0.0)], [-1.13899, 0.0346387, -1.41289, 1.0)]])
-1.13899, 0.0346387, -1.41289
float3(-0.0569079, -1.06851, -0.0144459)
95130.029995208
normal
simd_float4x4([[0.441813, -0.0168423, 0.896949, 0.0)], [0.059068, 0.9982, -0.0103518, 0.0)], [-0.89516, 0.0575545, 0.442013, 0.0)], [-1.13305, 0.0336309, -1.40528, 1.0)]])
-1.13305, 0.0336309, -1.40528
float3(-0.0575864, -1.11214, -0.0168711)
95130.163313125
normal
simd_float4x4([[0.406148, -0.0190713, 0.913608, 0.0)], [0.0607676, 0.998133, -0.00617877, 0.0)], [-0.911784, 0.0580273, 0.406549, 0.0)], [-1.12536, 0.033086, -1.40041, 1.0)]])
-1.12536, 0.033086, -1.40041
float3(-0.0580599, -1.15137, -0.0191046)
95130.296631375
normal
simd_float4x4([[0.377047, -0.0212508, 0.92595, 0.0)], [0.0630157, 0.998009, -0.00275552, 0.0)], [-0.924048, 0.0593884, 0.377636, 0.0)], [-1.11851, 0.0314792, -1.39439, 1.0)]])
-1.11851, 0.0314792, -1.39439
float3(-0.0594233, -1.18283, -0.0212899)
95130.429949666
normal
simd_float4x4([[0.354248, -0.0220656, 0.934891, 0.0)], [0.062382, 0.998052, -8.1419e-05, 0.0)], [-0.933068, 0.0583493, 0.354935, 0.0)], [-1.11302, 0.0299837, -1.38868, 1.0)]])
-1.11302, 0.0299837, -1.38868
float3(-0.0583824, -1.2073, -0.022105)
95130.563267708
normal
simd_float4x4([[0.338019, -0.0225626, 0.940869, 0.0)], [0.063511, 0.99798, 0.00111502, 0.0)], [-0.938994, 0.0593787, 0.33877, 0.0)], [-1.10568, 0.0286625, -1.38634, 1.0)]])
-1.10568, 0.0286625, -1.38634
float3(-0.0594136, -1.22455, -0.0226044)
95130.696585958
normal
simd_float4x4([[0.324543, -0.0236998, 0.945574, 0.0)], [0.0638587, 0.997954, 0.00309489, 0.0)], [-0.943713, 0.0593787, 0.325393, 0.0)], [-1.10169, 0.027342, -1.38345, 1.0)]])
-1.10169, 0.027342, -1.38345
float3(-0.0594137, -1.23876, -0.023744)
95130.829904166
normal
simd_float4x4([[0.313695, -0.0239883, 0.949221, 0.0)], [0.0644, 0.997916, 0.00393622, 0.0)], [-0.947337, 0.0598951, 0.314586, 0.0)], [-1.09881, 0.0259574, -1.38373, 1.0)]])
-1.09881, 0.0259574, -1.38373
float3(-0.0599309, -1.25018, -0.0240337)
95130.963222125
normal
simd_float4x4([[0.306331, -0.0216205, 0.951679, 0.0)], [0.0638749, 0.997956, 0.00211148, 0.0)], [-0.94978, 0.0601416, 0.307086, 0.0)], [-1.09647, 0.0254396, -1.38473, 1.0)]])
-1.09647, 0.0254396, -1.38473
float3(-0.060178, -1.25808, -0.0216614)
95131.096540291
normal
simd_float4x4([[0.304798, -0.0216274, 0.952171, 0.0)], [0.0621337, 0.998064, 0.00278025, 0.0)], [-0.950388, 0.0583146, 0.305552, 0.0)], [-1.09771, 0.0254161, -1.38627, 1.0)]])
-1.09771, 0.0254161, -1.38627
float3(-0.0583477, -1.25973, -0.021666)
95131.229858458
normal
simd_float4x4([[0.308621, -0.0223352, 0.950923, 0.0)], [0.0605462, 0.998158, 0.00379443, 0.0)], [-0.949256, 0.0564037, 0.309405, 0.0)], [-1.09789, 0.0259961, -1.38755, 1.0)]])
-1.09789, 0.0259961, -1.38755
float3(-0.0564337, -1.25571, -0.0223727)
95131.36317675
normal
simd_float4x4([[0.309412, -0.0194931, 0.950728, 0.0)], [0.0538744, 0.998543, 0.00294022, 0.0)], [-0.949401, 0.0503102, 0.310011, 0.0)], [-1.09792, 0.0266704, -1.38885, 1.0)]])
-1.09792, 0.0266704, -1.38885
float3(-0.0503315, -1.25518, -0.0195191)
95131.496494833
normal
simd_float4x4([[0.311048, -0.0197285, 0.950189, 0.0)], [0.0478093, 0.998844, 0.00508813, 0.0)], [-0.949191, 0.0438452, 0.311631, 0.0)], [-1.09787, 0.029809, -1.38687, 1.0)]])
-1.09787, 0.029809, -1.38687
float3(-0.0438593, -1.25357, -0.0197488)
95131.629813041
normal
simd_float4x4([[0.315121, -0.0229056, 0.948775, 0.0)], [0.0317665, 0.999403, 0.0135771, 0.0)], [-0.94852, 0.0258609, 0.31566, 0.0)], [-1.09909, 0.034476, -1.38401, 1.0)]])
-1.09909, 0.034476, -1.38401
float3(-0.0258637, -1.24953, -0.0229153)
95131.763131208
normal
simd_float4x4([[0.322865, -0.0229893, 0.946166, 0.0)], [0.00469749, 0.999732, 0.0226879, 0.0)], [-0.946433, -0.00288054, 0.322887, 0.0)], [-1.10342, 0.0377574, -1.37971, 1.0)]])
-1.10342, 0.0377574, -1.37971
float3(0.00288054, -1.24202, -0.0229915)
95131.896449291
normal
simd_float4x4([[0.319569, -0.0194779, 0.947363, 0.0)], [-0.0157748, 0.999541, 0.0258719, 0.0)], [-0.947432, -0.0232123, 0.319115, 0.0)], [-1.10492, 0.0400303, -1.37878, 1.0)]])
-1.10492, 0.0400303, -1.37878
float3(0.0232144, -1.24591, -0.0194844)
95132.029767416
normal
simd_float4x4([[0.322692, -0.0193984, 0.946305, 0.0)], [-0.0236098, 0.999314, 0.028536, 0.0)], [-0.946209, -0.0315504, 0.322013, 0.0)], [-1.10787, 0.041726, -1.37861, 1.0)]])
-1.10787, 0.041726, -1.37861
float3(0.0315557, -1.24277, -0.0194093)
95132.163085708
normal
simd_float4x4([[0.324851, -0.021618, 0.945518, 0.0)], [-0.0226544, 0.999274, 0.0306304, 0.0)], [-0.945494, -0.0313705, 0.324125, 0.0)], [-1.10879, 0.0422909, -1.37922, 1.0)]])
-1.10879, 0.0422909, -1.37922
float3(0.0313756, -1.24054, -0.0216304)
95132.296403875
normal
simd_float4x4([[0.333408, -0.0209034, 0.942551, 0.0)], [-0.0215704, 0.999323, 0.0297926, 0.0)], [-0.942536, -0.0302643, 0.332732, 0.0)], [-1.11102, 0.0437403, -1.37986, 1.0)]])
-1.11102, 0.0437403, -1.37986
float3(0.0302689, -1.23144, -0.0209145)
95132.429721916
normal
simd_float4x4([[0.351717, -0.0196943, 0.935899, 0.0)], [-0.0255701, 0.999204, 0.0306358, 0.0)], [-0.935757, -0.0347062, 0.350933, 0.0)], [-1.11666, 0.0439618, -1.38064, 1.0)]])
-1.11666, 0.0439618, -1.38064
float3(0.0347132, -1.212, -0.0197074)
95132.563040291
normal
simd_float4x4([[0.849518, -0.0179302, 0.527255, 0.0)], [-0.00333757, 0.99922, 0.0393577, 0.0)], [-0.527549, -0.0351949, 0.848795, 0.0)], [-0.503999, 0.0376605, -0.984357, 1.0)]])
-0.503999, 0.0376605, -0.984357
float3(0.0352021, -0.556098, -0.0179423)
95132.696358208
normal
simd_float4x4([[0.851922, -0.0187884, 0.523332, 0.0)], [-0.00174414, 0.999249, 0.0387138, 0.0)], [-0.523666, -0.0338939, 0.851249, 0.0)], [-0.567478, 0.0424326, -1.01675, 1.0)]])
-0.567478, 0.0424326, -1.01675
float3(0.0339004, -0.551502, -0.0188003)
95132.829676416
normal
simd_float4x4([[0.866093, -0.0191848, 0.499515, 0.0)], [0.00123339, 0.999342, 0.036243, 0.0)], [-0.499882, -0.0307737, 0.865547, 0.0)], [-0.600292, 0.0431753, -1.03486, 1.0)]])
-0.600292, 0.0431753, -1.03486
float3(0.0307786, -0.523736, -0.0191951)
95132.962994583
normal
simd_float4x4([[0.88078, -0.0224341, 0.472994, 0.0)], [0.00550313, 0.999295, 0.037149, 0.0)], [-0.473494, -0.0301171, 0.880282, 0.0)], [-0.621769, 0.042643, -1.04655, 1.0)]])
-0.621769, 0.042643, -1.04655
float3(0.0301217, -0.493498, -0.0224462)
95133.096312833
normal
simd_float4x4([[0.894601, -0.023983, 0.446222, 0.0)], [0.00766085, 0.999235, 0.0383469, 0.0)], [-0.446801, -0.0308867, 0.8941, 0.0)], [-0.645069, 0.0426986, -1.05688, 1.0)]])
-0.645069, 0.0426986, -1.05688
float3(0.0308916, -0.463424, -0.0239967)
95133.229630958
normal
simd_float4x4([[0.915757, -0.0270246, 0.400822, 0.0)], [0.0140367, 0.999278, 0.0353048, 0.0)], [-0.401487, -0.0267044, 0.915475, 0.0)], [-0.649604, 0.0419592, -1.05691, 1.0)]])
-0.649604, 0.0419592, -1.05691
float3(0.0267076, -0.413296, -0.0270376)
95133.362949208
normal
simd_float4x4([[0.935481, -0.0280479, 0.352263, 0.0)], [0.0187378, 0.99938, 0.0298119, 0.0)], [-0.352881, -0.0212878, 0.935426, 0.0)], [-0.655104, 0.0410435, -1.05568, 1.0)]])
-0.655104, 0.0410435, -1.05568
float3(0.0212894, -0.360734, -0.0280579)
95133.496267291
normal
simd_float4x4([[0.950467, -0.0288088, 0.309486, 0.0)], [0.0217348, 0.999418, 0.0262818, 0.0)], [-0.310063, -0.0182534, 0.950541, 0.0)], [-0.66319, 0.0408796, -1.05903, 1.0)]])
-0.66319, 0.0408796, -1.05903
float3(0.0182544, -0.315314, -0.0288176)
95133.629585375
normal
simd_float4x4([[0.963538, -0.0269152, 0.266214, 0.0)], [0.0209797, 0.999464, 0.0251154, 0.0)], [-0.266748, -0.0186145, 0.963587, 0.0)], [-0.669706, 0.0396195, -1.05879, 1.0)]])
-0.669706, 0.0396195, -1.05879
float3(0.0186156, -0.270065, -0.0269231)
95133.762903541
normal
simd_float4x4([[0.974553, -0.0272498, 0.222495, 0.0)], [0.0224458, 0.999458, 0.0240922, 0.0)], [-0.223031, -0.018485, 0.974636, 0.0)], [-0.675966, 0.0386648, -1.06041, 1.0)]])
-0.675966, 0.0386648, -1.06041
float3(0.0184861, -0.224961, -0.0272578)
95133.896221708
normal
simd_float4x4([[0.983958, -0.0278832, 0.176209, 0.0)], [0.0243439, 0.999457, 0.0222157, 0.0)], [-0.176733, -0.0175697, 0.984102, 0.0)], [-0.683294, 0.0387734, -1.06317, 1.0)]])
-0.683294, 0.0387734, -1.06317
float3(0.0175706, -0.177694, -0.0278911)
95134.029539875
normal
simd_float4x4([[0.989313, -0.0249447, 0.143656, 0.0)], [0.0222563, 0.999546, 0.0202915, 0.0)], [-0.144097, -0.0168774, 0.98942, 0.0)], [-0.690587, 0.0381143, -1.06583, 1.0)]])
-0.690587, 0.0381143, -1.06583
float3(0.0168782, -0.144621, -0.0249509)
95134.162858208
normal
simd_float4x4([[0.993343, -0.0252701, 0.112385, 0.0)], [0.0236379, 0.999595, 0.0158326, 0.0)], [-0.11274, -0.0130706, 0.993538, 0.0)], [-0.696621, 0.0381468, -1.0666, 1.0)]])
-0.696621, 0.0381468, -1.0666
float3(0.013071, -0.11299, -0.025275)
95134.296176375
normal
simd_float4x4([[0.995353, -0.0243431, 0.0931599, 0.0)], [0.0230823, 0.999627, 0.0145874, 0.0)], [-0.0934802, -0.0123693, 0.995544, 0.0)], [-0.704601, 0.039086, -1.06861, 1.0)]])
-0.704601, 0.039086, -1.06861
float3(0.0123696, -0.0936241, -0.0243474)
95134.429494541
normal
simd_float4x4([[0.996441, -0.0217178, 0.0814438, 0.0)], [0.0208207, 0.999713, 0.011848, 0.0)], [-0.0816778, -0.0101101, 0.996607, 0.0)], [-0.708394, 0.038868, -1.06966, 1.0)]])
-0.708394, 0.038868, -1.06966
float3(0.0101103, -0.0817731, -0.0217206)
95134.562812625
normal
simd_float4x4([[0.997723, -0.0207918, 0.064157, 0.0)], [0.0198992, 0.999697, 0.0145209, 0.0)], [-0.0644395, -0.0132112, 0.997834, 0.0)], [-0.711652, 0.0396864, -1.06724, 1.0)]])
-0.711652, 0.0396864, -1.06724
float3(0.0132116, -0.0644898, -0.0207952)
95134.696130791
normal
simd_float4x4([[0.998553, -0.022225, 0.0489678, 0.0)], [0.0214303, 0.999631, 0.0166952, 0.0)], [-0.0493207, -0.0156217, 0.998661, 0.0)], [-0.715422, 0.0409967, -1.06511, 1.0)]])
-0.715422, 0.0409967, -1.06511
float3(0.0156223, -0.0493468, -0.0222296)
95134.829448916
normal
simd_float4x4([[0.999114, -0.0211384, 0.0363996, 0.0)], [0.0205483, 0.999653, 0.0165102, 0.0)], [-0.036736, -0.0157476, 0.999201, 0.0)], [-0.718439, 0.0406967, -1.06411, 1.0)]])
-0.718439, 0.0406967, -1.06411
float3(0.0157483, -0.0367488, -0.0211426)
95134.962767
normal
simd_float4x4([[0.999287, -0.0228681, 0.0300272, 0.0)], [0.0224023, 0.999625, 0.01576, 0.0)], [-0.0303764, -0.0150761, 0.999425, 0.0)], [-0.721437, 0.0410201, -1.06218, 1.0)]])
-0.721437, 0.0410201, -1.06218
float3(0.0150766, -0.0303845, -0.0228727)
95135.096085333
normal
simd_float4x4([[0.999296, -0.0213792, 0.0308364, 0.0)], [0.0209695, 0.999688, 0.0135484, 0.0)], [-0.0311164, -0.0128922, 0.999433, 0.0)], [-0.723727, 0.0417915, -1.0607, 1.0)]])
-0.723727, 0.0417915, -1.0607
float3(0.0128926, -0.031124, -0.0213826)
95135.229403416
normal
simd_float4x4([[0.999194, -0.0202895, 0.0346323, 0.0)], [0.0199181, 0.999741, 0.0110376, 0.0)], [-0.0348473, -0.0103389, 0.999339, 0.0)], [-0.723909, 0.0419796, -1.05998, 1.0)]])
-0.723909, 0.0419796, -1.05998
float3(0.010339, -0.0348562, -0.020292)
95135.3627215
normal
simd_float4x4([[0.999172, -0.0204103, 0.0351987, 0.0)], [0.0199761, 0.999721, 0.0126427, 0.0)], [-0.0354469, -0.0119291, 0.9993, 0.0)], [-0.723919, 0.0424537, -1.05842, 1.0)]])
-0.723919, 0.0424537, -1.05842
float3(0.0119294, -0.0354569, -0.0204131)
95135.49603975
normal
simd_float4x4([[0.99916, -0.0190197, 0.0362934, 0.0)], [0.0186511, 0.999771, 0.0104693, 0.0)], [-0.0364842, -0.00978358, 0.999286, 0.0)], [-0.725081, 0.0427668, -1.05803, 1.0)]])
-0.725081, 0.0427668, -1.05803
float3(0.00978374, -0.0364941, -0.0190218)
95135.629357958
normal
simd_float4x4([[0.99904, -0.0190421, 0.0394585, 0.0)], [0.0186785, 0.99978, 0.00956498, 0.0)], [-0.039632, -0.00881877, 0.999175, 0.0)], [-0.726238, 0.0429418, -1.05804, 1.0)]])
-0.726238, 0.0429418, -1.05804
float3(0.00881888, -0.0396439, -0.019044)
95135.762676083
normal
simd_float4x4([[0.998878, -0.0170603, 0.0441799, 0.0)], [0.0166013, 0.999805, 0.0107362, 0.0)], [-0.0443545, -0.00999075, 0.998966, 0.0)], [-0.727974, 0.0433908, -1.05854, 1.0)]])
-0.727974, 0.0433908, -1.05854
float3(0.00999092, -0.0443712, -0.017062)
