ARKit Data
13868.355294416
normal
simd_float4x4([[0.154895, -0.987744, -0.0192439, 0.0)], [-0.135285, -0.00191138, -0.990805, 0.0)], [0.978624, 0.156074, -0.133923, 0.0)], [0.615897, -0.249449, -1.02856, 1.0)]])
0.615897, -0.249449, -1.02856
float3(-0.156715, 1.7068, -1.57273)
13868.693482791
notAvailable
simd_float4x4([[1.0, 0.0, 0.0, 0.0)], [0.0, 1.0, 0.0, 0.0)], [0.0, 0.0, 1.0, 0.0)], [0.0, 0.0, 0.0, 1.0)]])
0.0, 0.0, 0.0
float3(-0.0, 0.0, 0.0)
13868.810132
notAvailable
simd_float4x4([[1.0, 0.0, 0.0, 0.0)], [0.0, 1.0, 0.0, 0.0)], [0.0, 0.0, 1.0, 0.0)], [0.0, 0.0, 0.0, 1.0)]])
0.0, 0.0, 0.0
float3(-0.0, 0.0, 0.0)
13868.926781375
limited(__ObjC.ARCamera.TrackingState.Reason.initializing)
simd_float4x4([[0.0170372, -0.984989, 0.171775, 0.0)], [0.999852, 0.0163962, -0.0051499, 0.0)], [0.00225613, 0.171838, 0.985123, 0.0)], [0.0, 0.0, 0.0, 1.0)]])
0.0, 0.0, 0.0
float3(-0.172695, 0.0022902, -1.55415)
13869.043430708
limited(__ObjC.ARCamera.TrackingState.Reason.initializing)
simd_float4x4([[0.0215286, -0.983072, 0.181953, 0.0)], [0.999768, 0.0211497, -0.00402263, 0.0)], [0.000106285, 0.181997, 0.983299, 0.0)], [0.0, 0.0, 0.0, 1.0)]])
0.0, 0.0, 0.0
float3(-0.183017, 0.00010809, -1.54929)
13869.160079875
limited(__ObjC.ARCamera.TrackingState.Reason.initializing)
simd_float4x4([[0.015482, -0.983526, 0.180101, 0.0)], [0.99988, 0.0152984, -0.00240835, 0.0)], [-0.000386575, 0.180117, 0.983645, 0.0)], [0.0, 0.0, 0.0, 1.0)]])
0.0, 0.0, 0.0
float3(-0.181105, -0.000393002, -1.55524)
13869.276729166
limited(__ObjC.ARCamera.TrackingState.Reason.initializing)
simd_float4x4([[0.0115144, -0.983627, 0.179844, 0.0)], [0.999933, 0.011599, -0.000580916, 0.0)], [-0.00151461, 0.179839, 0.983694, 0.0)], [0.0, 0.0, 0.0, 1.0)]])
0.0, 0.0, 0.0
float3(-0.180823, -0.00153972, -1.559)
13869.393378416
limited(__ObjC.ARCamera.TrackingState.Reason.initializing)
simd_float4x4([[0.00959692, -0.984389, 0.175743, 0.0)], [0.999953, 0.00970486, -0.000245313, 0.0)], [-0.00146408, 0.175738, 0.984436, 0.0)], [0.0, 0.0, 0.0, 1.0)]])
0.0, 0.0, 0.0
float3(-0.176655, -0.00148723, -1.56094)
13869.510027791
limited(__ObjC.ARCamera.TrackingState.Reason.initializing)
simd_float4x4([[0.00877756, -0.984934, 0.17271, 0.0)], [0.999958, 0.00907763, 0.000947619, 0.0)], [-0.00250114, 0.172695, 0.984972, 0.0)], [0.0, 0.0, 0.0, 1.0)]])
0.0, 0.0, 0.0
float3(-0.173565, -0.0025393, -1.56158)
13869.626677083
limited(__ObjC.ARCamera.TrackingState.Reason.initializing)
simd_float4x4([[0.00972722, -0.985154, 0.171396, 0.0)], [0.999941, 0.0104161, 0.00312025, 0.0)], [-0.0048592, 0.171355, 0.985197, 0.0)], [0.0, 0.0, 0.0, 1.0)]])
0.0, 0.0, 0.0
float3(-0.172205, -0.00493217, -1.56022)
13869.743326291
limited(__ObjC.ARCamera.TrackingState.Reason.initializing)
simd_float4x4([[0.00913229, -0.985781, 0.167787, 0.0)], [0.999947, 0.00978784, 0.00308044, 0.0)], [-0.00467891, 0.16775, 0.985818, 0.0)], [0.0, 0.0, 0.0, 1.0)]])
0.0, 0.0, 0.0
float3(-0.168547, -0.00474618, -1.56087)
13869.859975541
limited(__ObjC.ARCamera.TrackingState.Reason.initializing)
simd_float4x4([[0.00763246, -0.985655, 0.1686, 0.0)], [0.999956, 0.00843829, 0.00406355, 0.0)], [-0.00542795, 0.168561, 0.985676, 0.0)], [0.0, 0.0, 0.0, 1.0)]])
0.0, 0.0, 0.0
float3(-0.16937, -0.00550678, -1.56224)
13869.976624791
limited(__ObjC.ARCamera.TrackingState.Reason.initializing)
simd_float4x4([[0.00484971, -0.98619, 0.165548, 0.0)], [0.999956, 0.00610869, 0.00709666, 0.0)], [-0.00800993, 0.165506, 0.986176, 0.0)], [0.0, 0.0, 0.0, 1.0)]])
0.0, 0.0, 0.0
float3(-0.166271, -0.00812204, -1.5646)
13870.093274
limited(__ObjC.ARCamera.TrackingState.Reason.initializing)
simd_float4x4([[0.00390442, -0.986436, 0.164101, 0.0)], [0.999965, 0.00506071, 0.00662872, 0.0)], [-0.00736928, 0.164069, 0.986421, 0.0)], [0.0, 0.0, 0.0, 1.0)]])
0.0, 0.0, 0.0
float3(-0.164814, -0.00747058, -1.56567)
13870.209923375
limited(__ObjC.ARCamera.TrackingState.Reason.initializing)
simd_float4x4([[0.0125243, -0.986461, 0.163515, 0.0)], [0.999858, 0.0105128, -0.0131609, 0.0)], [0.0112638, 0.163657, 0.986453, 0.0)], [0.0, 0.0, 0.0, 1.0)]])
0.0, 0.0, 0.0
float3(-0.164396, 0.011418, -1.56014)
13870.326572791
limited(__ObjC.ARCamera.TrackingState.Reason.initializing)
simd_float4x4([[0.0243854, -0.986323, 0.163005, 0.0)], [0.998622, 0.0164545, -0.0498288, 0.0)], [0.0464652, 0.163995, 0.985365, 0.0)], [0.0, 0.0, 0.0, 1.0)]])
0.0, 0.0, 0.0
float3(-0.164739, 0.0471204, -1.55412)
13870.443222166
limited(__ObjC.ARCamera.TrackingState.Reason.initializing)
simd_float4x4([[0.0218367, -0.987139, 0.158361, 0.0)], [0.996567, 0.00883948, -0.0823181, 0.0)], [0.0798597, 0.159615, 0.983943, 0.0)], [0.0, 0.0, 0.0, 1.0)]])
0.0, 0.0, 0.0
float3(-0.160301, 0.0809854, -1.56184)
13870.559871291
limited(__ObjC.ARCamera.TrackingState.Reason.initializing)
simd_float4x4([[0.0269479, -0.987113, 0.157732, 0.0)], [0.99339, 0.00883181, -0.114447, 0.0)], [0.111579, 0.159773, 0.980827, 0.0)], [0.0, 0.0, 0.0, 1.0)]])
0.0, 0.0, 0.0
float3(-0.160461, 0.113273, -1.56185)
13870.676520625
limited(__ObjC.ARCamera.TrackingState.Reason.initializing)
simd_float4x4([[0.0296928, -0.987397, 0.155447, 0.0)], [0.990251, 0.00788418, -0.139073, 0.0)], [0.136095, 0.158061, 0.978005, 0.0)], [0.0, 0.0, 0.0, 1.0)]])
0.0, 0.0, 0.0
float3(-0.158727, 0.138268, -1.56281)
13870.793169916
limited(__ObjC.ARCamera.TrackingState.Reason.initializing)
simd_float4x4([[0.0293658, -0.9874, 0.155495, 0.0)], [0.988618, 0.00572711, -0.150337, 0.0)], [0.147552, 0.15814, 0.97633, 0.0)], [0.0, 0.0, 0.0, 1.0)]])
0.0, 0.0, 0.0
float3(-0.158807, 0.149994, -1.565)
13870.909819166
limited(__ObjC.ARCamera.TrackingState.Reason.initializing)
simd_float4x4([[0.0274619, -0.987591, 0.154625, 0.0)], [0.989468, 0.00486372, -0.144668, 0.0)], [0.142121, 0.15697, 0.977324, 0.0)], [0.0, 0.0, 0.0, 1.0)]])
0.0, 0.0, 0.0
float3(-0.157622, 0.144406, -1.56587)
13871.026468666
limited(__ObjC.ARCamera.TrackingState.Reason.initializing)
simd_float4x4([[0.0238894, -0.988005, 0.152558, 0.0)], [0.992775, 0.00549646, -0.119865, 0.0)], [0.117589, 0.154319, 0.980998, 0.0)], [0.0, 0.0, 0.0, 1.0)]])
0.0, 0.0, 0.0
float3(-0.154938, 0.119298, -1.56523)
13871.143117958
limited(__ObjC.ARCamera.TrackingState.Reason.initializing)
simd_float4x4([[0.0195182, -0.98817, 0.152107, 0.0)], [0.996943, 0.00772309, -0.0777534, 0.0)], [0.075659, 0.153159, 0.9853, 0.0)], [0.0, 0.0, 0.0, 1.0)]])
0.0, 0.0, 0.0
float3(-0.153765, 0.0766374, -1.56298)
13871.259767375
limited(__ObjC.ARCamera.TrackingState.Reason.initializing)
simd_float4x4([[0.0129728, -0.988461, 0.150911, 0.0)], [0.9995, 0.00846788, -0.0304562, 0.0)], [0.0288269, 0.151231, 0.988077, 0.0)], [0.0, 0.0, 0.0, 1.0)]])
0.0, 0.0, 0.0
float3(-0.151813, 0.0291665, -1.56223)
13871.376416666
limited(__ObjC.ARCamera.TrackingState.Reason.initializing)
simd_float4x4([[0.00770162, -0.988443, 0.15139, 0.0)], [0.999856, 0.00989866, 0.0137644, 0.0)], [-0.0151039, 0.151262, 0.988377, 0.0)], [0.0, 0.0, 0.0, 1.0)]])
0.0, 0.0, 0.0
float3(-0.151845, -0.0152803, -1.56078)
13871.493065875
limited(__ObjC.ARCamera.TrackingState.Reason.initializing)
simd_float4x4([[-0.00125507, -0.988617, 0.15044, 0.0)], [0.998438, 0.00716502, 0.0554153, 0.0)], [-0.0558625, 0.150274, 0.987063, 0.0)], [0.0, 0.0, 0.0, 1.0)]])
0.0, 0.0, 0.0
float3(-0.150846, -0.0565343, -1.56355)
13871.609715375
limited(__ObjC.ARCamera.TrackingState.Reason.initializing)
simd_float4x4([[-0.00884569, -0.988731, 0.149426, 0.0)], [0.99548, 0.00542343, 0.0948181, 0.0)], [-0.0945603, 0.149589, 0.984213, 0.0)], [0.0, 0.0, 0.0, 1.0)]])
0.0, 0.0, 0.0
float3(-0.150153, -0.095783, -1.56531)
13871.72636475
limited(__ObjC.ARCamera.TrackingState.Reason.initializing)
simd_float4x4([[-0.0133504, -0.988993, 0.147341, 0.0)], [0.99147, 0.00601217, 0.130195, 0.0)], [-0.129648, 0.147822, 0.980476, 0.0)], [0.0, 0.0, 0.0, 1.0)]])
0.0, 0.0, 0.0
float3(-0.148366, -0.131467, -1.56472)
13871.84302525
limited(__ObjC.ARCamera.TrackingState.Reason.initializing)
simd_float4x4([[-0.0180992, -0.988961, 0.147038, 0.0)], [0.986568, 0.00621275, 0.16323, 0.0)], [-0.162342, 0.148018, 0.975565, 0.0)], [0.0, 0.0, 0.0, 1.0)]])
0.0, 0.0, 0.0
float3(-0.148564, -0.164897, -1.56451)
13871.943076666
limited(__ObjC.ARCamera.TrackingState.Reason.initializing)
simd_float4x4([[-0.0193086, -0.989148, 0.145616, 0.0)], [0.98161, 0.00890972, 0.190689, 0.0)], [-0.189918, 0.146621, 0.970786, 0.0)], [0.0, 0.0, 0.0, 1.0)]])
0.0, 0.0, 0.0
float3(-0.147151, -0.193193, -1.56179)
13872.043128125
limited(__ObjC.ARCamera.TrackingState.Reason.initializing)
simd_float4x4([[-0.0202248, -0.989472, 0.143273, 0.0)], [0.977853, 0.0102804, 0.209042, 0.0)], [-0.208315, 0.144328, 0.96735, 0.0)], [0.0, 0.0, 0.0, 1.0)]])
0.0, 0.0, 0.0
float3(-0.144834, -0.212107, -1.56041)
13872.14317975
limited(__ObjC.ARCamera.TrackingState.Reason.initializing)
simd_float4x4([[-0.0230558, -0.989674, 0.141431, 0.0)], [0.97546, 0.00871389, 0.220001, 0.0)], [-0.218963, 0.143033, 0.965187, 0.0)], [0.0, 0.0, 0.0, 1.0)]])
0.0, 0.0, 0.0
float3(-0.143526, -0.223085, -1.56199)
13872.24323125
limited(__ObjC.ARCamera.TrackingState.Reason.initializing)
simd_float4x4([[-0.0226845, -0.989792, 0.140666, 0.0)], [0.974922, 0.00925533, 0.222354, 0.0)], [-0.221388, 0.142182, 0.96476, 0.0)], [0.0, 0.0, 0.0, 1.0)]])
0.0, 0.0, 0.0
float3(-0.142666, -0.225569, -1.56145)
13872.343282791
limited(__ObjC.ARCamera.TrackingState.Reason.initializing)
simd_float4x4([[-0.0209709, -0.989821, 0.140728, 0.0)], [0.976253, 0.010082, 0.216398, 0.0)], [-0.215616, 0.141925, 0.966104, 0.0)], [0.0, 0.0, 0.0, 1.0)]])
0.0, 0.0, 0.0
float3(-0.142405, -0.219582, -1.56061)
13872.443334333
limited(__ObjC.ARCamera.TrackingState.Reason.initializing)
simd_float4x4([[-0.0199573, -0.989991, 0.139678, 0.0)], [0.979115, 0.0089177, 0.20311, 0.0)], [-0.202324, 0.140815, 0.969137, 0.0)], [0.0, 0.0, 0.0, 1.0)]])
0.0, 0.0, 0.0
float3(-0.141284, -0.205811, -1.56179)
13872.543386083
limited(__ObjC.ARCamera.TrackingState.Reason.initializing)
simd_float4x4([[-0.017194, -0.98983, 0.141179, 0.0)], [0.983396, 0.00876991, 0.181261, 0.0)], [-0.180657, 0.141952, 0.973243, 0.0)], [0.0, 0.0, 0.0, 1.0)]])
0.0, 0.0, 0.0
float3(-0.142433, -0.183534, -1.56194)
13872.643437416
normal
simd_float4x4([[-0.0104371, -0.989899, 0.141389, 0.0)], [0.987621, 0.0119264, 0.156404, 0.0)], [-0.15651, 0.141271, 0.977521, 0.0)], [-0.00117521, 4.55282e-05, -0.000203051, 1.0)]])
-0.00117521, 4.55282e-05, -0.000203051
float3(-0.141746, -0.158762, -1.55875)
13872.743488958
normal
simd_float4x4([[-0.00854381, -0.990398, 0.137978, 0.0)], [0.991507, 0.00951684, 0.129707, 0.0)], [-0.129775, 0.137914, 0.981905, 0.0)], [-0.00987105, 0.00072596, 0.000260882, 1.0)]])
-0.00987105, 0.00072596, 0.000260882
float3(-0.138355, -0.131405, -1.56119)
13872.843540583
normal
simd_float4x4([[-0.00567894, -0.990663, 0.136218, 0.0)], [0.994957, 0.00804366, 0.0999782, 0.0)], [-0.10014, 0.136099, 0.985621, 0.0)], [-0.0174799, 0.000574994, -0.00107705, 1.0)]])
-0.0174799, 0.000574994, -0.00107705
float3(-0.136523, -0.101254, -1.56268)
13872.943592166
normal
simd_float4x4([[-0.00421745, -0.990561, 0.137006, 0.0)], [0.997578, 0.00534399, 0.0693459, 0.0)], [-0.0694235, 0.136966, 0.98814, 0.0)], [-0.0262196, 0.000819303, -0.00355039, 1.0)]])
-0.0262196, 0.000819303, -0.00355039
float3(-0.137398, -0.0701415, -1.5654)
13873.043643666
normal
simd_float4x4([[-0.00453777, -0.99065, 0.136354, 0.0)], [0.999054, 0.00140562, 0.0434602, 0.0)], [-0.0432455, 0.136422, 0.989707, 0.0)], [-0.0328284, 0.000448331, -0.00676549, 1.0)]])
-0.0328284, 0.000448331, -0.00676549
float3(-0.136849, -0.0436675, -1.56938)
13873.143695208
normal
simd_float4x4([[-0.00463646, -0.990687, 0.136084, 0.0)], [0.999662, -0.00111041, 0.0259754, 0.0)], [-0.0255823, 0.136158, 0.990357, 0.0)], [-0.0377968, 0.000510663, -0.00873335, 1.0)]])
-0.0377968, 0.000510663, -0.00873335
float3(-0.136582, -0.0258257, -1.57192)
13873.243746916
normal
simd_float4x4([[-0.00574159, -0.990676, 0.136114, 0.0)], [0.99984, -0.00338403, 0.0175455, 0.0)], [-0.0169213, 0.136193, 0.990538, 0.0)], [-0.0352798, -0.000541682, -0.00878038, 1.0)]])
-0.0352798, -0.000541682, -0.00878038
float3(-0.136618, -0.0170813, -1.57421)
13873.343798416
normal
simd_float4x4([[-0.00476914, -0.99038, 0.138293, 0.0)], [0.999875, -0.0026403, 0.015573, 0.0)], [-0.0150581, 0.13835, 0.990269, 0.0)], [-0.0356441, -0.000918234, -0.00889605, 1.0)]])
-0.0356441, -0.000918234, -0.00889605
float3(-0.138796, -0.0152049, -1.57346)
13873.443849958
normal
simd_float4x4([[-0.00470072, -0.990146, 0.139962, 0.0)], [0.999801, -0.00194126, 0.0198458, 0.0)], [-0.0193785, 0.140027, 0.989958, 0.0)], [-0.0356836, -0.00126573, -0.010159, 1.0)]])
-0.0356836, -0.00126573, -0.010159
float3(-0.140489, -0.0195726, -1.57276)
13873.543901666
normal
simd_float4x4([[-0.00606402, -0.99034, 0.138529, 0.0)], [0.999687, -0.00263861, 0.0248974, 0.0)], [-0.0242913, 0.138636, 0.990046, 0.0)], [-0.0347531, -0.00189245, -0.0100711, 1.0)]])
-0.0347531, -0.00189245, -0.0100711
float3(-0.139084, -0.0245307, -1.57346)
13873.643953208
normal
simd_float4x4([[-0.00656752, -0.990315, 0.138687, 0.0)], [0.999575, -0.00256347, 0.02903, 0.0)], [-0.0283934, 0.138819, 0.989911, 0.0)], [-0.0334481, -0.00206765, -0.0101619, 1.0)]])
-0.0334481, -0.00206765, -0.0101619
float3(-0.139268, -0.0286749, -1.57338)
13873.744004791
normal
simd_float4x4([[-0.00762208, -0.990546, 0.136971, 0.0)], [0.999432, -0.00305009, 0.0335582, 0.0)], [-0.0328231, 0.137149, 0.990006, 0.0)], [-0.0327452, -0.00228709, -0.0102639, 1.0)]])
-0.0327452, -0.00228709, -0.0102639
float3(-0.137583, -0.0331423, -1.57388)
13873.844056375
normal
simd_float4x4([[-0.00821741, -0.990574, 0.136735, 0.0)], [0.999331, -0.00326114, 0.0364319, 0.0)], [-0.0356426, 0.136942, 0.989938, 0.0)], [-0.0321949, -0.00265267, -0.0105277, 1.0)]])
-0.0321949, -0.00265267, -0.0105277
float3(-0.137374, -0.0359894, -1.57409)
13873.944107916
normal
simd_float4x4([[-0.0093871, -0.990573, 0.136662, 0.0)], [0.999212, -0.00402198, 0.0394816, 0.0)], [-0.0385597, 0.136925, 0.989831, 0.0)], [-0.0321844, -0.00300265, -0.0114256, 1.0)]])
-0.0321844, -0.00300265, -0.0114256
float3(-0.137357, -0.0389362, -1.57486)
13874.044159583
normal
simd_float4x4([[-0.0123388, -0.990814, 0.134669, 0.0)], [0.999126, -0.00683898, 0.041226, 0.0)], [-0.0399263, 0.13506, 0.990033, 0.0)], [-0.0313593, -0.00309476, -0.0118412, 1.0)]])
-0.0313593, -0.00309476, -0.0118412
float3(-0.135474, -0.0403064, -1.5777)
13874.144211125
normal
simd_float4x4([[-0.0116013, -0.990917, 0.133977, 0.0)], [0.999744, -0.00888926, 0.0208234, 0.0)], [-0.0194433, 0.134184, 0.990766, 0.0)], [-0.0286433, -0.0243038, -0.0139303, 1.0)]])
-0.0286433, -0.0243038, -0.0139303
float3(-0.13459, -0.019622, -1.57977)
13874.244262916
normal
simd_float4x4([[-0.0101182, -0.990307, 0.13853, 0.0)], [0.999749, -0.00724636, 0.0212196, 0.0)], [-0.0200101, 0.138709, 0.990131, 0.0)], [-0.029522, -0.0246865, -0.0151344, 1.0)]])
-0.029522, -0.0246865, -0.0151344
float3(-0.139158, -0.0202068, -1.57811)
13874.344314458
normal
simd_float4x4([[-0.011362, -0.990046, 0.140282, 0.0)], [0.999698, -0.00818712, 0.0231881, 0.0)], [-0.0218088, 0.140504, 0.98984, 0.0)], [-0.0296984, -0.0243976, -0.0152129, 1.0)]])
-0.0296984, -0.0243976, -0.0152129
float3(-0.14097, -0.0220291, -1.57907)
13874.444366125
normal
simd_float4x4([[-0.0127658, -0.989914, 0.14109, 0.0)], [0.999672, -0.0094989, 0.0238038, 0.0)], [-0.0222235, 0.141348, 0.989711, 0.0)], [-0.0296789, -0.0237012, -0.0153638, 1.0)]])
-0.0296789, -0.0237012, -0.0153638
float3(-0.141823, -0.0224508, -1.58039)
13874.544417583
normal
simd_float4x4([[-0.0138846, -0.990635, 0.135831, 0.0)], [0.999554, -0.010161, 0.0280684, 0.0)], [-0.0264254, 0.136161, 0.990334, 0.0)], [-0.0297687, -0.0226451, -0.0143123, 1.0)]])
-0.0297687, -0.0226451, -0.0143123
float3(-0.136585, -0.026677, -1.58105)
13874.644469208
normal
simd_float4x4([[-0.0121386, -0.99123, 0.131591, 0.0)], [0.999472, -0.00805994, 0.0314831, 0.0)], [-0.0301463, 0.131904, 0.990804, 0.0)], [-0.0302641, -0.0218623, -0.0129753, 1.0)]])
-0.0302641, -0.0218623, -0.0129753
float3(-0.13229, -0.0304167, -1.57893)
13874.744520875
normal
simd_float4x4([[-0.00658876, -0.990979, 0.133852, 0.0)], [0.999407, -0.00200124, 0.0343789, 0.0)], [-0.0338009, 0.133999, 0.990405, 0.0)], [-0.0327624, -0.0215074, -0.0137927, 1.0)]])
-0.0327624, -0.0215074, -0.0137927
float3(-0.134403, -0.0341151, -1.57282)
13874.8445725
normal
simd_float4x4([[-8.06574e-05, -0.990336, 0.138689, 0.0)], [0.999363, 0.00486912, 0.03535, 0.0)], [-0.0356837, 0.138604, 0.989705, 0.0)], [-0.0361168, -0.0211303, -0.0148346, 1.0)]])
-0.0361168, -0.0211303, -0.0148346
float3(-0.139052, -0.0360393, -1.56588)
13874.944624208
normal
simd_float4x4([[0.000844208, -0.990303, 0.138925, 0.0)], [0.999297, 0.00604238, 0.0369995, 0.0)], [-0.0374801, 0.138796, 0.989612, 0.0)], [-0.0381765, -0.020771, -0.0144176, 1.0)]])
-0.0381765, -0.020771, -0.0144176
float3(-0.139246, -0.0378555, -1.56469)
13875.044675875
normal
simd_float4x4([[0.00132942, -0.990605, 0.136744, 0.0)], [0.999271, 0.00653168, 0.0376022, 0.0)], [-0.0381422, 0.136594, 0.989893, 0.0)], [-0.0392266, -0.0200725, -0.0130615, 1.0)]])
-0.0392266, -0.0200725, -0.0130615
float3(-0.137022, -0.0385126, -1.5642)
13875.144727375
normal
simd_float4x4([[0.00191433, -0.991086, 0.133208, 0.0)], [0.999259, 0.00701731, 0.0378493, 0.0)], [-0.0384467, 0.133037, 0.990365, 0.0)], [-0.039553, -0.0197338, -0.0138758, 1.0)]])
-0.039553, -0.0197338, -0.0138758
float3(-0.133433, -0.0388012, -1.56372)
13875.244779083
normal
simd_float4x4([[0.000776784, -0.991457, 0.130429, 0.0)], [0.999249, 0.00582385, 0.0383189, 0.0)], [-0.0387511, 0.130301, 0.990717, 0.0)], [-0.0402967, -0.0189224, -0.0135663, 1.0)]])
-0.0402967, -0.0189224, -0.0135663
float3(-0.130673, -0.0390943, -1.56492)
13875.344830791
normal
simd_float4x4([[-0.00132808, -0.991711, 0.128484, 0.0)], [0.999251, 0.00365208, 0.0385177, 0.0)], [-0.0386676, 0.128439, 0.990963, 0.0)], [-0.0403922, -0.0190879, -0.0151336, 1.0)]])
-0.0403922, -0.0190879, -0.0151336
float3(-0.128795, -0.0390004, -1.56711)
13875.444882458
normal
simd_float4x4([[-0.00386397, -0.991651, 0.128892, 0.0)], [0.999246, 0.00115061, 0.0388081, 0.0)], [-0.0386324, 0.128945, 0.990899, 0.0)], [-0.0394007, -0.019754, -0.0158958, 1.0)]])
-0.0394007, -0.019754, -0.0158958
float3(-0.129305, -0.0389675, -1.56964)
13875.544933958
normal
simd_float4x4([[-0.00528045, -0.991789, 0.127777, 0.0)], [0.999197, -0.000157217, 0.040072, 0.0)], [-0.0397229, 0.127886, 0.990993, 0.0)], [-0.0393271, -0.020111, -0.0161608, 1.0)]])
-0.0393271, -0.020111, -0.0161608
float3(-0.128237, -0.0400625, -1.57095)
13875.644985875
normal
simd_float4x4([[-0.00570406, -0.99162, 0.129062, 0.0)], [0.999161, -0.00041754, 0.0409511, 0.0)], [-0.040554, 0.129188, 0.990791, 0.0)], [-0.0391564, -0.0193533, -0.0178377, 1.0)]])
-0.0391564, -0.0193533, -0.0178377
float3(-0.12955, -0.0409081, -1.57122)
13875.745037333
normal
simd_float4x4([[-0.00604817, -0.991918, 0.126734, 0.0)], [0.999096, -0.000662256, 0.0424968, 0.0)], [-0.0420694, 0.126877, 0.991026, 0.0)], [-0.038996, -0.0195121, -0.0183135, 1.0)]])
-0.038996, -0.0195121, -0.0183135
float3(-0.12722, -0.0424249, -1.57146)
13875.845088916
normal
simd_float4x4([[-0.00735513, -0.991889, 0.12689, 0.0)], [0.999096, -0.00197547, 0.04247, 0.0)], [-0.0418749, 0.127088, 0.991007, 0.0)], [-0.0397374, -0.019687, -0.018828, 1.0)]])
-0.0397374, -0.019687, -0.018828
float3(-0.127433, -0.0422297, -1.57279)
13875.945140708
normal
simd_float4x4([[-0.00668096, -0.991825, 0.127428, 0.0)], [0.99914, -0.00140686, 0.0414342, 0.0)], [-0.0409162, 0.127595, 0.990982, 0.0)], [-0.0419661, -0.0197262, -0.0204175, 1.0)]])
-0.0419661, -0.0197262, -0.0204175
float3(-0.127944, -0.0412651, -1.57221)
13876.045192333
normal
simd_float4x4([[-0.0055376, -0.991923, 0.126722, 0.0)], [0.999097, -0.000149617, 0.0424883, 0.0)], [-0.0421261, 0.126843, 0.991028, 0.0)], [-0.0449765, -0.0196518, -0.0206922, 1.0)]])
-0.0449765, -0.0196518, -0.0206922
float3(-0.127185, -0.0424819, -1.57095)
13876.14524425
normal
simd_float4x4([[-0.00612839, -0.992144, 0.124951, 0.0)], [0.999686, -0.0030428, 0.0248704, 0.0)], [-0.0242948, 0.125064, 0.991851, 0.0)], [-0.0316074, -0.0221423, -0.0188328, 1.0)]])
-0.0316074, -0.0221423, -0.0188328
float3(-0.125392, -0.0244895, -1.57386)
13876.245295708
normal
simd_float4x4([[-0.00988179, -0.992346, 0.123094, 0.0)], [0.999557, -0.00634877, 0.029061, 0.0)], [-0.028057, 0.123327, 0.991969, 0.0)], [-0.0347327, -0.0231135, -0.0179534, 1.0)]])
-0.0347327, -0.0231135, -0.0179534
float3(-0.123642, -0.0282766, -1.57719)
13876.345347416
normal
simd_float4x4([[-0.0143704, -0.991619, 0.128398, 0.0)], [0.999145, -0.00926366, 0.0402814, 0.0)], [-0.0387543, 0.128868, 0.990904, 0.0)], [-0.0394708, -0.0248989, -0.0216625, 1.0)]])
-0.0394708, -0.0248989, -0.0216625
float3(-0.129227, -0.0390901, -1.58014)
13876.445399166
normal
simd_float4x4([[-0.0271481, -0.991704, 0.125643, 0.0)], [0.998421, -0.0207162, 0.0522181, 0.0)], [-0.0491821, 0.126863, 0.9907, 0.0)], [-0.0390509, -0.0258205, -0.0243089, 1.0)]])
-0.0390509, -0.0258205, -0.0243089
float3(-0.127205, -0.049603, -1.59168)
13876.54545075
normal
simd_float4x4([[-0.0386144, -0.991069, 0.127634, 0.0)], [0.998101, -0.0321185, 0.0525674, 0.0)], [-0.0479985, 0.129421, 0.990427, 0.0)], [-0.0333854, -0.0276453, -0.0274757, 1.0)]])
-0.0333854, -0.0276453, -0.0274757
float3(-0.129785, -0.0484245, -1.60319)
13876.6455025
normal
simd_float4x4([[-0.0403335, -0.991445, 0.124133, 0.0)], [0.998567, -0.0356236, 0.039932, 0.0)], [-0.0351683, 0.125566, 0.991462, 0.0)], [-0.0179475, -0.0289182, -0.0308428, 1.0)]])
-0.0179475, -0.0289182, -0.0308428
float3(-0.125898, -0.0354563, -1.60671)
13876.745554166
normal
simd_float4x4([[-0.0314334, -0.992884, 0.114862, 0.0)], [0.999473, -0.0302978, 0.0116201, 0.0)], [-0.00805734, 0.115167, 0.993313, 0.0)], [0.00501948, -0.0317962, -0.0340956, 1.0)]])
0.00501948, -0.0317962, -0.0340956
float3(-0.115423, -0.0081114, -1.6013)
13876.845605958
normal
simd_float4x4([[-0.00350447, -0.99277, 0.119978, 0.0)], [0.999478, -0.00732902, -0.0314507, 0.0)], [0.0321026, 0.119805, 0.992278, 0.0)], [0.0327311, -0.0332612, -0.0376771, 1.0)]])
0.0327311, -0.0332612, -0.0376771
float3(-0.120094, 0.0323411, -1.57818)
13876.945657708
normal
simd_float4x4([[0.0220724, -0.991199, 0.130529, 0.0)], [0.997628, 0.0133222, -0.0675338, 0.0)], [0.0652005, 0.13171, 0.989142, 0.0)], [0.0605707, -0.0330626, -0.0402026, 1.0)]])
0.0605707, -0.0330626, -0.0402026
float3(-0.132094, 0.065821, -1.55736)
13877.045709291
normal
simd_float4x4([[0.0430554, -0.990699, 0.129078, 0.0)], [0.996291, 0.0329404, -0.0795001, 0.0)], [0.0745088, 0.132022, 0.988443, 0.0)], [0.083401, -0.0296658, -0.0387755, 1.0)]])
0.083401, -0.0296658, -0.0387755
float3(-0.132409, 0.0752377, -1.53756)
13877.145761166
normal
simd_float4x4([[0.0289051, -0.991367, 0.127892, 0.0)], [0.997273, 0.0199088, -0.0710704, 0.0)], [0.0679107, 0.129598, 0.989238, 0.0)], [0.106574, -0.026158, -0.0392766, 1.0)]])
0.106574, -0.026158, -0.0392766
float3(-0.129963, 0.0685419, -1.55072)
13877.245812791
normal
simd_float4x4([[0.0185402, -0.992425, 0.121443, 0.0)], [0.998793, 0.0128571, -0.0474138, 0.0)], [0.0454932, 0.122176, 0.991465, 0.0)], [0.119901, -0.0245964, -0.0402034, 1.0)]])
0.119901, -0.0245964, -0.0402034
float3(-0.122482, 0.0458527, -1.55784)
13877.345864541
normal
simd_float4x4([[0.009995, -0.992756, 0.119729, 0.0)], [0.999843, 0.00816711, -0.0157479, 0.0)], [0.014656, 0.119868, 0.992682, 0.0)], [0.129752, -0.0272332, -0.0433237, 1.0)]])
0.129752, -0.0272332, -0.0433237
float3(-0.120157, 0.0147629, -1.56257)
13877.445872083
normal
simd_float4x4([[-0.0070533, -0.994126, 0.108003, 0.0)], [0.999961, -0.00642928, 0.00612495, 0.0)], [-0.00539459, 0.108042, 0.994132, 0.0)], [0.144193, -0.0296574, -0.0438636, 1.0)]])
0.144193, -0.0296574, -0.0438636
float3(-0.108253, -0.00542638, -1.57726)
13877.562521583
normal
simd_float4x4([[-0.0139089, -0.990536, 0.136543, 0.0)], [0.999749, -0.0113799, 0.0192849, 0.0)], [-0.0175485, 0.136777, 0.990447, 0.0)], [0.162119, -0.0279126, -0.0538911, 1.0)]])
0.162119, -0.0279126, -0.0538911
float3(-0.137207, -0.0177159, -1.58228)
13877.679171208
normal
simd_float4x4([[-0.0277802, -0.99269, 0.117455, 0.0)], [0.999583, -0.0266591, 0.0111049, 0.0)], [-0.0078925, 0.117714, 0.993016, 0.0)], [0.186878, -0.0231021, -0.0516593, 1.0)]])
0.186878, -0.0231021, -0.0516593
float3(-0.117988, -0.00794784, -1.59765)
13877.795820791
normal
simd_float4x4([[-0.015154, -0.993304, 0.114533, 0.0)], [0.999624, -0.0176708, -0.0209907, 0.0)], [0.022874, 0.114172, 0.993198, 0.0)], [0.213088, -0.0272084, -0.0527355, 1.0)]])
0.213088, -0.0272084, -0.0527355
float3(-0.114421, 0.0230266, -1.58858)
13877.912470458
normal
simd_float4x4([[0.00664703, -0.991921, 0.126684, 0.0)], [0.998453, -0.000410749, -0.0556043, 0.0)], [0.0552071, 0.126858, 0.990383, 0.0)], [0.244863, -0.0304279, -0.0557683, 1.0)]])
0.244863, -0.0304279, -0.0557683
float3(-0.1272, 0.0556855, -1.57121)
13878.029119958
normal
simd_float4x4([[0.0229086, -0.993581, 0.110776, 0.0)], [0.995932, 0.013022, -0.0891621, 0.0)], [0.0871473, 0.112368, 0.989838, 0.0)], [0.27079, -0.0252286, -0.0531262, 1.0)]])
0.27079, -0.0252286, -0.0531262
float3(-0.112606, 0.0878156, -1.55769)
13878.145769625
normal
simd_float4x4([[0.00364242, -0.992783, 0.119868, 0.0)], [0.991253, 0.0193982, 0.130541, 0.0)], [-0.131924, 0.118344, 0.98417, 0.0)], [0.0196375, -0.0248057, -0.0134007, 1.0)]])
0.0196375, -0.0248057, -0.0134007
float3(-0.118622, -0.133252, -1.55126)
13878.262419375
normal
simd_float4x4([[-0.00560466, -0.99285, 0.119238, 0.0)], [0.990515, 0.0108588, 0.136975, 0.0)], [-0.13729, 0.118875, 0.983372, 0.0)], [0.0326177, -0.021937, -0.0103738, 1.0)]])
0.0326177, -0.021937, -0.0103738
float3(-0.119157, -0.138715, -1.55986)
13878.379068958
normal
simd_float4x4([[-0.0111091, -0.993677, 0.111729, 0.0)], [0.986592, 0.00730228, 0.16304, 0.0)], [-0.162825, 0.112042, 0.980273, 0.0)], [0.0405808, -0.02219, -0.00773104, 1.0)]])
0.0405808, -0.02219, -0.00773104
float3(-0.112278, -0.164599, -1.56345)
13878.495718458
normal
simd_float4x4([[-0.0244272, -0.992616, 0.118815, 0.0)], [0.982408, -0.00182391, 0.186736, 0.0)], [-0.18514, 0.121286, 0.975199, 0.0)], [0.0401289, -0.0254427, -0.011056, 1.0)]])
0.0401289, -0.0254427, -0.011056
float3(-0.121586, -0.187616, -1.57263)
13878.61236825
normal
simd_float4x4([[-0.0241808, -0.992583, 0.119136, 0.0)], [0.977919, 0.00125973, 0.208981, 0.0)], [-0.207582, 0.121559, 0.970636, 0.0)], [0.0400377, -0.0249508, -0.0122806, 1.0)]])
0.0400377, -0.0249508, -0.0122806
float3(-0.12186, -0.210688, -1.56953)
13878.729017916
normal
simd_float4x4([[-0.0433294, -0.99148, 0.122845, 0.0)], [0.975637, -0.0155226, 0.21884, 0.0)], [-0.215069, 0.129334, 0.967997, 0.0)], [0.0570923, -0.0237486, -0.00993078, 1.0)]])
0.0570923, -0.0237486, -0.00993078
float3(-0.129698, -0.218628, -1.58645)
13878.845667375
normal
simd_float4x4([[-0.0450063, -0.993858, 0.101098, 0.0)], [0.973924, -0.0211257, 0.225888, 0.0)], [-0.222365, 0.108628, 0.968893, 0.0)], [0.0794069, -0.021152, -0.0012333, 1.0)]])
0.0794069, -0.021152, -0.0012333
float3(-0.108843, -0.225597, -1.59205)
13878.962317291
normal
simd_float4x4([[-0.036258, -0.993483, 0.108058, 0.0)], [0.976609, -0.012293, 0.214672, 0.0)], [-0.211945, 0.113314, 0.97069, 0.0)], [0.111661, -0.0246185, 0.000562517, 1.0)]])
0.111661, -0.0246185, 0.000562517
float3(-0.113558, -0.214971, -1.58317)
13879.078966791
normal
simd_float4x4([[-0.0170609, -0.991962, 0.125381, 0.0)], [0.981077, 0.00758022, 0.193469, 0.0)], [-0.192864, 0.126309, 0.973062, 0.0)], [0.153943, -0.0258739, 0.000758935, 1.0)]])
0.153943, -0.0258739, 0.000758935
float3(-0.126648, -0.195667, -1.56315)
13879.195616541
normal
simd_float4x4([[-0.000697295, -0.993186, 0.116534, 0.0)], [0.982526, 0.0210091, 0.184934, 0.0)], [-0.186123, 0.114626, 0.975817, 0.0)], [0.19343, -0.0208856, 0.00651305, 1.0)]])
0.19343, -0.0208856, 0.00651305
float3(-0.114879, -0.188471, -1.54965)
13879.312266041
normal
simd_float4x4([[0.00649984, -0.993235, 0.115943, 0.0)], [0.983896, 0.027063, 0.176679, 0.0)], [-0.178621, 0.112928, 0.977416, 0.0)], [0.224847, -0.0183081, 0.00945145, 1.0)]])
0.224847, -0.0183081, 0.00945145
float3(-0.113169, -0.180754, -1.54356)
13879.428915791
normal
simd_float4x4([[3.63936e-05, -0.993406, 0.114651, 0.0)], [0.980357, 0.0226484, 0.195928, 0.0)], [-0.197232, 0.112392, 0.973893, 0.0)], [0.252132, -0.0178565, 0.0138301, 1.0)]])
0.252132, -0.0178565, 0.0138301
float3(-0.11263, -0.199817, -1.548)
13879.5455655
normal
simd_float4x4([[-0.0143867, -0.993373, 0.114028, 0.0)], [0.975983, 0.0108402, 0.217576, 0.0)], [-0.21737, 0.114419, 0.96936, 0.0)], [0.272226, -0.0196635, 0.0179281, 1.0)]])
0.272226, -0.0196635, 0.0179281
float3(-0.11467, -0.220592, -1.55988)
13879.66221525
normal
simd_float4x4([[-0.0296899, -0.992956, 0.114702, 0.0)], [0.970452, -0.00114397, 0.241293, 0.0)], [-0.239462, 0.118476, 0.96365, 0.0)], [0.280932, -0.0215437, 0.0196202, 1.0)]])
0.280932, -0.0215437, 0.0196202
float3(-0.118755, -0.243561, -1.57195)
13879.778864708
normal
simd_float4x4([[-0.026435, -0.991936, 0.123951, 0.0)], [0.969119, 0.00498072, 0.246542, 0.0)], [-0.245172, 0.126641, 0.961173, 0.0)], [0.282095, -0.0210324, 0.0181409, 1.0)]])
0.282095, -0.0210324, 0.0181409
float3(-0.126982, -0.24975, -1.56578)
13879.895514416
normal
simd_float4x4([[-0.0394641, -0.992339, 0.117071, 0.0)], [0.969611, -0.00971994, 0.24446, 0.0)], [-0.24145, 0.123161, 0.962566, 0.0)], [0.281756, -0.0214351, 0.0158925, 1.0)]])
0.281756, -0.0214351, 0.0158925
float3(-0.123475, -0.245769, -1.58059)
13880.012164125
normal
simd_float4x4([[-0.0329751, -0.993163, 0.111979, 0.0)], [0.971209, -0.00539273, 0.238168, 0.0)], [-0.235935, 0.116609, 0.964747, 0.0)], [0.269586, -0.0218848, 0.0152082, 1.0)]])
0.269586, -0.0218848, 0.0152082
float3(-0.116875, -0.239849, -1.57623)
13880.128813708
normal
simd_float4x4([[-0.0303431, -0.992758, 0.116235, 0.0)], [0.971412, -0.00189627, 0.237391, 0.0)], [-0.235451, 0.120115, 0.964435, 0.0)], [0.253179, -0.0216355, 0.0130984, 1.0)]])
0.253179, -0.0216355, 0.0130984
float3(-0.120406, -0.23945, -1.57271)
13880.2454635
normal
simd_float4x4([[-0.0326845, -0.993378, 0.110146, 0.0)], [0.966601, -0.00338882, 0.256264, 0.0)], [-0.254194, 0.114843, 0.960311, 0.0)], [0.187425, -0.0637955, 0.0311596, 1.0)]])
0.187425, -0.0637955, 0.0311596
float3(-0.115097, -0.258765, -1.57421)
13880.362113208
normal
simd_float4x4([[-0.0412602, -0.993169, 0.109146, 0.0)], [0.965258, -0.0114125, 0.261048, 0.0)], [-0.258019, 0.116125, 0.959136, 0.0)], [0.149101, -0.0669292, 0.0118606, 1.0)]])
0.149101, -0.0669292, 0.0118606
float3(-0.116387, -0.26279, -1.58229)
13880.478763
normal
simd_float4x4([[-0.0623441, -0.992677, 0.103464, 0.0)], [0.961706, -0.0320276, 0.272206, 0.0)], [-0.266899, 0.116473, 0.95666, 0.0)], [0.105565, -0.066231, -0.0057582, 1.0)]])
0.105565, -0.066231, -0.0057582
float3(-0.116738, -0.272072, -1.60305)
13880.595412541
normal
simd_float4x4([[-0.0589144, -0.994, 0.0921547, 0.0)], [0.964916, -0.033042, 0.260472, 0.0)], [-0.255864, 0.104267, 0.961073, 0.0)], [0.086633, -0.0620923, -0.0152961, 1.0)]])
0.086633, -0.0620923, -0.0152961
float3(-0.104457, -0.260192, -1.60403)
13880.712062208
normal
simd_float4x4([[-0.0545003, -0.993168, 0.103182, 0.0)], [0.970657, -0.0284578, 0.238779, 0.0)], [-0.234211, 0.113168, 0.965577, 0.0)], [0.0414719, -0.0627441, -0.0073221, 1.0)]])
0.0414719, -0.0627441, -0.0073221
float3(-0.113411, -0.237965, -1.59944)
13880.828711875
normal
simd_float4x4([[-0.045129, -0.99428, 0.0968046, 0.0)], [0.980993, -0.0258013, 0.19232, 0.0)], [-0.188723, 0.103644, 0.976546, 0.0)], [0.0546796, -0.0220118, -0.0353222, 1.0)]])
0.0546796, -0.0220118, -0.0353222
float3(-0.10383, -0.190902, -1.59674)
13880.945361625
normal
simd_float4x4([[-0.0340626, -0.995322, 0.0904061, 0.0)], [0.987921, -0.0198502, 0.153682, 0.0)], [-0.151168, 0.0945489, 0.983976, 0.0)], [0.0345064, -0.0221459, -0.0418672, 1.0)]])
0.0345064, -0.0221459, -0.0418672
float3(-0.0946903, -0.152438, -1.59074)
13881.062011208
normal
simd_float4x4([[-0.0244343, -0.994637, 0.100499, 0.0)], [0.988561, -0.00907366, 0.150547, 0.0)], [-0.148827, 0.103028, 0.983481, 0.0)], [0.0100483, -0.0234338, -0.0481368, 1.0)]])
0.0100483, -0.0234338, -0.0481368
float3(-0.103211, -0.150188, -1.57992)
13881.178660958
normal
simd_float4x4([[-0.0276118, -0.994995, 0.0960359, 0.0)], [0.98493, -0.0106711, 0.172623, 0.0)], [-0.170734, 0.0993551, 0.980295, 0.0)], [-0.0169062, -0.0210792, -0.0539581, 1.0)]])
-0.0169062, -0.0210792, -0.0539581
float3(-0.0995193, -0.172436, -1.58152)
13881.295310708
normal
simd_float4x4([[-0.0362498, -0.995692, 0.0853366, 0.0)], [0.978239, -0.0178981, 0.20671, 0.0)], [-0.204293, 0.0909728, 0.974674, 0.0)], [-0.0541302, -0.0223131, -0.0602621, 1.0)]])
-0.0541302, -0.0223131, -0.0602621
float3(-0.0910987, -0.20661, -1.58877)
13881.411960291
normal
simd_float4x4([[-0.0609369, -0.993269, 0.0985102, 0.0)], [0.971641, -0.0364387, 0.233635, 0.0)], [-0.228473, 0.109954, 0.967321, 0.0)], [-0.0963262, -0.0247155, -0.0760729, 1.0)]])
-0.0963262, -0.0247155, -0.0760729
float3(-0.110176, -0.23194, -1.60747)
13881.528610083
normal
simd_float4x4([[-0.0711787, -0.993617, 0.0875191, 0.0)], [0.969547, -0.0483067, 0.240093, 0.0)], [-0.234333, 0.101943, 0.966797, 0.0)], [-0.130297, -0.0229658, -0.0800716, 1.0)]])
-0.130297, -0.0229658, -0.0800716
float3(-0.102121, -0.237795, -1.61938)
13881.645259833
normal
simd_float4x4([[-0.0563018, -0.993762, 0.0962686, 0.0)], [0.971868, -0.0324629, 0.23328, 0.0)], [-0.2287, 0.106694, 0.967633, 0.0)], [-0.156056, -0.0214989, -0.0866508, 1.0)]])
-0.156056, -0.0214989, -0.0866508
float3(-0.106898, -0.23209, -1.60345)
13881.761909583
normal
simd_float4x4([[-0.0464851, -0.994863, 0.089926, 0.0)], [0.977642, -0.0268289, 0.208557, 0.0)], [-0.205073, 0.0976103, 0.973867, 0.0)], [-0.174087, -0.0233752, -0.0928479, 1.0)]])
-0.174087, -0.0233752, -0.0928479
float3(-0.0977659, -0.207544, -1.59776)
13881.878559208
normal
simd_float4x4([[-0.0345162, -0.995383, 0.0895642, 0.0)], [0.982371, -0.0173161, 0.18614, 0.0)], [-0.18373, 0.0944101, 0.978432, 0.0)], [-0.190226, -0.0244581, -0.0965745, 1.0)]])
-0.190226, -0.0244581, -0.0965745
float3(-0.0945509, -0.185618, -1.58819)
13881.995209
normal
simd_float4x4([[-0.0254787, -0.994442, 0.102158, 0.0)], [0.983904, -0.00686484, 0.178566, 0.0)], [-0.176873, 0.105063, 0.97861, 0.0)], [-0.211547, -0.0288913, -0.106832, 1.0)]])
-0.211547, -0.0288913, -0.106832
float3(-0.105257, -0.178808, -1.5777)
13882.111858833
normal
simd_float4x4([[-0.0224084, -0.993934, 0.107668, 0.0)], [0.981049, -0.0011291, 0.193758, 0.0)], [-0.192461, 0.109969, 0.975123, 0.0)], [-0.238096, -0.0232711, -0.118371, 1.0)]])
-0.238096, -0.0232711, -0.118371
float3(-0.110192, -0.194866, -1.57193)
13882.228508333
normal
simd_float4x4([[-0.0283025, -0.995695, 0.0882612, 0.0)], [0.976612, -0.00871659, 0.214834, 0.0)], [-0.21314, 0.0922773, 0.972654, 0.0)], [-0.272613, -0.0249944, -0.126233, 1.0)]])
-0.272613, -0.0249944, -0.126233
float3(-0.0924088, -0.215722, -1.57955)
13882.345158166
normal
simd_float4x4([[-0.0602227, -0.992516, 0.106233, 0.0)], [0.971502, -0.0338372, 0.234602, 0.0)], [-0.229252, 0.117334, 0.966269, 0.0)], [-0.307508, -0.0303657, -0.144608, 1.0)]])
-0.307508, -0.0303657, -0.144608
float3(-0.117605, -0.232948, -1.60488)
13882.461808
normal
simd_float4x4([[-0.0683392, -0.992883, 0.0975314, 0.0)], [0.965807, -0.0413339, 0.255945, 0.0)], [-0.250093, 0.111688, 0.961759, 0.0)], [-0.342911, -0.0293438, -0.154363, 1.0)]])
-0.342911, -0.0293438, -0.154363
float3(-0.111921, -0.254403, -1.6124)
13882.578457666
normal
simd_float4x4([[-0.061489, -0.991355, 0.115903, 0.0)], [0.966036, -0.0299101, 0.256672, 0.0)], [-0.250986, 0.127749, 0.959524, 0.0)], [-0.363687, -0.0292057, -0.166058, 1.0)]])
-0.363687, -0.0292057, -0.166058
float3(-0.128099, -0.255841, -1.60096)
13882.695107375
normal
simd_float4x4([[-0.0576522, -0.992848, 0.104547, 0.0)], [0.970471, -0.0311655, 0.239196, 0.0)], [-0.234227, 0.11525, 0.965326, 0.0)], [-0.376536, -0.0281743, -0.169232, 1.0)]])
-0.376536, -0.0281743, -0.169232
float3(-0.115507, -0.23804, -1.60218)
13882.811757166
normal
simd_float4x4([[-0.0380711, -0.994039, 0.102166, 0.0)], [0.976354, -0.0152309, 0.215639, 0.0)], [-0.212797, 0.107959, 0.971114, 0.0)], [-0.391726, -0.026848, -0.172382, 1.0)]])
-0.391726, -0.026848, -0.172382
float3(-0.10817, -0.215717, -1.58612)
13882.928406875
normal
simd_float4x4([[-0.0310131, -0.992976, 0.114176, 0.0)], [0.980928, -0.0083077, 0.194194, 0.0)], [-0.191881, 0.118021, 0.974296, 0.0)], [-0.408913, -0.0288999, -0.182069, 1.0)]])
-0.408913, -0.0288999, -0.182069
float3(-0.118296, -0.194455, -1.57916)
13883.045056625
normal
simd_float4x4([[-0.0276054, -0.992719, 0.117248, 0.0)], [0.981148, -0.00446445, 0.193206, 0.0)], [-0.191276, 0.120371, 0.974128, 0.0)], [-0.430792, -0.022894, -0.193179, 1.0)]])
-0.430792, -0.022894, -0.193179
float3(-0.120664, -0.19389, -1.57529)
13883.161706375
normal
simd_float4x4([[-0.0272458, -0.994196, 0.104077, 0.0)], [0.97927, -0.00564011, 0.202481, 0.0)], [-0.200719, 0.107436, 0.97374, 0.0)], [-0.458971, -0.0224305, -0.204446, 1.0)]])
-0.458971, -0.0224305, -0.204446
float3(-0.107644, -0.203285, -1.57647)
13883.278356125
normal
simd_float4x4([[-0.0469654, -0.991985, 0.117299, 0.0)], [0.975798, -0.0204547, 0.217717, 0.0)], [-0.213572, 0.124685, 0.968938, 0.0)], [-0.493197, -0.0258024, -0.224206, 1.0)]])
-0.493197, -0.0258024, -0.224206
float3(-0.125011, -0.21695, -1.59141)
13883.395005916
normal
simd_float4x4([[-0.0596394, -0.991937, 0.111825, 0.0)], [0.97405, -0.0333267, 0.223866, 0.0)], [-0.218335, 0.122274, 0.968183, 0.0)], [-0.529709, -0.0263769, -0.241944, 1.0)]])
-0.529709, -0.0263769, -0.241944
float3(-0.122581, -0.221799, -1.60438)
13883.511655541
normal
simd_float4x4([[-0.0729679, -0.991258, 0.109924, 0.0)], [0.97265, -0.0463589, 0.2276, 0.0)], [-0.220515, 0.123525, 0.96753, 0.0)], [-0.56204, -0.027383, -0.256227, 1.0)]])
-0.56204, -0.027383, -0.256227
float3(-0.123841, -0.224087, -1.61753)
13883.628305458
normal
simd_float4x4([[-0.0758211, -0.991666, 0.104157, 0.0)], [0.972762, -0.0506159, 0.226215, 0.0)], [-0.219058, 0.118471, 0.968493, 0.0)], [-0.591173, -0.0263256, -0.265657, 1.0)]])
-0.591173, -0.0263256, -0.265657
float3(-0.11875, -0.222441, -1.62179)
13883.744955291
normal
simd_float4x4([[-0.0676733, -0.990761, 0.117532, 0.0)], [0.975714, -0.041122, 0.215156, 0.0)], [-0.208335, 0.129238, 0.969481, 0.0)], [-0.615208, -0.0257708, -0.274116, 1.0)]])
-0.615208, -0.0257708, -0.274116
float3(-0.129601, -0.211674, -1.61228)
13883.861605
normal
simd_float4x4([[-0.0579129, -0.991625, 0.11544, 0.0)], [0.980841, -0.0349727, 0.191646, 0.0)], [-0.186003, 0.124327, 0.974652, 0.0)], [-0.629856, -0.0247773, -0.281312, 1.0)]])
-0.629856, -0.0247773, -0.281312
float3(-0.124649, -0.188573, -1.60605)
13883.978254791
normal
simd_float4x4([[-0.0371429, -0.991146, 0.127473, 0.0)], [0.987986, -0.0172731, 0.153574, 0.0)], [-0.150012, 0.131646, 0.979881, 0.0)], [-0.64583, -0.024964, -0.288881, 1.0)]])
-0.64583, -0.024964, -0.288881
float3(-0.132029, -0.151913, -1.58822)
13884.094904541
normal
simd_float4x4([[-0.0140784, -0.99219, 0.123939, 0.0)], [0.992093, 0.00159917, 0.125495, 0.0)], [-0.124713, 0.124726, 0.984322, 0.0)], [-0.663451, -0.0238355, -0.293727, 1.0)]])
-0.663451, -0.0238355, -0.293727
float3(-0.125052, -0.126028, -1.56918)
13884.211554333
normal
simd_float4x4([[0.0141636, -0.990606, 0.136015, 0.0)], [0.992778, 0.030138, 0.116116, 0.0)], [-0.119125, 0.133388, 0.983878, 0.0)], [-0.689065, -0.0265762, -0.300095, 1.0)]])
-0.689065, -0.0265762, -0.300095
float3(-0.133786, -0.12049, -1.54038)
13884.328203916
normal
simd_float4x4([[0.0122525, -0.990787, 0.134872, 0.0)], [0.992212, 0.0287673, 0.12119, 0.0)], [-0.123954, 0.132337, 0.983424, 0.0)], [-0.714652, -0.0239621, -0.307443, 1.0)]])
-0.714652, -0.0239621, -0.307443
float3(-0.132726, -0.125382, -1.54177)
13884.444853916
normal
simd_float4x4([[-0.0102173, -0.993181, 0.116134, 0.0)], [0.990257, 0.00608035, 0.13912, 0.0)], [-0.138878, 0.116424, 0.983442, 0.0)], [-0.742191, -0.0236254, -0.314748, 1.0)]])
-0.742191, -0.0236254, -0.314748
float3(-0.116689, -0.140288, -1.56467)
13884.56150375
normal
simd_float4x4([[-0.0466485, -0.991769, 0.119237, 0.0)], [0.988739, -0.0288518, 0.146841, 0.0)], [-0.142192, 0.124744, 0.981947, 0.0)], [-0.766452, -0.0287122, -0.327469, 1.0)]])
-0.766452, -0.0287122, -0.327469
float3(-0.12507, -0.143806, -1.59988)
13884.678153458
normal
simd_float4x4([[-0.0515184, -0.991231, 0.121685, 0.0)], [0.985374, -0.0306354, 0.167631, 0.0)], [-0.162433, 0.128542, 0.978311, 0.0)], [-0.787707, -0.0293136, -0.332533, 1.0)]])
-0.787707, -0.0293136, -0.332533
float3(-0.128898, -0.164533, -1.60169)
13884.794803208
normal
simd_float4x4([[-0.040148, -0.991298, 0.125361, 0.0)], [0.98317, -0.0168134, 0.181917, 0.0)], [-0.178226, 0.130555, 0.97529, 0.0)], [-0.801439, -0.0275668, -0.335347, 1.0)]])
-0.801439, -0.0275668, -0.335347
float3(-0.130929, -0.180747, -1.58776)
13884.894855166
normal
simd_float4x4([[-0.0282605, -0.99209, 0.122309, 0.0)], [0.981592, -0.00442193, 0.190937, 0.0)], [-0.188886, 0.125454, 0.973952, 0.0)], [-0.808225, -0.0275335, -0.333307, 1.0)]])
-0.808225, -0.0275335, -0.333307
float3(-0.125785, -0.191559, -1.57525)
13884.994907
normal
simd_float4x4([[-0.022533, -0.992175, 0.122807, 0.0)], [0.980366, 0.00214052, 0.197173, 0.0)], [-0.195893, 0.124839, 0.972646, 0.0)], [-0.809162, -0.0254391, -0.32999, 1.0)]])
-0.809162, -0.0254391, -0.32999
float3(-0.125166, -0.198744, -1.56864)
13885.094958958
normal
simd_float4x4([[-0.0125904, -0.993165, 0.116034, 0.0)], [0.978167, 0.0118405, 0.207483, 0.0)], [-0.207439, 0.116113, 0.971333, 0.0)], [-0.81516, -0.0240525, -0.324862, 1.0)]])
-0.81516, -0.0240525, -0.324862
float3(-0.116375, -0.210401, -1.55887)
13885.195010833
normal
simd_float4x4([[-0.00660257, -0.992593, 0.121309, 0.0)], [0.976024, 0.0199965, 0.216742, 0.0)], [-0.217562, 0.119831, 0.968663, 0.0)], [-0.81222, -0.0280806, -0.321438, 1.0)]])
-0.81222, -0.0280806, -0.321438
float3(-0.12012, -0.220934, -1.55065)
13885.295062625
normal
simd_float4x4([[-0.0184705, -0.991092, 0.131892, 0.0)], [0.97576, 0.0109023, 0.218572, 0.0)], [-0.218063, 0.132732, 0.966866, 0.0)], [-0.789909, -0.0311098, -0.3184, 1.0)]])
-0.789909, -0.0311098, -0.3184
float3(-0.133125, -0.221824, -1.5598)
13885.395114666
normal
simd_float4x4([[-0.0207533, -0.991363, 0.129497, 0.0)], [0.976249, 0.00784496, 0.21651, 0.0)], [-0.215656, 0.130915, 0.967654, 0.0)], [-0.764231, -0.0295839, -0.30999, 1.0)]])
-0.764231, -0.0295839, -0.30999
float3(-0.131292, -0.219281, -1.56288)
13885.495166375
normal
simd_float4x4([[-0.0136062, -0.99352, 0.112837, 0.0)], [0.979082, 0.00967365, 0.203236, 0.0)], [-0.20301, 0.113242, 0.972606, 0.0)], [-0.734316, -0.0277657, -0.298324, 1.0)]])
-0.734316, -0.0277657, -0.298324
float3(-0.113486, -0.205774, -1.56106)
13885.595218416
normal
simd_float4x4([[-0.001385, -0.993851, 0.110719, 0.0)], [0.985671, 0.0173188, 0.16779, 0.0)], [-0.168675, 0.109365, 0.979586, 0.0)], [-0.700148, -0.0282303, -0.291476, 1.0)]])
-0.700148, -0.0282303, -0.291476
float3(-0.109584, -0.170518, -1.55337)
13885.695270333
normal
simd_float4x4([[0.0192558, -0.993676, 0.110624, 0.0)], [0.989075, 0.035106, 0.143175, 0.0)], [-0.146153, 0.106659, 0.983495, 0.0)], [-0.666913, -0.0265209, -0.279961, 1.0)]])
-0.666913, -0.0265209, -0.279961
float3(-0.106862, -0.147526, -1.53548)
13885.795322166
normal
simd_float4x4([[0.0325591, -0.991958, 0.122306, 0.0)], [0.989988, 0.0488234, 0.132436, 0.0)], [-0.137342, 0.11677, 0.983617, 0.0)], [-0.638013, -0.0256955, -0.27074, 1.0)]])
-0.638013, -0.0256955, -0.27074
float3(-0.117037, -0.138733, -1.52162)
13885.895374125
normal
simd_float4x4([[0.0157209, -0.992709, 0.119503, 0.0)], [0.98949, 0.0326284, 0.140874, 0.0)], [-0.143746, 0.116033, 0.982789, 0.0)], [-0.608337, -0.0230589, -0.260664, 1.0)]])
-0.608337, -0.0230589, -0.260664
float3(-0.116295, -0.145233, -1.53794)
13885.995392708
normal
simd_float4x4([[-0.00827221, -0.993664, 0.112089, 0.0)], [0.98575, 0.0107307, 0.167876, 0.0)], [-0.168016, 0.11188, 0.979415, 0.0)], [-0.583652, -0.0195321, -0.252155, 1.0)]])
-0.583652, -0.0195321, -0.252155
float3(-0.112115, -0.169893, -1.56)
13886.1120425
normal
simd_float4x4([[-0.0237631, -0.995186, 0.0950749, 0.0)], [0.972944, -0.00115969, 0.23104, 0.0)], [-0.229817, 0.0979927, 0.968288, 0.0)], [-0.552828, -0.018829, -0.240959, 1.0)]])
-0.552828, -0.018829, -0.240959
float3(-0.0981502, -0.233032, -1.57196)
13886.2286925
normal
simd_float4x4([[-0.0293995, -0.994992, 0.0955287, 0.0)], [0.958626, -0.00099415, 0.284668, 0.0)], [-0.283148, 0.0999454, 0.953855, 0.0)], [-0.528064, -0.0224002, -0.237159, 1.0)]])
-0.528064, -0.0224002, -0.237159
float3(-0.100113, -0.28856, -1.5718)
13886.345342375
normal
simd_float4x4([[-0.0383648, -0.992092, 0.119509, 0.0)], [0.949789, 0.000962425, 0.312891, 0.0)], [-0.310532, 0.125512, 0.94224, 0.0)], [-0.500886, -0.0266025, -0.238908, 1.0)]])
-0.500886, -0.0266025, -0.238908
float3(-0.125844, -0.318357, -1.56983)
13886.461992
normal
simd_float4x4([[-0.0485593, -0.992394, 0.113123, 0.0)], [0.946535, -0.00955833, 0.322459, 0.0)], [-0.318925, 0.122733, 0.9398, 0.0)], [-0.471041, -0.0250833, -0.23202, 1.0)]])
-0.471041, -0.0250833, -0.23202
float3(-0.123044, -0.327159, -1.58043)
13886.578641833
normal
simd_float4x4([[-0.0481629, -0.993955, 0.0986584, 0.0)], [0.950873, -0.0153849, 0.309197, 0.0)], [-0.30581, 0.108704, 0.945867, 0.0)], [-0.439951, -0.0275207, -0.221199, 1.0)]])
-0.439951, -0.0275207, -0.221199
float3(-0.108919, -0.312705, -1.58627)
13886.695291791
normal
simd_float4x4([[-0.0378691, -0.993629, 0.106144, 0.0)], [0.960051, -0.00670586, 0.279744, 0.0)], [-0.27725, 0.112498, 0.954189, 0.0)], [-0.399093, -0.0315881, -0.213213, 1.0)]])
-0.399093, -0.0315881, -0.213213
float3(-0.112736, -0.282774, -1.57755)
13886.811941375
normal
simd_float4x4([[-0.0173642, -0.994246, 0.105705, 0.0)], [0.969553, 0.00908397, 0.244712, 0.0)], [-0.244265, 0.106735, 0.963817, 0.0)], [-0.355972, -0.0285954, -0.197293, 1.0)]])
-0.355972, -0.0285954, -0.197293
float3(-0.106939, -0.248209, -1.56166)
13886.928591375
normal
simd_float4x4([[-0.000173576, -0.993621, 0.112767, 0.0)], [0.975952, 0.024413, 0.216612, 0.0)], [-0.217983, 0.110093, 0.969723, 0.0)], [-0.321873, -0.0256802, -0.184709, 1.0)]])
-0.321873, -0.0256802, -0.184709
float3(-0.110317, -0.221114, -1.54623)
13887.04524125
normal
simd_float4x4([[0.00579295, -0.992876, 0.119016, 0.0)], [0.978759, 0.0300208, 0.202805, 0.0)], [-0.204933, 0.115313, 0.971959, 0.0)], [-0.299469, -0.020766, -0.173065, 1.0)]])
-0.299469, -0.020766, -0.173065
float3(-0.11557, -0.207802, -1.54057)
13887.161891041
normal
simd_float4x4([[-0.0120923, -0.994181, 0.107045, 0.0)], [0.978346, 0.010358, 0.206718, 0.0)], [-0.206624, 0.107227, 0.972527, 0.0)], [-0.282951, -0.0174936, -0.159036, 1.0)]])
-0.282951, -0.0174936, -0.159036
float3(-0.107433, -0.209348, -1.56038)
13887.27854075
normal
simd_float4x4([[-0.0246057, -0.994888, 0.0979363, 0.0)], [0.973755, -0.00167898, 0.227592, 0.0)], [-0.226265, 0.100966, 0.968819, 0.0)], [-0.275909, -0.0172549, -0.154421, 1.0)]])
-0.275909, -0.0172549, -0.154421
float3(-0.101138, -0.229434, -1.57248)
13887.395190666
normal
simd_float4x4([[-0.0304457, -0.993522, 0.109489, 0.0)], [0.970783, -0.00330747, 0.239935, 0.0)], [-0.238018, 0.113595, 0.964595, 0.0)], [-0.276221, -0.0223705, -0.160171, 1.0)]])
-0.276221, -0.0223705, -0.160171
float3(-0.11384, -0.241922, -1.57413)
13887.511840541
normal
simd_float4x4([[-0.0283001, -0.992695, 0.117284, 0.0)], [0.967748, 0.00217351, 0.25191, 0.0)], [-0.250325, 0.12063, 0.960617, 0.0)], [-0.281273, -0.0302345, -0.164574, 1.0)]])
-0.281273, -0.0302345, -0.164574
float3(-0.120925, -0.254918, -1.56861)
13887.628490416
normal
simd_float4x4([[-0.0458401, -0.994067, 0.0986393, 0.0)], [0.970969, -0.0211321, 0.238268, 0.0)], [-0.23477, 0.106698, 0.966177, 0.0)], [-0.278946, -0.040662, -0.165408, 1.0)]])
-0.278946, -0.040662, -0.165408
float3(-0.106902, -0.238369, -1.59205)
13887.745140125
normal
simd_float4x4([[-0.0442035, -0.993445, 0.105419, 0.0)], [0.976095, -0.0204709, 0.216376, 0.0)], [-0.2128, 0.112464, 0.970602, 0.0)], [-0.278195, -0.0567708, -0.17333, 1.0)]])
-0.278195, -0.0567708, -0.17333
float3(-0.112702, -0.21583, -1.5914)
13887.861790041
normal
simd_float4x4([[-0.0345057, -0.994844, 0.0953712, 0.0)], [0.978215, -0.0140738, 0.207115, 0.0)], [-0.204705, 0.10044, 0.973657, 0.0)], [-0.274369, -0.0790125, -0.176782, 1.0)]])
-0.274369, -0.0790125, -0.176782
float3(-0.10061, -0.207225, -1.58494)
13887.978439875
normal
simd_float4x4([[-0.0204388, -0.995154, 0.0961788, 0.0)], [0.981009, -0.00140278, 0.193958, 0.0)], [-0.192883, 0.0983165, 0.976284, 0.0)], [-0.268017, -0.110562, -0.179309, 1.0)]])
-0.268017, -0.110562, -0.179309
float3(-0.0984756, -0.195056, -1.57221)
13888.095089583
normal
simd_float4x4([[-0.0180207, -0.995288, 0.0952678, 0.0)], [0.98167, 0.000468559, 0.190587, 0.0)], [-0.189733, 0.0969561, 0.977037, 0.0)], [-0.259375, -0.143856, -0.180817, 1.0)]])
-0.259375, -0.143856, -0.180817
float3(-0.0971086, -0.191805, -1.57033)
13888.211739583
normal
simd_float4x4([[-0.0159995, -0.995245, 0.096081, 0.0)], [0.982484, 0.00219415, 0.186332, 0.0)], [-0.185656, 0.0973793, 0.977778, 0.0)], [-0.251109, -0.177955, -0.179109, 1.0)]])
-0.251109, -0.177955, -0.179109
float3(-0.0975339, -0.187642, -1.56859)
13888.328389583
normal
simd_float4x4([[-0.0226533, -0.995481, 0.0922178, 0.0)], [0.98309, -0.00541507, 0.183041, 0.0)], [-0.181714, 0.0948049, 0.978771, 0.0)], [-0.244948, -0.213985, -0.178643, 1.0)]])
-0.244948, -0.213985, -0.178643
float3(-0.0949475, -0.183565, -1.57624)
13888.4450395
normal
simd_float4x4([[-0.0260886, -0.995755, 0.0882673, 0.0)], [0.98326, -0.00963224, 0.181953, 0.0)], [-0.18033, 0.0915366, 0.979338, 0.0)], [-0.241316, -0.25424, -0.177575, 1.0)]])
-0.241316, -0.25424, -0.177575
float3(-0.0916649, -0.182095, -1.58047)
13888.561689166
normal
simd_float4x4([[-0.0206854, -0.995912, 0.0879279, 0.0)], [0.983517, -0.00446873, 0.180761, 0.0)], [-0.179629, 0.0902177, 0.979589, 0.0)], [-0.23806, -0.29327, -0.177493, 1.0)]])
-0.23806, -0.29327, -0.177493
float3(-0.0903405, -0.181357, -1.57528)
13888.678339
normal
simd_float4x4([[-0.0201266, -0.996039, 0.0866143, 0.0)], [0.983904, -0.00434643, 0.178648, 0.0)], [-0.177564, 0.0888157, 0.980093, 0.0)], [-0.236776, -0.329878, -0.17526, 1.0)]])
-0.236776, -0.329878, -0.17526
float3(-0.0889329, -0.179226, -1.57516)
13888.794988875
normal
simd_float4x4([[-0.0159888, -0.996491, 0.0821555, 0.0)], [0.984194, -0.00119121, 0.177091, 0.0)], [-0.176372, 0.0836884, 0.98076, 0.0)], [-0.23758, -0.363697, -0.174746, 1.0)]])
-0.23758, -0.363697, -0.174746
float3(-0.0837864, -0.17793, -1.57199)
13888.911638708
normal
simd_float4x4([[-0.00974233, -0.996456, 0.0835463, 0.0)], [0.985469, 0.00460124, 0.169794, 0.0)], [-0.169577, 0.0839865, 0.981932, 0.0)], [-0.238947, -0.394861, -0.175251, 1.0)]])
-0.238947, -0.394861, -0.175251
float3(-0.0840855, -0.171011, -1.56618)
13889.02828875
normal
simd_float4x4([[-0.00863315, -0.99639, 0.0844523, 0.0)], [0.985204, 0.00598122, 0.171281, 0.0)], [-0.171167, 0.0846815, 0.981596, 0.0)], [-0.239752, -0.420117, -0.172898, 1.0)]])
-0.239752, -0.420117, -0.172898
float3(-0.084783, -0.172641, -1.56479)
13889.144938541
normal
simd_float4x4([[-0.00833286, -0.995822, 0.0909314, 0.0)], [0.985814, 0.0070636, 0.167695, 0.0)], [-0.167637, 0.0910388, 0.981636, 0.0)], [-0.240321, -0.445414, -0.173241, 1.0)]])
-0.240321, -0.445414, -0.173241
float3(-0.091165, -0.169141, -1.5637)
13889.261588541
normal
simd_float4x4([[-0.0176073, -0.994854, 0.0997798, 0.0)], [0.987009, -0.00135464, 0.160662, 0.0)], [-0.1597, 0.101312, 0.981953, 0.0)], [-0.239695, -0.467091, -0.176521, 1.0)]])
-0.239695, -0.467091, -0.176521
float3(-0.101486, -0.161224, -1.57216)
13889.378238333
normal
simd_float4x4([[-0.00823081, -0.99654, 0.0827022, 0.0)], [0.987022, 0.00516767, 0.160501, 0.0)], [-0.160373, 0.08295, 0.983565, 0.0)], [-0.242276, -0.484713, -0.173785, 1.0)]])
-0.242276, -0.484713, -0.173785
float3(-0.0830454, -0.16163, -1.56561)
13889.494888208
normal
simd_float4x4([[-0.00165385, -0.997407, 0.0719439, 0.0)], [0.98602, 0.0103606, 0.166302, 0.0)], [-0.166617, 0.0712132, 0.983447, 0.0)], [-0.243158, -0.503691, -0.172871, 1.0)]])
-0.243158, -0.503691, -0.172871
float3(-0.0712735, -0.167827, -1.56041)
13889.611538125
normal
simd_float4x4([[0.00310484, -0.99695, 0.0779757, 0.0)], [0.985368, 0.0163384, 0.169657, 0.0)], [-0.170414, 0.076308, 0.982414, 0.0)], [-0.241411, -0.52053, -0.174397, 1.0)]])
-0.241411, -0.52053, -0.174397
float3(-0.0763822, -0.171755, -1.55441)
13889.728188
normal
simd_float4x4([[0.00891702, -0.99524, 0.0970453, 0.0)], [0.985371, 0.0252631, 0.168543, 0.0)], [-0.170192, 0.0941227, 0.980906, 0.0)], [-0.241408, -0.530912, -0.177407, 1.0)]])
-0.241408, -0.530912, -0.177407
float3(-0.0942622, -0.171795, -1.54542)
13889.844837833
normal
simd_float4x4([[0.00617609, -0.995034, 0.0993385, 0.0)], [0.98632, 0.0224257, 0.163308, 0.0)], [-0.164725, 0.096971, 0.981561, 0.0)], [-0.24162, -0.53878, -0.177729, 1.0)]])
-0.24162, -0.53878, -0.177729
float3(-0.0971236, -0.16627, -1.54826)
13889.961487708
normal
simd_float4x4([[-0.0037656, -0.995178, 0.098014, 0.0)], [0.986713, 0.0122231, 0.162015, 0.0)], [-0.162432, 0.0973217, 0.981909, 0.0)], [-0.241325, -0.544485, -0.178101, 1.0)]])
-0.241325, -0.544485, -0.178101
float3(-0.097476, -0.16394, -1.55851)
13890.07813775
normal
simd_float4x4([[-0.00415481, -0.994999, 0.0997996, 0.0)], [0.987246, 0.0118015, 0.158761, 0.0)], [-0.159145, 0.0991864, 0.98226, 0.0)], [-0.242935, -0.545236, -0.176415, 1.0)]])
-0.242935, -0.545236, -0.176415
float3(-0.0993497, -0.160623, -1.55894)
13890.194787458
normal
simd_float4x4([[-0.00396866, -0.996025, 0.0889885, 0.0)], [0.986516, 0.0106604, 0.163316, 0.0)], [-0.163615, 0.0884367, 0.982552, 0.0)], [-0.243687, -0.541476, -0.173132, 1.0)]])
-0.243687, -0.541476, -0.173132
float3(-0.0885524, -0.165006, -1.56009)
13890.311437458
normal
simd_float4x4([[-0.00464406, -0.996521, 0.0832119, 0.0)], [0.986626, 0.00899204, 0.16275, 0.0)], [-0.162932, 0.0828549, 0.983152, 0.0)], [-0.2436, -0.528459, -0.17274, 1.0)]])
-0.2436, -0.528459, -0.17274
float3(-0.08295, -0.164231, -1.56177)
13890.4280875
normal
simd_float4x4([[-0.00784634, -0.995889, 0.0902425, 0.0)], [0.986713, 0.00693473, 0.162322, 0.0)], [-0.16228, 0.0903171, 0.982603, 0.0)], [-0.242745, -0.504637, -0.175313, 1.0)]])
-0.242745, -0.504637, -0.175313
float3(-0.0904403, -0.163676, -1.56383)
13890.544737291
normal
simd_float4x4([[-0.0125669, -0.994583, 0.103182, 0.0)], [0.986332, 0.00462421, 0.164702, 0.0)], [-0.164287, 0.103842, 0.980932, 0.0)], [-0.241064, -0.463054, -0.179061, 1.0)]])
-0.241064, -0.463054, -0.179061
float3(-0.104029, -0.16594, -1.56615)
13890.661387166
normal
simd_float4x4([[-0.0122557, -0.993765, 0.110819, 0.0)], [0.986588, 0.0060229, 0.163118, 0.0)], [-0.162769, 0.111332, 0.980363, 0.0)], [-0.239736, -0.404058, -0.181069, 1.0)]])
-0.239736, -0.404058, -0.181069
float3(-0.111563, -0.164528, -1.56474)
13890.778037083
normal
simd_float4x4([[-0.0158207, -0.994195, 0.106427, 0.0)], [0.986248, 0.00199634, 0.165258, 0.0)], [-0.164511, 0.107578, 0.980491, 0.0)], [-0.237275, -0.339863, -0.17944, 1.0)]])
-0.237275, -0.339863, -0.17944
float3(-0.107787, -0.166236, -1.56879)
13890.894687125
normal
simd_float4x4([[-0.0182066, -0.994132, 0.106632, 0.0)], [0.986458, -0.000473641, 0.164014, 0.0)], [-0.163001, 0.108174, 0.980678, 0.0)], [-0.234786, -0.277516, -0.175884, 1.0)]])
-0.234786, -0.277516, -0.175884
float3(-0.108386, -0.164707, -1.57127)
13891.011337
normal
simd_float4x4([[-0.0190309, -0.993348, 0.113569, 0.0)], [0.985862, 0.000269762, 0.167561, 0.0)], [-0.166477, 0.115153, 0.979298, 0.0)], [-0.233545, -0.218069, -0.171266, 1.0)]])
-0.233545, -0.218069, -0.171266
float3(-0.115409, -0.168387, -1.57052)
13891.127986833
normal
simd_float4x4([[-0.014433, -0.994185, 0.106717, 0.0)], [0.985199, 0.00409211, 0.171366, 0.0)], [-0.170806, 0.107611, 0.979411, 0.0)], [-0.234283, -0.165565, -0.162423, 1.0)]])
-0.234283, -0.165565, -0.162423
float3(-0.10782, -0.172661, -1.56668)
13891.244636833
normal
simd_float4x4([[-0.00784698, -0.995118, 0.0983795, 0.0)], [0.98381, 0.0099324, 0.178938, 0.0)], [-0.179042, 0.0981909, 0.978929, 0.0)], [-0.235965, -0.11174, -0.153399, 1.0)]])
-0.235965, -0.11174, -0.153399
float3(-0.0983494, -0.180896, -1.56082)
13891.361286833
normal
simd_float4x4([[-0.00991401, -0.99575, 0.0915606, 0.0)], [0.984923, 0.00609103, 0.172887, 0.0)], [-0.17271, 0.0918941, 0.980677, 0.0)], [-0.236432, -0.0643878, -0.144024, 1.0)]])
-0.236432, -0.0643878, -0.144024
float3(-0.092024, -0.174326, -1.56468)
13891.477936541
normal
simd_float4x4([[-0.0159447, -0.994861, 0.0999888, 0.0)], [0.983931, 0.00217418, 0.178535, 0.0)], [-0.177835, 0.101229, 0.97884, 0.0)], [-0.237076, -0.0220733, -0.139427, 1.0)]])
-0.237076, -0.0220733, -0.139427
float3(-0.101402, -0.179719, -1.56861)
13891.594586583
normal
simd_float4x4([[-0.0110975, -0.993974, 0.109051, 0.0)], [0.983341, 0.00893962, 0.181552, 0.0)], [-0.181433, 0.109249, 0.977316, 0.0)], [-0.239845, 0.0161622, -0.134059, 1.0)]])
-0.239845, 0.0161622, -0.134059
float3(-0.109468, -0.183554, -1.5618)
13891.7112365
normal
simd_float4x4([[-0.00712921, -0.993193, 0.116263, 0.0)], [0.98226, 0.0148324, 0.18694, 0.0)], [-0.187391, 0.115534, 0.975467, 0.0)], [-0.240992, 0.0526707, -0.127573, 1.0)]])
-0.240992, 0.0526707, -0.127573
float3(-0.115792, -0.189792, -1.55586)
13891.827886416
normal
simd_float4x4([[-0.00339058, -0.994318, 0.106397, 0.0)], [0.980836, 0.0174201, 0.194054, 0.0)], [-0.194805, 0.105016, 0.975204, 0.0)], [-0.23968, 0.0847299, -0.120876, 1.0)]])
-0.23968, 0.0847299, -0.120876
float3(-0.10521, -0.197163, -1.55328)
13891.944536291
normal
simd_float4x4([[-0.00175797, -0.997187, 0.0749395, 0.0)], [0.980329, 0.0130719, 0.196939, 0.0)], [-0.197364, 0.0738115, 0.977548, 0.0)], [-0.237762, 0.114858, -0.111512, 1.0)]])
-0.237762, 0.114858, -0.111512
float3(-0.0738787, -0.199219, -1.55769)
13892.061186416
normal
simd_float4x4([[-0.00774267, -0.998663, 0.0511178, 0.0)], [0.980474, 0.00246318, 0.196632, 0.0)], [-0.196495, 0.0516421, 0.979144, 0.0)], [-0.234551, 0.146304, -0.105158, 1.0)]])
-0.234551, 0.146304, -0.105158
float3(-0.0516651, -0.198049, -1.56833)
13892.177836333
normal
simd_float4x4([[-0.0081962, -0.999705, 0.0228512, 0.0)], [0.981724, -0.00369953, 0.190273, 0.0)], [-0.190133, 0.0239931, 0.981465, 0.0)], [-0.234537, 0.177332, -0.0999491, 1.0)]])
-0.234537, 0.177332, -0.0999491
float3(-0.0239954, -0.191353, -1.5745)
13892.294486041
normal
simd_float4x4([[-0.00355701, -0.999992, 0.00195462, 0.0)], [0.984088, -0.00315318, 0.177656, 0.0)], [-0.177648, 0.00255545, 0.984091, 0.0)], [-0.235581, 0.206109, -0.0981036, 1.0)]])
-0.235581, 0.206109, -0.0981036
float3(-0.00255545, -0.178597, -1.57395)
13892.411136083
normal
simd_float4x4([[0.00473993, -0.999916, -0.012025, 0.0)], [0.986015, 0.00267007, 0.166636, 0.0)], [-0.16659, -0.0126467, 0.985945, 0.0)], [-0.238153, 0.228566, -0.099737, 1.0)]])
-0.238153, 0.228566, -0.099737
float3(0.012647, -0.167384, -1.56813)
13892.527786125
normal
simd_float4x4([[0.0100802, -0.999497, -0.030078, 0.0)], [0.988318, 0.00538393, 0.152312, 0.0)], [-0.152074, -0.0312619, 0.987875, 0.0)], [-0.239047, 0.24339, -0.0993352, 1.0)]])
-0.239047, 0.24339, -0.0993352
float3(0.031267, -0.152741, -1.56541)
13892.644436166
normal
simd_float4x4([[0.00923185, -0.999175, -0.0395518, 0.0)], [0.989632, 0.00345997, 0.143585, 0.0)], [-0.143329, -0.0404672, 0.988847, 0.0)], [-0.239317, 0.250217, -0.099697, 1.0)]])
-0.239317, 0.250217, -0.099697
float3(0.0404783, -0.143943, -1.56733)
13892.761085833
normal
simd_float4x4([[0.0110358, -0.999093, -0.0411305, 0.0)], [0.988962, 0.00482735, 0.14809, 0.0)], [-0.147757, -0.0423108, 0.988118, 0.0)], [-0.239107, 0.25126, -0.0995625, 1.0)]])
-0.239107, 0.25126, -0.0995625
float3(0.0423234, -0.148434, -1.56596)
13892.877735916
normal
simd_float4x4([[0.0132612, -0.999132, -0.0394792, 0.0)], [0.987888, 0.0069869, 0.155012, 0.0)], [-0.154602, -0.0410567, 0.987124, 0.0)], [-0.238182, 0.246191, -0.0978968, 1.0)]])
-0.238182, 0.246191, -0.0978968
float3(0.0410682, -0.155356, -1.5638)
13892.994386
normal
simd_float4x4([[0.0049679, -0.999394, -0.0344607, 0.0)], [0.987566, -0.000511654, 0.157207, 0.0)], [-0.15713, -0.0348132, 0.986964, 0.0)], [-0.233108, 0.23069, -0.101588, 1.0)]])
-0.233108, 0.23069, -0.101588
float3(0.0348202, -0.15788, -1.57131)
13893.111035958
normal
simd_float4x4([[0.00056993, -0.99859, -0.0530796, 0.0)], [0.989763, -0.00701221, 0.142549, 0.0)], [-0.14272, -0.0526174, 0.988364, 0.0)], [-0.228813, 0.205526, -0.101374, 1.0)]])
-0.228813, 0.205526, -0.101374
float3(0.0526417, -0.143409, -1.57782)
13893.227685791
normal
simd_float4x4([[0.00296381, -0.998082, -0.0618311, 0.0)], [0.98892, -0.00625157, 0.148316, 0.0)], [-0.148418, -0.0615856, 0.987005, 0.0)], [-0.228639, 0.179614, -0.101236, 1.0)]])
-0.228639, 0.179614, -0.101236
float3(0.0616246, -0.149254, -1.57706)
13893.344335833
normal
simd_float4x4([[-0.00294902, -0.998379, -0.0568468, 0.0)], [0.990712, -0.010645, 0.13556, 0.0)], [-0.135945, -0.0559191, 0.989137, 0.0)], [-0.22769, 0.146734, -0.101823, 1.0)]])
-0.22769, 0.146734, -0.101823
float3(0.0559482, -0.136582, -1.58146)
13893.46098575
normal
simd_float4x4([[0.00524242, -0.999217, -0.0392159, 0.0)], [0.992129, 0.000290783, 0.12522, 0.0)], [-0.12511, -0.0395637, 0.991354, 0.0)], [-0.231702, 0.113271, -0.102398, 1.0)]])
-0.231702, 0.113271, -0.102398
float3(0.0395741, -0.125538, -1.57051)
13893.577635666
normal
simd_float4x4([[-0.0131059, -0.999571, -0.026179, 0.0)], [0.992823, -0.016121, 0.118503, 0.0)], [-0.118875, -0.024438, 0.992609, 0.0)], [-0.232215, 0.0820537, -0.0985333, 1.0)]])
-0.232215, 0.0820537, -0.0985333
float3(0.0244404, -0.119192, -1.58692)
13893.694285625
normal
simd_float4x4([[-0.0245137, -0.999587, -0.0149879, 0.0)], [0.993348, -0.0260425, 0.112163, 0.0)], [-0.112507, -0.0121386, 0.993577, 0.0)], [-0.234817, 0.0570023, -0.0941982, 1.0)]])
-0.234817, 0.0570023, -0.0941982
float3(0.0121389, -0.112754, -1.59684)
13893.810935666
normal
simd_float4x4([[-0.0264789, -0.999623, 0.00719542, 0.0)], [0.992628, -0.0254406, 0.118502, 0.0)], [-0.118274, 0.0102802, 0.992928, 0.0)], [-0.237668, 0.035971, -0.0939157, 1.0)]])
-0.237668, 0.035971, -0.0939157
float3(-0.0102804, -0.118558, -1.59624)
13893.927585666
normal
simd_float4x4([[-0.0225045, -0.999058, 0.0371033, 0.0)], [0.991648, -0.0175927, 0.127765, 0.0)], [-0.126992, 0.0396687, 0.99111, 0.0)], [-0.240724, 0.0189847, -0.0920011, 1.0)]])
-0.240724, 0.0189847, -0.0920011
float3(-0.0396791, -0.127436, -1.5884)
13894.044235625
normal
simd_float4x4([[-0.0425958, -0.997864, 0.0495228, 0.0)], [0.988095, -0.034741, 0.149868, 0.0)], [-0.147827, 0.055317, 0.987465, 0.0)], [-0.236221, 0.000521578, -0.0878441, 1.0)]])
-0.236221, 0.000521578, -0.0878441
float3(-0.0553452, -0.1486, -1.6056)
13894.160885708
normal
simd_float4x4([[-0.0491373, -0.99681, 0.0628841, 0.0)], [0.986997, -0.0388136, 0.155979, 0.0)], [-0.153041, 0.0697308, 0.985757, 0.0)], [-0.230236, -0.0124408, -0.0891604, 1.0)]])
-0.230236, -0.0124408, -0.0891604
float3(-0.0697874, -0.154023, -1.60971)
13894.277535666
normal
simd_float4x4([[-0.0489806, -0.995867, 0.0764864, 0.0)], [0.986967, -0.0365056, 0.156728, 0.0)], [-0.153288, 0.0831662, 0.984676, 0.0)], [-0.222858, -0.0195128, -0.0948601, 1.0)]])
-0.222858, -0.0195128, -0.0948601
float3(-0.0832623, -0.154434, -1.60744)
13894.394185708
normal
simd_float4x4([[-0.0390095, -0.996006, 0.080308, 0.0)], [0.989358, -0.0272248, 0.142929, 0.0)], [-0.140172, 0.085029, 0.98647, 0.0)], [-0.215093, -0.0241818, -0.10176, 1.0)]])
-0.215093, -0.0241818, -0.10176
float3(-0.0851317, -0.14115, -1.59812)
13894.510835583
normal
simd_float4x4([[-0.0310022, -0.996266, 0.0805783, 0.0)], [0.992187, -0.0209278, 0.122991, 0.0)], [-0.120845, 0.0837618, 0.989131, 0.0)], [-0.204596, -0.0307159, -0.116406, 1.0)]])
-0.204596, -0.0307159, -0.116406
float3(-0.08386, -0.121571, -1.5918)
13894.627485583
normal
simd_float4x4([[-0.0279018, -0.994454, 0.101408, 0.0)], [0.994666, -0.017543, 0.101642, 0.0)], [-0.0992994, 0.103703, 0.989639, 0.0)], [-0.194582, -0.0394087, -0.140606, 1.0)]])
-0.194582, -0.0394087, -0.140606
float3(-0.10389, -0.100004, -1.58844)
13894.744135583
normal
simd_float4x4([[-0.0349333, -0.994123, 0.102464, 0.0)], [0.994667, -0.0246297, 0.100154, 0.0)], [-0.0970413, 0.105416, 0.989682, 0.0)], [-0.185721, -0.0479681, -0.173578, 1.0)]])
-0.185721, -0.0479681, -0.173578
float3(-0.105612, -0.0977406, -1.59557)
13894.860785458
normal
simd_float4x4([[-0.0359759, -0.993296, 0.109856, 0.0)], [0.994518, -0.0247851, 0.101585, 0.0)], [-0.0981813, 0.112909, 0.988743, 0.0)], [-0.178723, -0.0565662, -0.220233, 1.0)]])
-0.178723, -0.0565662, -0.220233
float3(-0.11315, -0.0989747, -1.59574)
13894.977435541
normal
simd_float4x4([[-0.0402706, -0.993844, 0.103206, 0.0)], [0.992284, -0.0276566, 0.12086, 0.0)], [-0.117262, 0.107276, 0.98729, 0.0)], [-0.173542, -0.0624212, -0.271502, 1.0)]])
-0.173542, -0.0624212, -0.271502
float3(-0.107483, -0.118218, -1.59862)
13895.0774765
normal
simd_float4x4([[-0.0416759, -0.995179, 0.0887755, 0.0)], [0.989843, -0.0290379, 0.139167, 0.0)], [-0.135918, 0.0936738, 0.986282, 0.0)], [-0.171444, -0.0651387, -0.316771, 1.0)]])
-0.171444, -0.0651387, -0.316771
float3(-0.0938113, -0.136946, -1.59997)
13895.17752875
normal
simd_float4x4([[-0.0514539, -0.994931, 0.0863997, 0.0)], [0.98658, -0.0372159, 0.158983, 0.0)], [-0.154962, 0.0934204, 0.983494, 0.0)], [-0.170044, -0.0698443, -0.365156, 1.0)]])
-0.170044, -0.0698443, -0.365156
float3(-0.0935569, -0.156278, -1.60818)
13895.277580666
normal
simd_float4x4([[-0.0663165, -0.993347, 0.0941439, 0.0)], [0.983081, -0.0489012, 0.176524, 0.0)], [-0.170746, 0.104257, 0.979784, 0.0)], [-0.168378, -0.0721573, -0.412609, 1.0)]])
-0.168378, -0.0721573, -0.412609
float3(-0.104447, -0.172536, -1.61999)
13895.377632666
normal
simd_float4x4([[-0.0727299, -0.99279, 0.0952803, 0.0)], [0.982199, -0.054708, 0.179698, 0.0)], [-0.17319, 0.106654, 0.979097, 0.0)], [-0.165752, -0.074288, -0.451787, 1.0)]])
-0.165752, -0.074288, -0.451787
float3(-0.106857, -0.175077, -1.62585)
13895.477684833
normal
simd_float4x4([[-0.0725926, -0.991835, 0.10485, 0.0)], [0.982075, -0.0527484, 0.18096, 0.0)], [-0.173952, 0.116107, 0.977885, 0.0)], [-0.161016, -0.0769513, -0.490479, 1.0)]])
-0.161016, -0.0769513, -0.490479
float3(-0.11637, -0.176044, -1.62393)
13895.577737
normal
simd_float4x4([[-0.0729978, -0.991718, 0.105674, 0.0)], [0.98253, -0.0533224, 0.178301, 0.0)], [-0.171189, 0.116843, 0.978285, 0.0)], [-0.151609, -0.0827283, -0.527573, 1.0)]])
-0.151609, -0.0827283, -0.527573
float3(-0.117111, -0.173235, -1.62451)
13895.677789
normal
simd_float4x4([[-0.0667159, -0.99005, 0.123897, 0.0)], [0.984828, -0.0454045, 0.167486, 0.0)], [-0.160194, 0.133191, 0.978058, 0.0)], [-0.139438, -0.0936107, -0.571315, 1.0)]])
-0.139438, -0.0936107, -0.571315
float3(-0.133588, -0.162346, -1.61663)
13895.777841083
normal
simd_float4x4([[-0.0644334, -0.989531, 0.12914, 0.0)], [0.987759, -0.044819, 0.149411, 0.0)], [-0.142059, 0.137186, 0.980306, 0.0)], [-0.121606, -0.103182, -0.612222, 1.0)]])
-0.121606, -0.103182, -0.612222
float3(-0.13762, -0.143911, -1.61606)
13895.877893208
normal
simd_float4x4([[-0.0535219, -0.990934, 0.123228, 0.0)], [0.990733, -0.0372686, 0.130613, 0.0)], [-0.124836, 0.129077, 0.983746, 0.0)], [-0.10268, -0.108882, -0.649183, 1.0)]])
-0.10268, -0.108882, -0.649183
float3(-0.129438, -0.126224, -1.60839)
13895.977945333
normal
simd_float4x4([[-0.0495516, -0.991155, 0.123109, 0.0)], [0.993157, -0.0358458, 0.111152, 0.0)], [-0.105756, 0.127774, 0.986149, 0.0)], [-0.0836489, -0.115214, -0.685041, 1.0)]])
-0.0836489, -0.115214, -0.685041
float3(-0.128124, -0.106833, -1.60695)
13896.077997291
normal
simd_float4x4([[-0.0395297, -0.990761, 0.129732, 0.0)], [0.995459, -0.0277961, 0.0910407, 0.0)], [-0.0865935, 0.132742, 0.987361, 0.0)], [-0.0718498, -0.121136, -0.716824, 1.0)]])
-0.0718498, -0.121136, -0.716824
float3(-0.133135, -0.0874782, -1.59884)
13896.178049541
normal
simd_float4x4([[-0.0372128, -0.988703, 0.145192, 0.0)], [0.99695, -0.0267575, 0.0733104, 0.0)], [-0.0685972, 0.147477, 0.986684, 0.0)], [-0.0605439, -0.129163, -0.747459, 1.0)]])
-0.0605439, -0.129163, -0.747459
float3(-0.148017, -0.0694113, -1.59785)
13896.278101541
normal
simd_float4x4([[-0.044707, -0.986233, 0.159205, 0.0)], [0.997949, -0.0367799, 0.0523964, 0.0)], [-0.0458195, 0.161221, 0.985854, 0.0)], [-0.0519001, -0.13606, -0.773576, 1.0)]])
-0.0519001, -0.13606, -0.773576
float3(-0.161928, -0.0464436, -1.60807)
13896.378153791
normal
simd_float4x4([[-0.0457438, -0.983923, 0.172633, 0.0)], [0.998595, -0.0404134, 0.034268, 0.0)], [-0.0267404, 0.173958, 0.98439, 0.0)], [-0.0469581, -0.141103, -0.795641, 1.0)]])
-0.0469581, -0.141103, -0.795641
float3(-0.174848, -0.0271578, -1.61185)
13896.478205791
normal
simd_float4x4([[-0.0497343, -0.984017, 0.170987, 0.0)], [0.99835, -0.0440596, 0.0368263, 0.0)], [-0.0287041, 0.172536, 0.984585, 0.0)], [-0.0438906, -0.145195, -0.812003, 1.0)]])
-0.0438906, -0.145195, -0.812003
float3(-0.173404, -0.0291452, -1.61554)
13896.578257958
normal
simd_float4x4([[-0.044031, -0.983765, 0.173979, 0.0)], [0.998232, -0.0363622, 0.0470247, 0.0)], [-0.039935, 0.175742, 0.983626, 0.0)], [-0.0427892, -0.148313, -0.824608, 1.0)]])
-0.0427892, -0.148313, -0.824608
float3(-0.176659, -0.0405775, -1.60774)
13896.67831
normal
simd_float4x4([[-0.0509378, -0.983826, 0.171732, 0.0)], [0.996972, -0.0399754, 0.0667012, 0.0)], [-0.0587573, 0.174609, 0.982883, 0.0)], [-0.0405567, -0.149335, -0.834592, 1.0)]])
-0.0405567, -0.149335, -0.834592
float3(-0.175509, -0.0597095, -1.61141)
13896.778362125
normal
simd_float4x4([[-0.0460119, -0.984715, 0.167985, 0.0)], [0.996374, -0.0331921, 0.078342, 0.0)], [-0.0715688, 0.170981, 0.982672, 0.0)], [-0.0421893, -0.14856, -0.840099, 1.0)]])
-0.0421893, -0.14856, -0.840099
float3(-0.171825, -0.0727024, -1.60449)
13896.878414291
normal
simd_float4x4([[-0.049562, -0.984494, 0.168272, 0.0)], [0.995604, -0.0352929, 0.0867554, 0.0)], [-0.0794713, 0.171833, 0.981915, 0.0)], [-0.0422067, -0.15029, -0.843717, 1.0)]])
-0.0422067, -0.15029, -0.843717
float3(-0.17269, -0.080759, -1.60663)
13896.978466458
normal
simd_float4x4([[-0.0528415, -0.983246, 0.174459, 0.0)], [0.995032, -0.0370823, 0.0923884, 0.0)], [-0.0843711, 0.178474, 0.980321, 0.0)], [-0.0440964, -0.152593, -0.845706, 1.0)]])
-0.0440964, -0.152593, -0.845706
float3(-0.179435, -0.0858533, -1.60849)
13897.078518541
normal
simd_float4x4([[-0.0506113, -0.98323, 0.175205, 0.0)], [0.994959, -0.0344316, 0.0941864, 0.0)], [-0.0865743, 0.179089, 0.980016, 0.0)], [-0.0471649, -0.152678, -0.839547, 1.0)]])
-0.0471649, -0.152678, -0.839547
float3(-0.18006, -0.0881109, -1.6058)
13897.178570625
normal
simd_float4x4([[-0.0507946, -0.984405, 0.168427, 0.0)], [0.994542, -0.0344685, 0.0984789, 0.0)], [-0.0911377, 0.17251, 0.980783, 0.0)], [-0.0498349, -0.151709, -0.828259, 1.0)]])
-0.0498349, -0.151709, -0.828259
float3(-0.173377, -0.0926574, -1.6058)
13897.278622666
normal
simd_float4x4([[-0.0477921, -0.986417, 0.157154, 0.0)], [0.994685, -0.0326341, 0.0976575, 0.0)], [-0.0912025, 0.160986, 0.982734, 0.0)], [-0.0530922, -0.148334, -0.813915, 1.0)]])
-0.0530922, -0.148334, -0.813915
float3(-0.161689, -0.0925398, -1.60387)
13897.378674958
normal
simd_float4x4([[-0.0498713, -0.987612, 0.148782, 0.0)], [0.994817, -0.0359033, 0.0951344, 0.0)], [-0.0886141, 0.152756, 0.984283, 0.0)], [-0.0569201, -0.144932, -0.79782, 1.0)]])
-0.0569201, -0.144932, -0.79782
float3(-0.153356, -0.089787, -1.60713)
13897.478727041
normal
simd_float4x4([[-0.0508821, -0.988104, 0.145126, 0.0)], [0.994955, -0.037573, 0.0930188, 0.0)], [-0.0864594, 0.149127, 0.985031, 0.0)], [-0.0622595, -0.142351, -0.781955, 1.0)]])
-0.0622595, -0.142351, -0.781955
float3(-0.149685, -0.0875489, -1.6088)
13897.57877925
normal
simd_float4x4([[-0.0529742, -0.988943, 0.13851, 0.0)], [0.995086, -0.0406584, 0.0902823, 0.0)], [-0.0836524, 0.142612, 0.986237, 0.0)], [-0.0677554, -0.13781, -0.762673, 1.0)]])
-0.0677554, -0.13781, -0.762673
float3(-0.1431, -0.0846172, -1.61189)
13897.67883125
normal
simd_float4x4([[-0.0586994, -0.990165, 0.126999, 0.0)], [0.994379, -0.0467657, 0.0949908, 0.0)], [-0.0881174, 0.131861, 0.987344, 0.0)], [-0.0746892, -0.132639, -0.740626, 1.0)]])
-0.0746892, -0.132639, -0.740626
float3(-0.132246, -0.089011, -1.61799)
13897.778883541
normal
simd_float4x4([[-0.0610145, -0.991213, 0.117364, 0.0)], [0.992794, -0.0481176, 0.109744, 0.0)], [-0.103133, 0.123215, 0.987007, 0.0)], [-0.0844611, -0.128307, -0.718049, 1.0)]])
-0.0844611, -0.128307, -0.718049
float3(-0.123529, -0.104113, -1.6193)
13897.878935583
normal
simd_float4x4([[-0.0619792, -0.991943, 0.11049, 0.0)], [0.991474, -0.0484778, 0.120948, 0.0)], [-0.114617, 0.117044, 0.986491, 0.0)], [-0.0967517, -0.124842, -0.691751, 1.0)]])
-0.0967517, -0.124842, -0.691751
float3(-0.117313, -0.115668, -1.61963)
13897.978987625
normal
simd_float4x4([[-0.0576393, -0.993091, 0.102219, 0.0)], [0.98869, -0.0425825, 0.143799, 0.0)], [-0.138453, 0.109352, 0.984313, 0.0)], [-0.11504, -0.122035, -0.661414, 1.0)]])
-0.11504, -0.122035, -0.661414
float3(-0.109571, -0.139743, -1.61365)
13898.079039916
normal
simd_float4x4([[-0.057615, -0.99242, 0.108551, 0.0)], [0.985815, -0.0393861, 0.163151, 0.0)], [-0.157639, 0.116411, 0.980611, 0.0)], [-0.133118, -0.121256, -0.629351, 1.0)]])
-0.133118, -0.121256, -0.629351
float3(-0.116676, -0.159392, -1.61046)
13898.179092
normal
simd_float4x4([[-0.0587112, -0.991761, 0.113852, 0.0)], [0.982388, -0.0371339, 0.183126, 0.0)], [-0.177389, 0.122598, 0.976475, 0.0)], [-0.150619, -0.118154, -0.594736, 1.0)]])
-0.150619, -0.118154, -0.594736
float3(-0.122908, -0.179703, -1.60822)
13898.279144208
normal
simd_float4x4([[-0.0526154, -0.992195, 0.113054, 0.0)], [0.976276, -0.0272961, 0.214801, 0.0)], [-0.210039, 0.121674, 0.970092, 0.0)], [-0.166808, -0.114259, -0.559601, 1.0)]])
-0.166808, -0.114259, -0.559601
float3(-0.121976, -0.213223, -1.5983)
13898.379196333
normal
simd_float4x4([[-0.0404524, -0.991487, 0.123764, 0.0)], [0.97221, -0.0104721, 0.233875, 0.0)], [-0.230588, 0.129786, 0.964357, 0.0)], [-0.178558, -0.109608, -0.52798, 1.0)]])
-0.178558, -0.109608, -0.52798
float3(-0.130153, -0.234704, -1.58136)
13898.479248541
normal
simd_float4x4([[-0.0297786, -0.991923, 0.123295, 0.0)], [0.968137, 0.0020615, 0.250413, 0.0)], [-0.248645, 0.126823, 0.960256, 0.0)], [-0.18788, -0.102561, -0.494874, 1.0)]])
-0.18788, -0.102561, -0.494874
float3(-0.127165, -0.253371, -1.56872)
13898.57930075
normal
simd_float4x4([[-0.0240683, -0.994085, 0.105903, 0.0)], [0.966923, 0.00375986, 0.255042, 0.0)], [-0.253932, 0.108539, 0.961113, 0.0)], [-0.194022, -0.0973918, -0.45931, 1.0)]])
-0.194022, -0.0973918, -0.45931
float3(-0.108753, -0.258304, -1.56701)
13898.679352916
normal
simd_float4x4([[-0.0161081, -0.995448, 0.0939351, 0.0)], [0.968899, 0.00766149, 0.247338, 0.0)], [-0.246932, 0.0949977, 0.964365, 0.0)], [-0.200208, -0.0937257, -0.422705, 1.0)]])
-0.200208, -0.0937257, -0.422705
float3(-0.0951412, -0.250671, -1.5631)
13898.779405166
normal
simd_float4x4([[-0.0142596, -0.996564, 0.081592, 0.0)], [0.972121, 0.00528274, 0.234419, 0.0)], [-0.234044, 0.0826601, 0.968706, 0.0)], [-0.203514, -0.091309, -0.382013, 1.0)]])
-0.203514, -0.091309, -0.382013
float3(-0.0827545, -0.237062, -1.5655)
13898.879457166
normal
simd_float4x4([[-0.0176464, -0.997111, 0.0738831, 0.0)], [0.977177, -0.00155401, 0.212419, 0.0)], [-0.21169, 0.0759453, 0.974382, 0.0)], [-0.20376, -0.0911095, -0.338184, 1.0)]])
-0.20376, -0.0911095, -0.338184
float3(-0.0760185, -0.213932, -1.57235)
13898.979509625
normal
simd_float4x4([[-0.0157118, -0.996539, 0.0816292, 0.0)], [0.981402, 0.000250984, 0.191962, 0.0)], [-0.191318, 0.0831272, 0.978002, 0.0)], [-0.20562, -0.0922999, -0.293064, 1.0)]])
-0.20562, -0.0922999, -0.293064
float3(-0.0832232, -0.193182, -1.57054)
13899.079561708
normal
simd_float4x4([[-0.00888436, -0.995056, 0.0989185, 0.0)], [0.984816, 0.00844444, 0.173397, 0.0)], [-0.173375, 0.098957, 0.979872, 0.0)], [-0.207344, -0.0923961, -0.247934, 1.0)]])
-0.207344, -0.0923961, -0.247934
float3(-0.0991192, -0.175124, -1.56231)
13899.179613833
normal
simd_float4x4([[0.000214713, -0.993276, 0.115769, 0.0)], [0.986734, 0.0190052, 0.16123, 0.0)], [-0.162346, 0.114199, 0.980103, 0.0)], [-0.210455, -0.0905588, -0.202098, 1.0)]])
-0.210455, -0.0905588, -0.202098
float3(-0.114449, -0.164152, -1.55166)
13899.279666125
normal
simd_float4x4([[0.000970532, -0.991029, 0.133641, 0.0)], [0.988381, 0.0212632, 0.150502, 0.0)], [-0.151993, 0.131942, 0.979535, 0.0)], [-0.214103, -0.0874967, -0.160509, 1.0)]])
-0.214103, -0.0874967, -0.160509
float3(-0.132328, -0.153941, -1.54934)
13899.37971825
normal
simd_float4x4([[-0.00126659, -0.992367, 0.123312, 0.0)], [0.988232, 0.0176196, 0.151947, 0.0)], [-0.15296, 0.122053, 0.980666, 0.0)], [-0.220989, -0.0813541, -0.123969, 1.0)]])
-0.220989, -0.0813541, -0.123969
float3(-0.122358, -0.154729, -1.55304)
13899.479770541
normal
simd_float4x4([[-2.36265e-05, -0.992166, 0.124928, 0.0)], [0.988562, 0.0188182, 0.14964, 0.0)], [-0.150818, 0.123502, 0.980817, 0.0)], [-0.22898, -0.076843, -0.100221, 1.0)]])
-0.22898, -0.076843, -0.100221
float3(-0.123818, -0.152573, -1.55183)
13899.579822666
normal
simd_float4x4([[-0.00676246, -0.993036, 0.117614, 0.0)], [0.987775, 0.0116845, 0.155449, 0.0)], [-0.155741, 0.117227, 0.980817, 0.0)], [-0.234344, -0.073751, -0.0820902, 1.0)]])
-0.234344, -0.073751, -0.0820902
float3(-0.117498, -0.157472, -1.55903)
13899.679874833
normal
simd_float4x4([[-0.0123521, -0.993129, 0.116373, 0.0)], [0.985954, 0.00728917, 0.166858, 0.0)], [-0.166559, 0.1168, 0.979089, 0.0)], [-0.240286, -0.0744268, -0.0724793, 1.0)]])
-0.240286, -0.0744268, -0.0724793
float3(-0.117067, -0.168503, -1.56346)
13899.779927
normal
simd_float4x4([[-0.0179735, -0.992213, 0.123247, 0.0)], [0.982674, 0.00521251, 0.185271, 0.0)], [-0.18447, 0.124441, 0.974928, 0.0)], [-0.248636, -0.0745878, -0.0697932, 1.0)]])
-0.248636, -0.0745878, -0.0697932
float3(-0.124765, -0.187003, -1.56554)
13899.87997925
normal
simd_float4x4([[-0.0279902, -0.991597, 0.126299, 0.0)], [0.98023, -0.00246956, 0.197848, 0.0)], [-0.195873, 0.12934, 0.972062, 0.0)], [-0.256941, -0.075181, -0.0675937, 1.0)]])
-0.256941, -0.075181, -0.0675937
float3(-0.129703, -0.19884, -1.57329)
