ARKit Data
193270.32072675
normal
simd_float4x4([[-0.000273189, -0.976169, -0.217012, 0.0)], [-0.99358, -0.0242854, 0.110492, 0.0)], [-0.113129, 0.215649, -0.969895, 0.0)], [1.37191, -0.126449, -0.010449, 1.0)]])
1.37191, -0.126449, -0.010449
float3(-0.217357, -3.02548, -1.59567)
193270.655861083
notAvailable
simd_float4x4([[1.0, 0.0, 0.0, 0.0)], [0.0, 1.0, 0.0, 0.0)], [0.0, 0.0, 1.0, 0.0)], [0.0, 0.0, 0.0, 1.0)]])
0.0, 0.0, 0.0
float3(-0.0, 0.0, 0.0)
193270.755879375
notAvailable
simd_float4x4([[1.0, 0.0, 0.0, 0.0)], [0.0, 1.0, 0.0, 0.0)], [0.0, 0.0, 1.0, 0.0)], [0.0, 0.0, 0.0, 1.0)]])
0.0, 0.0, 0.0
float3(-0.0, 0.0, 0.0)
193270.855930541
limited(__ObjC.ARCamera.TrackingState.Reason.initializing)
simd_float4x4([[-0.0305933, -0.980938, 0.191893, 0.0)], [0.999527, -0.0294431, 0.00884315, 0.0)], [-0.00302467, 0.192073, 0.981375, 0.0)], [0.0, 0.0, 0.0, 1.0)]])
0.0, 0.0, 0.0
float3(-0.193274, -0.00308206, -1.6008)
193270.955981875
limited(__ObjC.ARCamera.TrackingState.Reason.initializing)
simd_float4x4([[-0.030395, -0.982907, 0.181574, 0.0)], [0.999537, -0.0296493, 0.00682, 0.0)], [-0.0013199, 0.181697, 0.983353, 0.0)], [0.0, 0.0, 0.0, 1.0)]])
0.0, 0.0, 0.0
float3(-0.182712, -0.00134224, -1.60095)
193271.056032958
limited(__ObjC.ARCamera.TrackingState.Reason.initializing)
simd_float4x4([[-0.0195482, -0.984964, 0.171641, 0.0)], [0.999774, -0.0178162, 0.011626, 0.0)], [-0.00839321, 0.171829, 0.985089, 0.0)], [0.0, 0.0, 0.0, 1.0)]])
0.0, 0.0, 0.0
float3(-0.172686, -0.00852004, -1.58888)
193271.156084333
limited(__ObjC.ARCamera.TrackingState.Reason.initializing)
simd_float4x4([[-0.0149972, -0.985354, 0.169844, 0.0)], [0.99968, -0.0113181, 0.0226093, 0.0)], [-0.0203559, 0.170129, 0.985209, 0.0)], [0.0, 0.0, 0.0, 1.0)]])
0.0, 0.0, 0.0
float3(-0.17096, -0.0206586, -1.58228)
193271.256135416
limited(__ObjC.ARCamera.TrackingState.Reason.initializing)
simd_float4x4([[-0.0133385, -0.985862, 0.167006, 0.0)], [0.999297, -0.00729195, 0.036767, 0.0)], [-0.0350295, 0.167379, 0.985267, 0.0)], [0.0, 0.0, 0.0, 1.0)]])
0.0, 0.0, 0.0
float3(-0.168171, -0.0355384, -1.57819)
193271.3561865
limited(__ObjC.ARCamera.TrackingState.Reason.initializing)
simd_float4x4([[-0.0141673, -0.985685, 0.167974, 0.0)], [0.998078, -0.00380392, 0.0618596, 0.0)], [-0.0603354, 0.168528, 0.983844, 0.0)], [0.0, 0.0, 0.0, 1.0)]])
0.0, 0.0, 0.0
float3(-0.169336, -0.0612495, -1.57466)
193271.456237958
limited(__ObjC.ARCamera.TrackingState.Reason.initializing)
simd_float4x4([[-0.0164419, -0.984786, 0.172965, 0.0)], [0.99576, -0.0004691, 0.0919877, 0.0)], [-0.0905075, 0.173744, 0.980618, 0.0)], [0.0, 0.0, 0.0, 1.0)]])
0.0, 0.0, 0.0
float3(-0.17463, -0.0920356, -1.57127)
193271.556289041
limited(__ObjC.ARCamera.TrackingState.Reason.initializing)
simd_float4x4([[-0.0228034, -0.984005, 0.176651, 0.0)], [0.992592, -0.00119311, 0.121488, 0.0)], [-0.119335, 0.178112, 0.976743, 0.0)], [0.0, 0.0, 0.0, 1.0)]])
0.0, 0.0, 0.0
float3(-0.179068, -0.121574, -1.57201)
193271.656340375
limited(__ObjC.ARCamera.TrackingState.Reason.initializing)
simd_float4x4([[-0.031663, -0.983062, 0.180496, 0.0)], [0.988815, -0.00447693, 0.14908, 0.0)], [-0.145747, 0.183197, 0.972208, 0.0)], [0.0, 0.0, 0.0, 1.0)]])
0.0, 0.0, 0.0
float3(-0.184238, -0.148806, -1.57535)
193271.756391458
limited(__ObjC.ARCamera.TrackingState.Reason.initializing)
simd_float4x4([[-0.0403413, -0.981672, 0.186234, 0.0)], [0.984594, -0.00731961, 0.174701, 0.0)], [-0.170137, 0.190412, 0.966844, 0.0)], [0.0, 0.0, 0.0, 1.0)]])
0.0, 0.0, 0.0
float3(-0.191582, -0.174188, -1.57825)
193271.856442708
limited(__ObjC.ARCamera.TrackingState.Reason.initializing)
simd_float4x4([[-0.0457541, -0.980853, 0.18927, 0.0)], [0.981943, -0.00934654, 0.188944, 0.0)], [-0.183558, 0.194498, 0.963569, 0.0)], [0.0, 0.0, 0.0, 1.0)]])
0.0, 0.0, 0.0
float3(-0.195745, -0.188243, -1.58033)
193271.956494041
limited(__ObjC.ARCamera.TrackingState.Reason.initializing)
simd_float4x4([[-0.0498899, -0.98043, 0.190413, 0.0)], [0.981493, -0.012837, 0.191068, 0.0)], [-0.184886, 0.196421, 0.962925, 0.0)], [0.0, 0.0, 0.0, 1.0)]])
0.0, 0.0, 0.0
float3(-0.197707, -0.189696, -1.58389)
193272.056545166
limited(__ObjC.ARCamera.TrackingState.Reason.initializing)
simd_float4x4([[-0.0540287, -0.979364, 0.194719, 0.0)], [0.983348, -0.0183011, 0.180807, 0.0)], [-0.173513, 0.201245, 0.964045, 0.0)], [0.0, 0.0, 0.0, 1.0)]])
0.0, 0.0, 0.0
float3(-0.202629, -0.178078, -1.58948)
193272.1565965
limited(__ObjC.ARCamera.TrackingState.Reason.initializing)
simd_float4x4([[-0.0561648, -0.977734, 0.202166, 0.0)], [0.987237, -0.0241633, 0.157412, 0.0)], [-0.149023, 0.208427, 0.966613, 0.0)], [0.0, 0.0, 0.0, 1.0)]])
0.0, 0.0, 0.0
float3(-0.209966, -0.152966, -1.5955)
193272.256647583
limited(__ObjC.ARCamera.TrackingState.Reason.initializing)
simd_float4x4([[-0.0554314, -0.975105, 0.214677, 0.0)], [0.991093, -0.0276613, 0.130268, 0.0)], [-0.121088, 0.219986, 0.967953, 0.0)], [0.0, 0.0, 0.0, 1.0)]])
0.0, 0.0, 0.0
float3(-0.2218, -0.12445, -1.59916)
193272.356698916
limited(__ObjC.ARCamera.TrackingState.Reason.initializing)
simd_float4x4([[-0.0497512, -0.972412, 0.227878, 0.0)], [0.994529, -0.0272501, 0.100848, 0.0)], [-0.0918565, 0.231648, 0.968448, 0.0)], [0.0, 0.0, 0.0, 1.0)]])
0.0, 0.0, 0.0
float3(-0.233772, -0.0945664, -1.59881)
193272.45675
limited(__ObjC.ARCamera.TrackingState.Reason.initializing)
simd_float4x4([[-0.0461506, -0.970748, 0.235604, 0.0)], [0.996851, -0.0295289, 0.0735992, 0.0)], [-0.0644897, 0.238259, 0.969053, 0.0)], [0.0, 0.0, 0.0, 1.0)]])
0.0, 0.0, 0.0
float3(-0.240572, -0.0664512, -1.60121)
193272.556801291
limited(__ObjC.ARCamera.TrackingState.Reason.initializing)
simd_float4x4([[-0.0407723, -0.969701, 0.240848, 0.0)], [0.99808, -0.0282794, 0.0551035, 0.0)], [-0.0466233, 0.242632, 0.968992, 0.0)], [0.0, 0.0, 0.0, 1.0)]])
0.0, 0.0, 0.0
float3(-0.245078, -0.0480782, -1.59995)
193272.6568525
limited(__ObjC.ARCamera.TrackingState.Reason.initializing)
simd_float4x4([[-0.0334662, -0.9677, 0.249851, 0.0)], [0.998873, -0.0239631, 0.0409817, 0.0)], [-0.0336712, 0.250941, 0.967411, 0.0)], [0.0, 0.0, 0.0, 1.0)]])
0.0, 0.0, 0.0
float3(-0.253653, -0.0347914, -1.59555)
193272.75690375
limited(__ObjC.ARCamera.TrackingState.Reason.initializing)
simd_float4x4([[-0.0325409, -0.965916, 0.256779, 0.0)], [0.999212, -0.0255978, 0.0303369, 0.0)], [-0.0227303, 0.257564, 0.965988, 0.0)], [0.0, 0.0, 0.0, 1.0)]])
0.0, 0.0, 0.0
float3(-0.2605, -0.0235263, -1.59729)
193272.856955041
limited(__ObjC.ARCamera.TrackingState.Reason.initializing)
simd_float4x4([[-0.0348793, -0.96463, 0.261269, 0.0)], [0.999219, -0.0288084, 0.0270314, 0.0)], [-0.0185489, 0.262008, 0.964882, 0.0)], [0.0, 0.0, 0.0, 1.0)]])
0.0, 0.0, 0.0
float3(-0.265102, -0.0192216, -1.60065)
193272.957006125
limited(__ObjC.ARCamera.TrackingState.Reason.initializing)
simd_float4x4([[-0.0344393, -0.96236, 0.269568, 0.0)], [0.999016, -0.0256091, 0.036207, 0.0)], [-0.0279411, 0.27055, 0.962295, 0.0)], [0.0, 0.0, 0.0, 1.0)]])
0.0, 0.0, 0.0
float3(-0.273964, -0.0290277, -1.5974)
193273.057057416
limited(__ObjC.ARCamera.TrackingState.Reason.initializing)
simd_float4x4([[-0.0363389, -0.958632, 0.282301, 0.0)], [0.998465, -0.0230155, 0.0503708, 0.0)], [-0.0417902, 0.283698, 0.957997, 0.0)], [0.0, 0.0, 0.0, 1.0)]])
0.0, 0.0, 0.0
float3(-0.287649, -0.0435948, -1.5948)
193273.157108666
limited(__ObjC.ARCamera.TrackingState.Reason.initializing)
simd_float4x4([[-0.039503, -0.954895, 0.294286, 0.0)], [0.997144, -0.0186984, 0.0731784, 0.0)], [-0.0643756, 0.296336, 0.952906, 0.0)], [0.0, 0.0, 0.0, 1.0)]])
0.0, 0.0, 0.0
float3(-0.300854, -0.0674546, -1.59038)
193273.257159875
limited(__ObjC.ARCamera.TrackingState.Reason.initializing)
simd_float4x4([[-0.0474398, -0.952529, 0.300712, 0.0)], [0.99414, -0.0157499, 0.106946, 0.0)], [-0.097134, 0.304023, 0.947694, 0.0)], [0.0, 0.0, 0.0, 1.0)]])
0.0, 0.0, 0.0
float3(-0.308913, -0.102138, -1.58733)
193273.357211166
limited(__ObjC.ARCamera.TrackingState.Reason.initializing)
simd_float4x4([[-0.0604822, -0.952105, 0.299713, 0.0)], [0.987324, -0.0129246, 0.158187, 0.0)], [-0.146738, 0.305481, 0.940818, 0.0)], [0.0, 0.0, 0.0, 1.0)]])
0.0, 0.0, 0.0
float3(-0.310444, -0.154722, -1.58437)
193273.457262416
limited(__ObjC.ARCamera.TrackingState.Reason.initializing)
simd_float4x4([[-0.0779209, -0.951972, 0.296084, 0.0)], [0.974574, -0.010154, 0.223837, 0.0)], [-0.210082, 0.305998, 0.928558, 0.0)], [0.0, 0.0, 0.0, 1.0)]])
0.0, 0.0, 0.0
float3(-0.310986, -0.222499, -1.58146)
193273.557313708
limited(__ObjC.ARCamera.TrackingState.Reason.initializing)
simd_float4x4([[-0.0983371, -0.952124, 0.289448, 0.0)], [0.954242, -0.00768086, 0.298934, 0.0)], [-0.282401, 0.3056, 0.909312, 0.0)], [0.0, 0.0, 0.0, 1.0)]])
0.0, 0.0, 0.0
float3(-0.310569, -0.301122, -1.57886)
193273.657364875
limited(__ObjC.ARCamera.TrackingState.Reason.initializing)
simd_float4x4([[-0.120942, -0.953592, 0.275725, 0.0)], [0.924372, -0.00695038, 0.381429, 0.0)], [-0.361814, 0.301004, 0.882313, 0.0)], [0.0, 0.0, 0.0, 1.0)]])
0.0, 0.0, 0.0
float3(-0.305745, -0.38916, -1.57808)
193273.757416
limited(__ObjC.ARCamera.TrackingState.Reason.initializing)
simd_float4x4([[-0.140441, -0.955602, 0.259017, 0.0)], [0.888705, -0.00635269, 0.458435, 0.0)], [-0.436439, 0.294573, 0.85014, 0.0)], [0.0, 0.0, 0.0, 1.0)]])
0.0, 0.0, 0.0
float3(-0.299009, -0.474289, -1.57744)
193273.857467291
limited(__ObjC.ARCamera.TrackingState.Reason.initializing)
simd_float4x4([[-0.149622, -0.957307, 0.247319, 0.0)], [0.853986, 0.000941381, 0.520294, 0.0)], [-0.498317, 0.289055, 0.817385, 0.0)], [0.0, 0.0, 0.0, 1.0)]])
0.0, 0.0, 0.0
float3(-0.29324, -0.547484, -1.56981)
193273.9575185
limited(__ObjC.ARCamera.TrackingState.Reason.initializing)
simd_float4x4([[-0.154693, -0.95929, 0.236272, 0.0)], [0.832566, 0.00216946, 0.553919, 0.0)], [-0.531885, 0.2824, 0.798336, 0.0)], [0.0, 0.0, 0.0, 1.0)]])
0.0, 0.0, 0.0
float3(-0.286295, -0.587709, -1.56853)
193274.057569916
limited(__ObjC.ARCamera.TrackingState.Reason.initializing)
simd_float4x4([[-0.152059, -0.961726, 0.227932, 0.0)], [0.834732, -0.00147548, 0.550652, 0.0)], [-0.529243, 0.273995, 0.803007, 0.0)], [0.0, 0.0, 0.0, 1.0)]])
0.0, 0.0, 0.0
float3(-0.277544, -0.58273, -1.57233)
193274.157621
limited(__ObjC.ARCamera.TrackingState.Reason.initializing)
simd_float4x4([[-0.139952, -0.964264, 0.224944, 0.0)], [0.857909, -0.00466378, 0.513779, 0.0)], [-0.494372, 0.264886, 0.827903, 0.0)], [0.0, 0.0, 0.0, 1.0)]])
0.0, 0.0, 0.0
float3(-0.268086, -0.538312, -1.57563)
193274.257672416
limited(__ObjC.ARCamera.TrackingState.Reason.initializing)
simd_float4x4([[-0.12392, -0.967312, 0.221231, 0.0)], [0.892496, -0.0112095, 0.450915, 0.0)], [-0.433698, 0.253326, 0.86471, 0.0)], [0.0, 0.0, 0.0, 1.0)]])
0.0, 0.0, 0.0
float3(-0.256117, -0.464889, -1.58238)
193274.357723541
limited(__ObjC.ARCamera.TrackingState.Reason.initializing)
simd_float4x4([[-0.104323, -0.969644, 0.221132, 0.0)], [0.927553, -0.0146388, 0.373404, 0.0)], [-0.358834, 0.244067, 0.900923, 0.0)], [0.0, 0.0, 0.0, 1.0)]])
0.0, 0.0, 0.0
float3(-0.246558, -0.379036, -1.58589)
193274.457774625
limited(__ObjC.ARCamera.TrackingState.Reason.initializing)
simd_float4x4([[-0.0827143, -0.97127, 0.223125, 0.0)], [0.959476, -0.017096, 0.28127, 0.0)], [-0.269376, 0.237349, 0.933324, 0.0)], [0.0, 0.0, 0.0, 1.0)]])
0.0, 0.0, 0.0
float3(-0.239636, -0.280984, -1.5884)
193274.557825958
normal
simd_float4x4([[-0.0500461, -0.972085, 0.229228, 0.0)], [0.981634, -0.00557013, 0.190693, 0.0)], [-0.184093, 0.234561, 0.954511, 0.0)], [-0.0282222, 0.00237481, -0.00906542, 1.0)]])
-0.0282222, 0.00237481, -0.00906542
float3(-0.236767, -0.190527, -1.57653)
193274.657877208
normal
simd_float4x4([[-0.0297404, -0.973277, 0.227701, 0.0)], [0.995163, -0.00749375, 0.097949, 0.0)], [-0.0936251, 0.229512, 0.968792, 0.0)], [-0.0676776, 0.0062944, -0.0187263, 1.0)]])
-0.0676776, 0.0062944, -0.0187263
float3(-0.231577, -0.0963419, -1.5785)
193274.757928625
normal
simd_float4x4([[-0.0127931, -0.974151, 0.225535, 0.0)], [0.999886, -0.0106644, 0.0106543, 0.0)], [-0.00797374, 0.225646, 0.974177, 0.0)], [-0.10508, 0.00894327, -0.0253593, 1.0)]])
-0.10508, 0.00894327, -0.0253593
float3(-0.227606, -0.00818493, -1.58174)
193274.857979708
normal
simd_float4x4([[-0.00101403, -0.973309, 0.229495, 0.0)], [0.997702, -0.0165311, -0.0657019, 0.0)], [0.0677421, 0.228901, 0.97109, 0.0)], [-0.139899, 0.0100784, -0.0320342, 1.0)]])
-0.139899, 0.0100784, -0.0320342
float3(-0.230948, 0.069646, -1.58778)
193274.958030916
normal
simd_float4x4([[0.0062641, -0.973654, 0.227945, 0.0)], [0.992443, -0.0218824, -0.120743, 0.0)], [0.12255, 0.226978, 0.966159, 0.0)], [-0.167586, 0.0121654, -0.0349769, 1.0)]])
-0.167586, 0.0121654, -0.0349769
float3(-0.228974, 0.126168, -1.59327)
193275.05808225
normal
simd_float4x4([[0.00712732, -0.975013, 0.222032, 0.0)], [0.988393, -0.0268269, -0.149533, 0.0)], [0.151753, 0.220521, 0.963505, 0.0)], [-0.184037, 0.0142969, -0.036457, 1.0)]])
-0.184037, 0.0142969, -0.036457
float3(-0.222348, 0.156218, -1.5983)
193275.158133333
normal
simd_float4x4([[0.00379151, -0.97731, 0.211779, 0.0)], [0.98768, -0.0294717, -0.153688, 0.0)], [0.156442, 0.209753, 0.965158, 0.0)], [-0.187494, 0.017808, -0.0349711, 1.0)]])
-0.187494, 0.017808, -0.0349711
float3(-0.211322, 0.160692, -1.60094)
193275.258184666
normal
simd_float4x4([[-0.00312526, -0.980954, 0.194216, 0.0)], [0.990214, -0.0301331, -0.136263, 0.0)], [0.13952, 0.19189, 0.971449, 0.0)], [-0.173615, 0.0218885, -0.03046, 1.0)]])
-0.173615, 0.0218885, -0.03046
float3(-0.193087, 0.142645, -1.6015)
193275.358235833
normal
simd_float4x4([[-0.0153233, -0.983695, 0.179189, 0.0)], [0.994846, -0.032964, -0.0958887, 0.0)], [0.100232, 0.176796, 0.979131, 0.0)], [-0.135767, 0.0238881, -0.0237117, 1.0)]])
-0.135767, 0.0238881, -0.0237117
float3(-0.17773, 0.102013, -1.60429)
193275.458287166
normal
simd_float4x4([[-0.0327444, -0.985252, 0.167948, 0.0)], [0.998794, -0.0384068, -0.0305778, 0.0)], [0.0365772, 0.166744, 0.985322, 0.0)], [-0.0908028, 0.0249376, -0.0190745, 1.0)]])
-0.0908028, 0.0249376, -0.0190745
float3(-0.167527, 0.0371051, -1.60976)
193275.558338291
normal
simd_float4x4([[-0.0495046, -0.986074, 0.158766, 0.0)], [0.997251, -0.0400259, 0.0623555, 0.0)], [-0.0551323, 0.161417, 0.985345, 0.0)], [-0.0271395, 0.0256162, -0.00890648, 1.0)]])
-0.0271395, 0.0256162, -0.00890648
float3(-0.162126, -0.055894, -1.61137)
193275.658389541
normal
simd_float4x4([[-0.0625126, -0.986905, 0.148694, 0.0)], [0.983535, -0.0356044, 0.177177, 0.0)], [-0.169563, 0.157322, 0.972882, 0.0)], [0.0462441, 0.0244831, 0.00583145, 1.0)]])
0.0462441, 0.0244831, 0.00583145
float3(-0.157978, -0.172556, -1.60686)
193275.758440875
normal
simd_float4x4([[-0.0748624, -0.987398, 0.139433, 0.0)], [0.952543, -0.0294355, 0.302978, 0.0)], [-0.295056, 0.155497, 0.942742, 0.0)], [0.119356, 0.0250969, 0.0253557, 1.0)]])
0.119356, 0.0250969, 0.0253557
float3(-0.156131, -0.303318, -1.6006)
193275.858492208
normal
simd_float4x4([[-0.0802776, -0.989271, 0.122059, 0.0)], [0.896982, -0.0182919, 0.441689, 0.0)], [-0.434717, 0.144942, 0.888827, 0.0)], [0.182409, 0.0254226, 0.0476614, 1.0)]])
0.182409, 0.0254226, 0.0476614
float3(-0.145454, -0.454882, -1.58928)
193275.9585435
normal
simd_float4x4([[-0.10258, -0.988472, 0.111359, 0.0)], [0.819144, -0.0204291, 0.573225, 0.0)], [-0.564341, 0.15002, 0.811796, 0.0)], [0.239352, 0.0223333, 0.0710177, 1.0)]])
0.239352, 0.0223333, 0.0710177
float3(-0.150589, -0.607481, -1.59146)
193276.058594708
normal
simd_float4x4([[-0.120922, -0.988556, 0.0901985, 0.0)], [0.71826, -0.0244134, 0.695347, 0.0)], [-0.685187, 0.148868, 0.712992, 0.0)], [0.28592, 0.0220671, 0.0928496, 1.0)]])
0.28592, 0.0220671, 0.0928496
float3(-0.149424, -0.765514, -1.59549)
193276.158645791
normal
simd_float4x4([[-0.140471, -0.986815, 0.0804014, 0.0)], [0.600362, -0.0203229, 0.79947, 0.0)], [-0.787295, 0.160572, 0.595301, 0.0)], [0.326963, 0.0189698, 0.109825, 1.0)]])
0.326963, 0.0189698, 0.109825
float3(-0.161271, -0.923381, -1.59139)
193276.25869725
normal
simd_float4x4([[-0.15411, -0.986737, 0.0509949, 0.0)], [0.457953, -0.0256, 0.888608, 0.0)], [-0.875517, 0.160296, 0.455824, 0.0)], [0.361457, 0.0179256, 0.125517, 1.0)]])
0.361457, 0.0179256, 0.125517
float3(-0.160991, -1.09078, -1.59673)
193276.358748333
normal
simd_float4x4([[-0.148609, -0.988751, 0.0169163, 0.0)], [0.287415, -0.0268179, 0.957431, 0.0)], [-0.946207, 0.147145, 0.288167, 0.0)], [0.38679, 0.0196861, 0.141995, 1.0)]])
0.38679, 0.0196861, 0.141995
float3(-0.147681, -1.27517, -1.59791)
193276.458799791
normal
simd_float4x4([[-0.136527, -0.990435, -0.0199951, 0.0)], [0.0866073, -0.0320404, 0.995727, 0.0)], [-0.986843, 0.134212, 0.0901532, 0.0)], [0.407026, 0.0240417, 0.159047, 1.0)]])
0.407026, 0.0240417, 0.159047
float3(-0.134618, -1.47969, -1.60313)
193276.558851041
normal
simd_float4x4([[-0.113891, -0.992382, -0.0469724, 0.0)], [-0.125245, -0.0325612, 0.991591, 0.0)], [-0.985567, 0.118816, -0.120582, 0.0)], [0.415547, 0.0299678, 0.171128, 1.0)]])
0.415547, 0.0299678, 0.171128
float3(-0.119098, -1.69254, -1.6036)
193276.65890225
normal
simd_float4x4([[-0.0952565, -0.993916, -0.0552949, 0.0)], [-0.318578, -0.0221878, 0.947637, 0.0)], [-0.943098, 0.107884, -0.314527, 0.0)], [0.409248, 0.0359706, 0.178367, 1.0)]])
0.409248, 0.0359706, 0.178367
float3(-0.108095, -1.8927, -1.59312)
193276.758953375
normal
simd_float4x4([[-0.0656672, -0.995812, -0.0636068, 0.0)], [-0.506259, -0.0216821, 0.862109, 0.0)], [-0.859878, 0.0888138, -0.502715, 0.0)], [0.390512, 0.0421442, 0.186413, 1.0)]])
0.390512, 0.0421442, 0.186413
float3(-0.088931, -2.09984, -1.59257)
193276.859004583
normal
simd_float4x4([[-0.0386419, -0.997209, -0.0638898, 0.0)], [-0.684409, -0.0201735, 0.728819, 0.0)], [-0.728074, 0.0718897, -0.681719, 0.0)], [0.357526, 0.0476344, 0.190286, 1.0)]])
0.357526, 0.0476344, 0.190286
float3(-0.0719517, -2.32333, -1.59102)
193276.959055916
normal
simd_float4x4([[-0.0222507, -0.998358, -0.052791, 0.0)], [-0.826503, -0.0113401, 0.562818, 0.0)], [-0.562493, 0.056155, -0.824893, 0.0)], [0.312699, 0.0526903, 0.185349, 1.0)]])
0.312699, 0.0526903, 0.185349
float3(-0.0561845, -2.54312, -1.58215)
193277.059107125
normal
simd_float4x4([[-0.0105463, -0.998882, -0.0460773, 0.0)], [-0.921804, -0.00814568, 0.38757, 0.0)], [-0.387513, 0.0465617, -0.920688, 0.0)], [0.261412, 0.0573958, 0.167641, 1.0)]])
0.261412, 0.0573958, 0.167641
float3(-0.0465785, -2.7432, -1.57895)
193277.159158583
normal
simd_float4x4([[-0.00490891, -0.999406, -0.0341016, 0.0)], [-0.973083, -0.00308317, 0.230433, 0.0)], [-0.230401, 0.0343149, -0.972491, 0.0)], [0.211684, 0.0606153, 0.130867, 1.0)]])
0.211684, 0.0606153, 0.130867
float3(-0.0343216, -2.90896, -1.57388)
193277.25920975
normal
simd_float4x4([[-0.0077412, -0.999736, -0.021617, 0.0)], [-0.993241, 0.00518367, 0.115954, 0.0)], [-0.115811, 0.0223685, -0.993019, 0.0)], [0.168918, 0.0659551, 0.0801136, 1.0)]])
0.168918, 0.0659551, 0.0801136
float3(-0.0223704, -3.02549, -1.56561)
193277.359261
normal
simd_float4x4([[-0.00551221, -0.999956, -0.00756951, 0.0)], [-0.998839, 0.00514342, 0.0479046, 0.0)], [-0.0478635, 0.00782478, -0.998823, 0.0)], [0.133543, 0.0690054, 0.021087, 1.0)]])
0.133543, 0.0690054, 0.021087
float3(-0.00782486, -3.09371, -1.56565)
193277.459312208
normal
simd_float4x4([[0.000890801, -0.999999, 0.000505063, 0.0)], [-0.999828, -0.000881277, 0.018554, 0.0)], [-0.0185536, -0.000521504, -0.999828, 0.0)], [0.0990557, 0.0713627, -0.0393652, 1.0)]])
0.0990557, 0.0713627, -0.0393652
float3(0.000521504, -3.12304, -1.57168)
193277.5593635
normal
simd_float4x4([[0.00396629, -0.999966, 0.00723903, 0.0)], [-0.999959, -0.00390709, 0.00817357, 0.0)], [-0.00814501, -0.00727115, -0.99994, 0.0)], [0.0595308, 0.0753346, -0.0998435, 1.0)]])
0.0595308, 0.0753346, -0.0998435
float3(0.00727122, -3.13345, -1.5747)
193277.659414791
normal
simd_float4x4([[-4.29768e-05, -0.999957, 0.00927806, 0.0)], [-1.0, 4.85158e-05, 0.000596765, 0.0)], [-0.000597193, -0.00927803, -0.999957, 0.0)], [0.0239018, 0.0803522, -0.158323, 1.0)]])
0.0239018, 0.0803522, -0.158323
float3(0.00927816, -3.141, -1.57075)
193277.759466
normal
simd_float4x4([[-0.00407649, -0.999975, 0.0057454, 0.0)], [-0.999973, 0.00404096, -0.00618245, 0.0)], [0.00615908, -0.00577045, -0.999964, 0.0)], [-0.00224304, 0.0839646, -0.20225, 1.0)]])
-0.00224304, 0.0839646, -0.20225
float3(0.00577048, 3.13543, -1.56676)
193277.859484166
normal
simd_float4x4([[-0.00673183, -0.999975, -0.00208281, 0.0)], [-0.999874, 0.00676103, -0.0143469, 0.0)], [0.0143606, 0.00198597, -0.999895, 0.0)], [-0.0194225, 0.0905997, -0.212382, 1.0)]])
-0.0194225, 0.0905997, -0.212382
float3(-0.00198597, 3.12723, -1.56404)
193277.97613325
normal
simd_float4x4([[-0.00479246, -0.999988, -0.00112913, 0.0)], [-0.9998, 0.0048135, -0.019433, 0.0)], [0.0194381, 0.00103577, -0.999811, 0.0)], [-0.01457, 0.0946666, -0.193791, 1.0)]])
-0.01457, 0.0946666, -0.193791
float3(-0.00103577, 3.12215, -1.56598)
193278.09278225
normal
simd_float4x4([[-0.00959139, -0.999927, -0.00729302, 0.0)], [-0.999799, 0.00971827, -0.0175662, 0.0)], [0.0176358, 0.00712306, -0.999819, 0.0)], [0.0517164, 0.0906203, -0.0614624, 1.0)]])
0.0517164, 0.0906203, -0.0614624
float3(-0.00712312, 3.12396, -1.56108)
193278.209431416
normal
simd_float4x4([[-0.00683525, -0.999975, 0.00193507, 0.0)], [-0.999817, 0.00679955, -0.0178949, 0.0)], [0.0178813, -0.00205703, -0.999838, 0.0)], [0.0645136, 0.0904801, -0.071367, 1.0)]])
0.0645136, 0.0904801, -0.071367
float3(0.00205703, 3.12371, -1.564)
193278.326080333
normal
simd_float4x4([[-0.00735094, -0.99997, 0.00248766, 0.0)], [-0.999972, 0.00735384, 0.00116084, 0.0)], [-0.00117911, -0.00247905, -0.999996, 0.0)], [0.0514776, 0.0754332, -0.0805874, 1.0)]])
0.0514776, 0.0754332, -0.0805874
float3(0.00247906, -3.14041, -1.56344)
193278.442729416
normal
simd_float4x4([[-0.00890899, -0.99996, 0.00108379, 0.0)], [-0.999959, 0.00891053, 0.00142985, 0.0)], [-0.00143945, -0.00107101, -0.999998, 0.0)], [0.0581492, 0.074015, -0.0799859, 1.0)]])
0.0581492, 0.074015, -0.0799859
float3(0.00107101, -3.14015, -1.56189)
193278.559378666
normal
simd_float4x4([[-0.010283, -0.999946, 0.00117467, 0.0)], [-0.999947, 0.0102839, 0.000790432, 0.0)], [-0.000802474, -0.00116648, -0.999999, 0.0)], [0.0615953, 0.0740534, -0.0787711, 1.0)]])
0.0615953, 0.0740534, -0.0787711
float3(0.00116648, -3.14079, -1.56051)
193278.67602775
normal
simd_float4x4([[-0.0108437, -0.999931, 0.0044383, 0.0)], [-0.999941, 0.0108382, -0.0012476, 0.0)], [0.0011994, -0.00445156, -0.999989, 0.0)], [0.060669, 0.0752899, -0.080101, 1.0)]])
0.060669, 0.0752899, -0.080101
float3(0.00445158, 3.14039, -1.55996)
193278.79267675
normal
simd_float4x4([[-0.0109822, -0.999867, 0.0120355, 0.0)], [-0.999938, 0.0109592, -0.00197635, 0.0)], [0.00184418, -0.0120564, -0.999926, 0.0)], [0.0597159, 0.0769357, -0.084481, 1.0)]])
0.0597159, 0.0769357, -0.084481
float3(0.0120567, 3.13975, -1.55984)
193278.909325875
normal
simd_float4x4([[-0.00708585, -0.999884, 0.0134608, 0.0)], [-0.999975, 0.00707525, -0.000834754, 0.0)], [0.000739415, -0.0134664, -0.999909, 0.0)], [0.0607802, 0.0772035, -0.0844983, 1.0)]])
0.0607802, 0.0772035, -0.0844983
float3(0.0134668, 3.14085, -1.56372)
193279.025975
normal
simd_float4x4([[-0.00494929, -0.999902, 0.0131001, 0.0)], [-0.999928, 0.0050914, 0.0108375, 0.0)], [-0.0109031, -0.0130455, -0.999855, 0.0)], [0.0665539, 0.0769561, -0.0825976, 1.0)]])
0.0665539, 0.0769561, -0.0825976
float3(0.0130459, -3.13069, -1.5657)
193279.142624125
normal
simd_float4x4([[-0.00399172, -0.999934, 0.0107502, 0.0)], [-0.999288, 0.00439187, 0.0374592, 0.0)], [-0.037504, -0.010593, -0.99924, 0.0)], [0.076786, 0.0770834, -0.0802503, 1.0)]])
0.076786, 0.0770834, -0.0802503
float3(0.0105932, -3.10408, -1.5664)
193279.259273166
normal
simd_float4x4([[-0.00201263, -0.999947, 0.0100593, 0.0)], [-0.997595, 0.00270467, 0.0692632, 0.0)], [-0.0692868, -0.0098957, -0.997548, 0.0)], [0.0877917, 0.0766844, -0.0787839, 1.0)]])
0.0877917, 0.0766844, -0.0787839
float3(0.00989586, -3.07225, -1.56809)
193279.375922375
normal
simd_float4x4([[-0.00561263, -0.999971, 0.00520162, 0.0)], [-0.994253, 0.00613651, 0.10688, 0.0)], [-0.106909, -0.00457185, -0.994258, 0.0)], [0.0999211, 0.0758829, -0.0759591, 1.0)]])
0.0999211, 0.0758829, -0.0759591
float3(0.00457186, -3.03448, -1.56466)
193279.492571458
normal
simd_float4x4([[-0.0031301, -0.999981, 0.00537388, 0.0)], [-0.991162, 0.00381511, 0.132604, 0.0)], [-0.132622, -0.00491131, -0.991154, 0.0)], [0.108271, 0.0746985, -0.0746491, 1.0)]])
0.108271, 0.0746985, -0.0746491
float3(0.00491133, -3.00858, -1.56698)
193279.6092205
normal
simd_float4x4([[-0.00582617, -0.99998, 0.0023064, 0.0)], [-0.986864, 0.0061221, 0.161438, 0.0)], [-0.161449, -0.00133554, -0.98688, 0.0)], [0.1167, 0.0742622, -0.0692421, 1.0)]])
0.1167, 0.0742622, -0.0692421
float3(0.00133554, -2.97943, -1.56467)
193279.7258695
normal
simd_float4x4([[-0.00559887, -0.999972, -0.00501323, 0.0)], [-0.981857, 0.00454707, 0.189568, 0.0)], [-0.18954, 0.00598364, -0.981855, 0.0)], [0.128196, 0.0726454, -0.0592744, 1.0)]])
0.128196, 0.0726454, -0.0592744
float3(-0.00598368, -2.9509, -1.56625)
193279.84251875
normal
simd_float4x4([[-0.0097668, -0.999878, -0.0121546, 0.0)], [-0.974715, 0.00680596, 0.223348, 0.0)], [-0.223238, 0.0140287, -0.974663, 0.0)], [0.14519, 0.0715107, -0.04485, 1.0)]])
0.14519, 0.0715107, -0.04485
float3(-0.0140292, -2.91643, -1.56399)
193279.959167958
normal
simd_float4x4([[-0.0206739, -0.999546, -0.0218986, 0.0)], [-0.965619, 0.0142854, 0.25957, 0.0)], [-0.259139, 0.0265121, -0.965476, 0.0)], [0.172904, 0.0690252, -0.0255509, 1.0)]])
0.172904, 0.0690252, -0.0255509
float3(-0.0265152, -2.87937, -1.55651)
193280.075828
normal
simd_float4x4([[-0.0385428, -0.998694, -0.0335495, 0.0)], [-0.948915, 0.0260581, 0.314454, 0.0)], [-0.313169, 0.0439555, -0.94868, 0.0)], [0.215981, 0.0633051, -0.00280455, 1.0)]])
0.215981, 0.0633051, -0.00280455
float3(-0.0439697, -2.82275, -1.54471)
193280.175879375
normal
simd_float4x4([[-0.0501855, -0.997826, -0.042714, 0.0)], [-0.925166, 0.0303351, 0.378349, 0.0)], [-0.376231, 0.0585051, -0.924677, 0.0)], [0.266561, 0.057775, 0.0176022, 1.0)]])
0.266561, 0.057775, 0.0176022
float3(-0.0585386, -2.75517, -1.5404)
193280.275930708
normal
simd_float4x4([[-0.0602097, -0.997232, -0.0436276, 0.0)], [-0.890553, 0.0339238, 0.453613, 0.0)], [-0.450877, 0.0661646, -0.89013, 0.0)], [0.327959, 0.0554972, 0.0337898, 1.0)]])
0.327959, 0.0554972, 0.0337898
float3(-0.0662129, -2.67274, -1.53679)
193280.375981916
normal
simd_float4x4([[-0.0576406, -0.997219, -0.0472334, 0.0)], [-0.843489, 0.0233368, 0.536639, 0.0)], [-0.534045, 0.070773, -0.842489, 0.0)], [0.391534, 0.0535722, 0.043339, 1.0)]])
0.391534, 0.0535722, 0.043339
float3(-0.0708322, -2.57663, -1.5474)
193280.476033125
normal
simd_float4x4([[-0.0647858, -0.996252, -0.0573061, 0.0)], [-0.772332, 0.013694, 0.635072, 0.0)], [-0.631907, 0.0854029, -0.770324, 0.0)], [0.459233, 0.0513872, 0.0494529, 1.0)]])
0.459233, 0.0513872, 0.0494529
float3(-0.0855071, -2.45459, -1.55705)
193280.576084708
normal
simd_float4x4([[-0.0677735, -0.995609, -0.0645686, 0.0)], [-0.681479, -0.00107223, 0.731837, 0.0)], [-0.728693, 0.0936013, -0.678414, 0.0)], [0.525281, 0.0479814, 0.0440625, 1.0)]])
0.525281, 0.0479814, 0.0440625
float3(-0.0937385, -2.32048, -1.57187)
193280.676135875
normal
simd_float4x4([[-0.0872744, -0.993242, -0.0765109, 0.0)], [-0.570458, -0.0131348, 0.821222, 0.0)], [-0.816677, 0.115318, -0.565456, 0.0)], [0.60077, 0.0415831, 0.0402399, 1.0)]])
0.60077, 0.0415831, 0.0402399
float3(-0.115575, -2.17639, -1.58402)
193280.776187333
normal
simd_float4x4([[-0.117002, -0.990235, -0.0757925, 0.0)], [-0.46639, -0.0125921, 0.884489, 0.0)], [-0.876807, 0.138836, -0.460363, 0.0)], [0.678099, 0.0321754, 0.0327753, 1.0)]])
0.678099, 0.0321754, 0.0327753
float3(-0.139286, -2.05428, -1.58351)
193280.8762385
normal
simd_float4x4([[-0.155168, -0.985084, -0.0743796, 0.0)], [-0.371994, -0.0114865, 0.928164, 0.0)], [-0.915174, 0.17169, -0.364663, 0.0)], [0.762548, 0.0182824, 0.0339517, 1.0)]])
0.762548, 0.0182824, 0.0339517
float3(-0.172545, -1.94998, -1.58246)
193280.97628975
normal
simd_float4x4([[-0.180445, -0.981786, -0.0594666, 0.0)], [-0.28644, -0.00538543, 0.958083, 0.0)], [-0.940953, 0.189915, -0.280251, 0.0)], [0.849564, 0.00296811, 0.0361199, 1.0)]])
0.849564, 0.00296811, 0.0361199
float3(-0.191075, -1.86027, -1.57628)
193281.076341125
normal
simd_float4x4([[-0.193701, -0.980239, -0.040136, 0.0)], [-0.2167, 0.00284915, 0.976234, 0.0)], [-0.956829, 0.197795, -0.212969, 0.0)], [0.941088, -0.00687163, 0.0428943, 1.0)]])
0.941088, -0.00687163, 0.0428943
float3(-0.199108, -1.7898, -1.56789)
193281.176392458
normal
simd_float4x4([[-0.20904, -0.977561, -0.0260077, 0.0)], [-0.154802, 0.00681928, 0.987922, 0.0)], [-0.965577, 0.210542, -0.152754, 0.0)], [1.03962, -0.0025769, 0.0527547, 1.0)]])
1.03962, -0.0025769, 0.0527547
float3(-0.212129, -1.7277, -1.56382)
193281.276443916
normal
simd_float4x4([[-0.188306, -0.981937, -0.0184754, 0.0)], [-0.0876331, -0.00193744, 0.996151, 0.0)], [-0.978193, 0.1892, -0.0856854, 0.0)], [1.13241, 0.00725024, 0.0606844, 1.0)]])
1.13241, 0.00725024, 0.0606844
float3(-0.190347, -1.65817, -1.57277)
193281.376495041
normal
simd_float4x4([[-0.205361, -0.978677, -0.00416724, 0.0)], [-0.0390024, 0.00392932, 0.999231, 0.0)], [-0.977909, 0.205366, -0.0389777, 0.0)], [1.22768, 0.0106577, 0.0604277, 1.0)]])
1.22768, 0.0106577, 0.0604277
float3(-0.206837, -1.61063, -1.56678)
193281.476546583
normal
simd_float4x4([[-0.20249, -0.979233, 0.0100036, 0.0)], [-0.00140723, 0.0105062, 0.999944, 0.0)], [-0.979283, 0.202464, -0.00350541, 0.0)], [1.32422, 0.00658419, 0.0585638, 1.0)]])
1.32422, 0.00658419, 0.0585638
float3(-0.203874, -1.57438, -1.56007)
193281.576597833
normal
simd_float4x4([[-0.19436, -0.980698, 0.0213591, 0.0)], [0.0135136, 0.0190953, 0.999726, 0.0)], [-0.980837, 0.194595, 0.00954138, 0.0)], [1.42753, -0.00742694, 0.0541131, 1.0)]])
1.42753, -0.00742694, 0.0541131
float3(-0.195845, -1.56107, -1.55133)
193281.676648958
normal
simd_float4x4([[-0.194206, -0.980691, 0.0230227, 0.0)], [0.0153556, 0.0204275, 0.999673, 0.0)], [-0.980841, 0.194496, 0.0110919, 0.0)], [1.54046, -0.018562, 0.0492751, 1.0)]])
1.54046, -0.018562, 0.0492751
float3(-0.195744, -1.55949, -1.54997)
193281.7767005
normal
simd_float4x4([[-0.200336, -0.979561, 0.0180287, 0.0)], [0.00138309, 0.0181189, 0.999835, 0.0)], [-0.979726, 0.200328, -0.00227506, 0.0)], [1.65451, -0.0156884, 0.0465319, 1.0)]])
1.65451, -0.0156884, 0.0465319
float3(-0.201693, -1.57312, -1.5523)
193281.876751708
normal
simd_float4x4([[-0.207087, -0.978321, -0.00163347, 0.0)], [-0.00327471, -0.000976481, 0.999994, 0.0)], [-0.978317, 0.207091, -0.0030015, 0.0)], [1.76374, -0.00386339, 0.0476386, 1.0)]])
1.76374, -0.00386339, 0.0476386
float3(-0.208601, -1.57386, -1.57179)
193281.976803166
normal
simd_float4x4([[-0.220746, -0.975322, -0.00415131, 0.0)], [-0.00436437, -0.00326849, 0.999985, 0.0)], [-0.975321, 0.220761, -0.00353516, 0.0)], [1.87209, 0.00694884, 0.0491888, 1.0)]])
1.87209, 0.00694884, 0.0491888
float3(-0.222595, -1.57442, -1.57415)
193282.076854291
normal
simd_float4x4([[-0.190171, -0.98156, -0.0193869, 0.0)], [-0.0230071, -0.0152861, 0.999618, 0.0)], [-0.981481, 0.190545, -0.0196758, 0.0)], [1.97985, 0.00131844, 0.0538225, 1.0)]])
1.97985, 0.00131844, 0.0538225
float3(-0.191717, -1.59084, -1.58637)
193282.176905708
normal
simd_float4x4([[-0.184935, -0.982642, -0.0146253, 0.0)], [-0.0238046, -0.0103986, 0.999663, 0.0)], [-0.982462, 0.185221, -0.0214683, 0.0)], [2.09739, -0.0109129, 0.0621502, 1.0)]])
2.09739, -0.0109129, 0.0621502
float3(-0.186296, -1.59264, -1.58138)
193282.276957041
normal
simd_float4x4([[-0.175098, -0.984527, -0.00682178, 0.0)], [-0.0186919, -0.00360338, 0.999819, 0.0)], [-0.984374, 0.175194, -0.0177717, 0.0)], [2.21971, -0.0165068, 0.0755916, 1.0)]])
2.21971, -0.0165068, 0.0755916
float3(-0.176103, -1.58885, -1.57446)
193282.377008333
normal
simd_float4x4([[-0.178686, -0.983889, -0.00577374, 0.0)], [-0.00463944, -0.00502557, 0.999977, 0.0)], [-0.983895, 0.178709, -0.0036667, 0.0)], [2.34198, -0.00654746, 0.0855498, 1.0)]])
2.34198, -0.00654746, 0.0855498
float3(-0.179674, -1.57452, -1.5759)
193282.477059666
normal
simd_float4x4([[-0.174535, -0.984639, -0.00476755, 0.0)], [0.0117594, -0.00692592, 0.999907, 0.0)], [-0.984581, 0.174463, 0.0127876, 0.0)], [2.45987, 0.00738772, 0.0910056, 1.0)]])
2.45987, 0.00738772, 0.0910056
float3(-0.17536, -1.55781, -1.57783)
193282.577110958
normal
simd_float4x4([[-0.161534, -0.986867, -0.00015862, 0.0)], [0.0136703, -0.00239831, 0.999904, 0.0)], [-0.986773, 0.161516, 0.0138782, 0.0)], [2.5814, 0.0073638, 0.0928863, 1.0)]])
2.5814, 0.0073638, 0.0928863
float3(-0.162227, -1.55673, -1.57323)
193282.677162375
normal
simd_float4x4([[-0.151078, -0.988385, 0.0164292, 0.0)], [0.0125257, 0.0147046, 0.999813, 0.0)], [-0.988443, 0.151255, 0.0101586, 0.0)], [2.70978, -0.0106698, 0.0905586, 1.0)]])
2.70978, -0.0106698, 0.0905586
float3(-0.151838, -1.56052, -1.55592)
193282.777213666
normal
simd_float4x4([[-0.156416, -0.987535, 0.0175925, 0.0)], [0.0107818, 0.0161035, 0.999812, 0.0)], [-0.987632, 0.156577, 0.00812855, 0.0)], [2.84473, -0.0282962, 0.0878553, 1.0)]])
2.84473, -0.0282962, 0.0878553
float3(-0.157224, -1.56257, -1.55449)
193282.877264916
normal
simd_float4x4([[-0.184166, -0.982872, 0.00676446, 0.0)], [-0.00160985, 0.0071838, 0.999973, 0.0)], [-0.982894, 0.18415, -0.00290529, 0.0)], [2.98166, -0.0269028, 0.0898012, 1.0)]])
2.98166, -0.0269028, 0.0898012
float3(-0.185207, -1.57375, -1.56349)
193282.977316375
normal
simd_float4x4([[-0.185145, -0.98265, -0.0109274, 0.0)], [-0.0114339, -0.00896486, 0.999894, 0.0)], [-0.982645, 0.185251, -0.00957577, 0.0)], [3.10553, -0.0135529, 0.104056, 1.0)]])
3.10553, -0.0135529, 0.104056
float3(-0.186327, -1.58054, -1.57992)
193283.077367583
normal
simd_float4x4([[-0.192909, -0.980796, -0.0287198, 0.0)], [-0.0463643, -0.0201255, 0.998722, 0.0)], [-0.980121, 0.193994, -0.0415916, 0.0)], [3.23337, -0.0108727, 0.121571, 1.0)]])
3.23337, -0.0108727, 0.121571
float3(-0.195232, -1.61321, -1.59131)
193283.177419083
normal
simd_float4x4([[-0.176364, -0.983072, -0.0496514, 0.0)], [-0.0681348, -0.0381287, 0.996947, 0.0)], [-0.981964, 0.179208, -0.0602569, 0.0)], [3.35942, -0.0249639, 0.1445, 1.0)]])
3.35942, -0.0249639, 0.1445
float3(-0.180182, -1.63208, -1.60956)
193283.277470333
normal
simd_float4x4([[-0.178594, -0.983168, -0.0385239, 0.0)], [-0.0485927, -0.0302922, 0.998359, 0.0)], [-0.982722, 0.180173, -0.0423648, 0.0)], [3.49523, -0.0415085, 0.166659, 1.0)]])
3.49523, -0.0415085, 0.166659
float3(-0.181162, -1.61388, -1.6016)
193283.3775215
normal
simd_float4x4([[-0.184062, -0.982671, -0.0218664, 0.0)], [-0.0182007, -0.0188352, 0.999657, 0.0)], [-0.982746, 0.184397, -0.0144184, 0.0)], [3.63232, -0.040295, 0.188059, 1.0)]])
3.63232, -0.040295, 0.188059
float3(-0.185459, -1.58547, -1.58996)
193283.477573041
normal
simd_float4x4([[-0.19253, -0.981289, 0.00200963, 0.0)], [-0.00011062, 0.00206965, 0.999998, 0.0)], [-0.981291, 0.192529, -0.000507024, 0.0)], [3.75709, -0.0233405, 0.198514, 1.0)]])
3.75709, -0.0233405, 0.198514
float3(-0.193739, -1.57131, -1.56869)
193283.577624291
normal
simd_float4x4([[-0.185985, -0.982463, 0.0132455, 0.0)], [0.0151879, 0.0106045, 0.999828, 0.0)], [-0.982435, 0.186154, 0.0129492, 0.0)], [3.87408, -0.0142661, 0.202911, 1.0)]])
3.87408, -0.0142661, 0.202911
float3(-0.187246, -1.55762, -1.56)
193283.677675708
normal
simd_float4x4([[-0.168766, -0.985174, 0.0308282, 0.0)], [0.0194003, 0.0279506, 0.999421, 0.0)], [-0.985465, 0.169266, 0.0143955, 0.0)], [3.99298, -0.0247827, 0.200902, 1.0)]])
3.99298, -0.0247827, 0.200902
float3(-0.170085, -1.55619, -1.54243)
193283.777726958
normal
simd_float4x4([[-0.140361, -0.989744, 0.0265635, 0.0)], [0.0145013, 0.0247712, 0.999588, 0.0)], [-0.989994, 0.140688, 0.0108756, 0.0)], [4.11498, -0.0420183, 0.199239, 1.0)]])
4.11498, -0.0420183, 0.199239
float3(-0.141157, -1.55981, -1.54577)
193283.877778333
normal
simd_float4x4([[-0.152495, -0.987973, 0.025588, 0.0)], [0.0089842, 0.024504, 0.999659, 0.0)], [-0.988263, 0.152673, 0.00513942, 0.0)], [4.24546, -0.047087, 0.197914, 1.0)]])
4.24546, -0.047087, 0.197914
float3(-0.153272, -1.5656, -1.546)
193283.977829625
normal
simd_float4x4([[-0.172427, -0.985016, 0.00339902, 0.0)], [0.00880421, 0.00190941, 0.999959, 0.0)], [-0.984983, 0.17245, 0.00834305, 0.0)], [4.37124, -0.0351054, 0.204603, 1.0)]])
4.37124, -0.0351054, 0.204603
float3(-0.173316, -1.56233, -1.56886)
193284.077880875
normal
simd_float4x4([[-0.172791, -0.984823, -0.0163729, 0.0)], [-0.00919221, -0.0150099, 0.999845, 0.0)], [-0.984916, 0.172914, -0.00645913, 0.0)], [4.49078, -0.0215482, 0.218336, 1.0)]])
4.49078, -0.0215482, 0.218336
float3(-0.173788, -1.57735, -1.58604)
193284.177932375
normal
simd_float4x4([[-0.148142, -0.98824, -0.0378832, 0.0)], [-0.0254927, -0.0344773, 0.99908, 0.0)], [-0.988638, 0.148972, -0.0200854, 0.0)], [4.61403, -0.0254274, 0.233655, 1.0)]])
4.61403, -0.0254274, 0.233655
float3(-0.149528, -1.59111, -1.60567)
193284.277983541
normal
simd_float4x4([[-0.120335, -0.99207, -0.0362814, 0.0)], [-0.0218794, -0.0338878, 0.999186, 0.0)], [-0.992492, 0.121031, -0.017628, 0.0)], [4.74463, -0.0385665, 0.25158, 1.0)]])
4.74463, -0.0385665, 0.25158
float3(-0.121328, -1.58856, -1.60494)
193284.378035166
normal
simd_float4x4([[-0.104496, -0.994139, -0.0277162, 0.0)], [-0.025876, -0.0251416, 0.999349, 0.0)], [-0.994189, 0.105145, -0.0230972, 0.0)], [4.87919, -0.0434939, 0.268198, 1.0)]])
4.87919, -0.0434939, 0.268198
float3(-0.10534, -1.59402, -1.59608)
193284.478086333
normal
simd_float4x4([[-0.0850795, -0.996289, -0.0129883, 0.0)], [-0.00980613, -0.0121977, 0.999878, 0.0)], [-0.996326, 0.0851965, -0.00873198, 0.0)], [5.00507, -0.0310917, 0.281463, 1.0)]])
5.00507, -0.0310917, 0.281463
float3(-0.0852999, -1.57956, -1.58304)
193284.578137708
normal
simd_float4x4([[-0.103855, -0.994499, -0.0136432, 0.0)], [-0.0116001, -0.0125053, 0.999855, 0.0)], [-0.994525, 0.103998, -0.0102376, 0.0)], [5.13223, -0.0181845, 0.292956, 1.0)]])
5.13223, -0.0181845, 0.292956
float3(-0.104187, -1.58109, -1.58337)
193284.678188958
normal
simd_float4x4([[-0.109474, -0.993873, 0.0152483, 0.0)], [-0.00795398, 0.016216, 0.999837, 0.0)], [-0.993958, 0.109335, -0.00968047, 0.0)], [5.25859, -0.0184904, 0.298234, 1.0)]])
5.25859, -0.0184904, 0.298234
float3(-0.109554, -1.58054, -1.55448)
193284.778240291
normal
simd_float4x4([[-0.081836, -0.996451, 0.0197009, 0.0)], [-0.00770105, 0.0203989, 0.999762, 0.0)], [-0.996616, 0.0816649, -0.00934308, 0.0)], [5.38551, -0.0378503, 0.303744, 1.0)]])
5.38551, -0.0378503, 0.303744
float3(-0.0817559, -1.58017, -1.55033)
193284.878291583
normal
simd_float4x4([[-0.0928331, -0.995356, 0.0254469, 0.0)], [-0.0130277, 0.0267694, 0.999557, 0.0)], [-0.995596, 0.0924604, -0.0154523, 0.0)], [5.51903, -0.0518221, 0.309972, 1.0)]])
5.51903, -0.0518221, 0.309972
float3(-0.0925927, -1.58632, -1.54391)
193284.978343041
normal
simd_float4x4([[-0.0996706, -0.994969, 0.0101039, 0.0)], [-0.0301954, 0.0131743, 0.999457, 0.0)], [-0.994562, 0.0993114, -0.0313566, 0.0)], [5.65067, -0.0423611, 0.322419, 1.0)]])
5.65067, -0.0423611, 0.322419
float3(-0.0994754, -1.60231, -1.55756)
193285.078394458
normal
simd_float4x4([[-0.119495, -0.992811, 0.00691609, 0.0)], [-0.0214367, 0.00954437, 0.999725, 0.0)], [-0.992603, 0.119313, -0.0224231, 0.0)], [5.76505, -0.0298289, 0.340941, 1.0)]])
5.76505, -0.0298289, 0.340941
float3(-0.119598, -1.59338, -1.56118)
193285.178445791
normal
simd_float4x4([[-0.107032, -0.994032, -0.0210633, 0.0)], [-0.0325136, -0.0176743, 0.999315, 0.0)], [-0.993724, 0.107644, -0.0304279, 0.0)], [5.88372, -0.0280489, 0.367049, 1.0)]])
5.88372, -0.0280489, 0.367049
float3(-0.107853, -1.60141, -1.58857)
193285.278497
normal
simd_float4x4([[-0.0820262, -0.995943, -0.0370055, 0.0)], [-0.0379289, -0.0339842, 0.998702, 0.0)], [-0.995908, 0.0833234, -0.0349874, 0.0)], [6.01107, -0.0484982, 0.389379, 1.0)]])
6.01107, -0.0484982, 0.389379
float3(-0.0834201, -1.60591, -1.60491)
193285.378548458
normal
simd_float4x4([[-0.085478, -0.996028, -0.0249261, 0.0)], [-0.0201806, -0.0232817, 0.999525, 0.0)], [-0.996136, 0.0859404, -0.0181103, 0.0)], [6.14288, -0.0587603, 0.409656, 1.0)]])
6.14288, -0.0587603, 0.409656
float3(-0.0860466, -1.58897, -1.59417)
193285.478599583
normal
simd_float4x4([[-0.119308, -0.992752, -0.0144615, 0.0)], [-0.00718861, -0.0137014, 0.99988, 0.0)], [-0.992831, 0.119397, -0.00550183, 0.0)], [6.28464, -0.0471981, 0.431934, 1.0)]])
6.28464, -0.0471981, 0.431934
float3(-0.119683, -1.57634, -1.5846)
193285.578651125
normal
simd_float4x4([[-0.123302, -0.992368, 0.00131525, 0.0)], [0.00735645, 0.000411284, 0.999973, 0.0)], [-0.992342, 0.123309, 0.00724959, 0.0)], [6.41251, -0.0275192, 0.436979, 1.0)]])
6.41251, -0.0275192, 0.436979
float3(-0.123623, -1.56349, -1.57038)
193285.678702416
normal
simd_float4x4([[-0.124709, -0.992058, 0.0163751, 0.0)], [0.0158775, 0.0145065, 0.999769, 0.0)], [-0.992066, 0.12494, 0.0139424, 0.0)], [6.54372, -0.0234071, 0.438281, 1.0)]])
6.54372, -0.0234071, 0.438281
float3(-0.125268, -1.55674, -1.55617)
193285.778753875
normal
simd_float4x4([[-0.0931959, -0.995347, 0.0244889, 0.0)], [0.0212232, 0.0226044, 0.999519, 0.0)], [-0.995422, 0.0936709, 0.0190178, 0.0)], [6.67273, -0.0406988, 0.439123, 1.0)]])
6.67273, -0.0406988, 0.439123
float3(-0.0938084, -1.55169, -1.54809)
193285.878805166
normal
simd_float4x4([[-0.07911, -0.996568, 0.0243833, 0.0)], [0.0186817, 0.0229735, 0.999561, 0.0)], [-0.996691, 0.0795309, 0.0168002, 0.0)], [6.80999, -0.0601646, 0.440359, 1.0)]])
6.80999, -0.0601646, 0.440359
float3(-0.079615, -1.55394, -1.54775)
193285.978856416
normal
simd_float4x4([[-0.116879, -0.99288, 0.0229841, 0.0)], [0.0159307, 0.0212654, 0.999647, 0.0)], [-0.993018, 0.117204, 0.0133318, 0.0)], [6.95331, -0.0588345, 0.440556, 1.0)]])
6.95331, -0.0588345, 0.440556
float3(-0.117474, -1.55737, -1.54938)
193286.078907791
normal
simd_float4x4([[-0.13912, -0.990244, 0.00791141, 0.0)], [0.00606304, 0.0071372, 0.999956, 0.0)], [-0.990257, 0.139162, 0.00501096, 0.0)], [7.09527, -0.045272, 0.446145, 1.0)]])
7.09527, -0.045272, 0.446145
float3(-0.139615, -1.56574, -1.56359)
193286.178959166
normal
simd_float4x4([[-0.131531, -0.99127, -0.00917919, 0.0)], [-0.0134489, -0.00747441, 0.999882, 0.0)], [-0.991221, 0.131639, -0.0123484, 0.0)], [7.22583, -0.0401036, 0.460083, 1.0)]])
7.22583, -0.0401036, 0.460083
float3(-0.132022, -1.58325, -1.57834)
193286.279010583
normal
simd_float4x4([[-0.104576, -0.9939, -0.0350092, 0.0)], [-0.0199372, -0.0331, 0.999253, 0.0)], [-0.994317, 0.105196, -0.0163542, 0.0)], [7.35962, -0.0594446, 0.47784, 1.0)]])
7.35962, -0.0594446, 0.47784
float3(-0.105391, -1.58724, -1.60409)
193286.379061875
normal
simd_float4x4([[-0.0867278, -0.995926, -0.0246979, 0.0)], [0.00281704, -0.0250364, 0.999683, 0.0)], [-0.996228, 0.0866307, 0.00497691, 0.0)], [7.49952, -0.0736249, 0.489252, 1.0)]])
7.49952, -0.0736249, 0.489252
float3(-0.0867394, -1.5658, -1.59593)
193286.479113125
normal
simd_float4x4([[-0.0907727, -0.995839, -0.00811843, 0.0)], [0.0264705, -0.0105619, 0.999594, 0.0)], [-0.99552, 0.0905209, 0.0273191, 0.0)], [7.63877, -0.0638042, 0.500425, 1.0)]])
7.63877, -0.0638042, 0.500425
float3(-0.090645, -1.54336, -1.5814)
193286.579164625
normal
simd_float4x4([[-0.107004, -0.994256, 0.00216389, 0.0)], [0.0346689, -0.00155606, 0.999398, 0.0)], [-0.993654, 0.107014, 0.0346363, 0.0)], [7.77395, -0.0435786, 0.509276, 1.0)]])
7.77395, -0.0435786, 0.509276
float3(-0.10722, -1.53595, -1.57236)
193286.679215958
normal
simd_float4x4([[-0.111125, -0.993683, 0.0156696, 0.0)], [0.0259819, 0.012857, 0.99958, 0.0)], [-0.993467, 0.111485, 0.024389, 0.0)], [7.90363, -0.033464, 0.511124, 1.0)]])
7.90363, -0.033464, 0.511124
float3(-0.111718, -1.54625, -1.55786)
193286.779267375
normal
simd_float4x4([[-0.0809266, -0.99614, 0.0339965, 0.0)], [0.0300026, 0.0316584, 0.999048, 0.0)], [-0.996268, 0.0818696, 0.0273248, 0.0)], [8.03198, -0.045694, 0.511708, 1.0)]])
8.03198, -0.045694, 0.511708
float3(-0.0819613, -1.54338, -1.53903)
193286.879318666
normal
simd_float4x4([[-0.0564758, -0.997756, 0.0359641, 0.0)], [0.0252619, 0.0345821, 0.999083, 0.0)], [-0.998084, 0.0573325, 0.0232522, 0.0)], [8.1619, -0.0604144, 0.511334, 1.0)]])
8.1619, -0.0604144, 0.511334
float3(-0.057364, -1.5475, -1.53615)
193286.979370041
normal
simd_float4x4([[-0.0702067, -0.997379, 0.0174756, 0.0)], [-0.00638858, 0.017968, 0.999818, 0.0)], [-0.997512, 0.0700823, -0.00763332, 0.0)], [8.30328, -0.0612335, 0.516165, 1.0)]])
8.30328, -0.0612335, 0.516165
float3(-0.0701398, -1.57845, -1.55278)
193287.079421416
normal
simd_float4x4([[-0.0785433, -0.996908, 0.00223924, 0.0)], [-0.00285291, 0.00247094, 0.999993, 0.0)], [-0.996907, 0.0785363, -0.00303817, 0.0)], [8.43219, -0.0447048, 0.524366, 1.0)]])
8.43219, -0.0447048, 0.524366
float3(-0.0786173, -1.57384, -1.56832)
193287.179472666
normal
simd_float4x4([[-0.0896195, -0.99597, -0.00334206, 0.0)], [-0.021047, -0.00146099, 0.999777, 0.0)], [-0.995754, 0.0896699, -0.0208312, 0.0)], [8.55803, -0.034415, 0.535983, 1.0)]])
8.55803, -0.034415, 0.535983
float3(-0.0897905, -1.59171, -1.57226)
193287.279524125
normal
simd_float4x4([[-0.0644028, -0.997575, -0.0263705, 0.0)], [-0.0298773, -0.024486, 0.999254, 0.0)], [-0.997477, 0.0651426, -0.0282279, 0.0)], [8.6844, -0.0458728, 0.552453, 1.0)]])
8.6844, -0.0458728, 0.552453
float3(-0.0651888, -1.59909, -1.59534)
193287.379575416
normal
simd_float4x4([[-0.0446564, -0.99885, -0.0174272, 0.0)], [-0.0156873, -0.0167414, 0.999737, 0.0)], [-0.998879, 0.044918, -0.0149216, 0.0)], [8.81592, -0.0594033, 0.566635, 1.0)]])
8.81592, -0.0594033, 0.566635
float3(-0.0449331, -1.58573, -1.58756)
193287.47962675
normal
simd_float4x4([[-0.0432308, -0.999035, -0.00771908, 0.0)], [0.00709489, -0.0080331, 0.999943, 0.0)], [-0.99904, 0.0431736, 0.00743532, 0.0)], [8.95487, -0.0544566, 0.580476, 1.0)]])
8.95487, -0.0544566, 0.580476
float3(-0.043187, -1.56335, -1.57884)
193287.579678166
normal
simd_float4x4([[-0.058724, -0.998173, 0.0142403, 0.0)], [0.00547384, 0.0139428, 0.999888, 0.0)], [-0.998259, 0.0587953, 0.00464506, 0.0)], [9.08476, -0.0393314, 0.589344, 1.0)]])
9.08476, -0.0393314, 0.589344
float3(-0.0588293, -1.56614, -1.55683)
193287.679729666
normal
simd_float4x4([[-0.0768982, -0.996704, 0.0258294, 0.0)], [0.0101471, 0.0251224, 0.999633, 0.0)], [-0.996987, 0.077132, 0.00818178, 0.0)], [9.20945, -0.0308297, 0.595208, 1.0)]])
9.20945, -0.0308297, 0.595208
float3(-0.0772087, -1.56259, -1.5456)
193287.779780791
normal
simd_float4x4([[-0.0729672, -0.996465, 0.041635, 0.0)], [0.00966528, 0.0410378, 0.999111, 0.0)], [-0.997288, 0.0733048, 0.00663669, 0.0)], [9.33289, -0.0436456, 0.596851, 1.0)]])
9.33289, -0.0436456, 0.596851
float3(-0.0733706, -1.56414, -1.52964)
193287.87983225
normal
simd_float4x4([[-0.0671925, -0.997024, 0.0377855, 0.0)], [0.00655785, 0.0374289, 0.999278, 0.0)], [-0.997718, 0.0673918, 0.00402339, 0.0)], [9.46139, -0.0682273, 0.600945, 1.0)]])
9.46139, -0.0682273, 0.600945
float3(-0.0674429, -1.56676, -1.53327)
193287.979883708
normal
simd_float4x4([[-0.0853712, -0.996019, 0.0256358, 0.0)], [-0.00971461, 0.0265606, 0.9996, 0.0)], [-0.996302, 0.085088, -0.0119435, 0.0)], [9.60067, -0.075349, 0.606652, 1.0)]])
9.60067, -0.075349, 0.606652
float3(-0.085191, -1.58278, -1.54414)
193288.079934875
normal
simd_float4x4([[-0.098516, -0.995131, -0.00281006, 0.0)], [-0.0178388, -0.00105735, 0.99984, 0.0)], [-0.994976, 0.0985504, -0.0176478, 0.0)], [9.73086, -0.0596099, 0.616071, 1.0)]])
9.73086, -0.0596099, 0.616071
float3(-0.0987106, -1.58853, -1.57186)
193288.1799865
normal
simd_float4x4([[-0.10696, -0.994199, -0.0113178, 0.0)], [-0.020487, -0.00917685, 0.999748, 0.0)], [-0.994052, 0.107165, -0.0193866, 0.0)], [9.84665, -0.0480822, 0.632884, 1.0)]])
9.84665, -0.0480822, 0.632884
float3(-0.107371, -1.5903, -1.58003)
193288.280037666
normal
simd_float4x4([[-0.0810468, -0.99584, -0.0416429, 0.0)], [-0.0300788, -0.0393177, 0.998774, 0.0)], [-0.996256, 0.0822, -0.0267671, 0.0)], [9.97214, -0.0580074, 0.650399, 1.0)]])
9.97214, -0.0580074, 0.650399
float3(-0.0822928, -1.59766, -1.61026)
193288.380088875
normal
simd_float4x4([[-0.0695292, -0.996831, -0.0386528, 0.0)], [-0.00991492, -0.0380541, 0.999226, 0.0)], [-0.997531, 0.0698587, -0.00723763, 0.0)], [10.1075, -0.0829959, 0.667992, 1.0)]])
10.1075, -0.0829959, 0.667992
float3(-0.0699156, -1.57805, -1.60895)
193288.480140333
normal
simd_float4x4([[-0.0891319, -0.995652, -0.0270664, 0.0)], [0.0083031, -0.0279163, 0.999576, 0.0)], [-0.995985, 0.0888693, 0.0107552, 0.0)], [10.2492, -0.0874543, 0.683762, 1.0)]])
10.2492, -0.0874543, 0.683762
float3(-0.0889867, -1.56, -1.59883)
193288.580191833
normal
simd_float4x4([[-0.116617, -0.993137, -0.00890831, 0.0)], [0.00237401, -0.00924822, 0.999954, 0.0)], [-0.993174, 0.116591, 0.00343621, 0.0)], [10.3987, -0.0712291, 0.700044, 1.0)]])
10.3987, -0.0712291, 0.700044
float3(-0.116856, -1.56734, -1.58011)
193288.68024325
normal
simd_float4x4([[-0.11703, -0.99312, -0.00415404, 0.0)], [0.00932374, -0.0052813, 0.999943, 0.0)], [-0.993085, 0.116985, 0.00987766, 0.0)], [10.5291, -0.0604228, 0.709702, 1.0)]])
10.5291, -0.0604228, 0.709702
float3(-0.117253, -1.56085, -1.57611)
193288.7802945
normal
simd_float4x4([[-0.094926, -0.995426, 0.0107979, 0.0)], [0.0117423, 0.00972648, 0.999884, 0.0)], [-0.995415, 0.0950418, 0.0107653, 0.0)], [10.6677, -0.0652195, 0.715026, 1.0)]])
10.6677, -0.0652195, 0.715026
float3(-0.0951855, -1.55998, -1.56103)
193288.880346083
normal
simd_float4x4([[-0.0661464, -0.99773, 0.0126007, 0.0)], [0.00349293, 0.0123967, 0.999917, 0.0)], [-0.997804, 0.066185, 0.002665, 0.0)], [10.8038, -0.0857271, 0.718926, 1.0)]])
10.8038, -0.0857271, 0.718926
float3(-0.0662334, -1.56813, -1.55837)
193288.980397291
normal
simd_float4x4([[-0.0847507, -0.996351, 0.0101219, 0.0)], [-0.00263272, 0.0103823, 0.999943, 0.0)], [-0.996399, 0.0847192, -0.00350302, 0.0)], [10.9529, -0.0977496, 0.722476, 1.0)]])
10.9529, -0.0977496, 0.722476
float3(-0.0848209, -1.57431, -1.56038)
193289.080448583
normal
simd_float4x4([[-0.111569, -0.993742, -0.00534162, 0.0)], [-0.00660412, -0.00463362, 0.999968, 0.0)], [-0.993735, 0.1116, -0.00604583, 0.0)], [11.1024, -0.0863225, 0.728, 1.0)]])
11.1024, -0.0863225, 0.728
float3(-0.111833, -1.57688, -1.57546)
193289.180500041
normal
simd_float4x4([[-0.125239, -0.992117, -0.00442547, 0.0)], [-0.0151711, -0.002545, 0.999882, 0.0)], [-0.992011, 0.125292, -0.0147327, 0.0)], [11.2374, -0.0734894, 0.741612, 1.0)]])
11.2374, -0.0734894, 0.741612
float3(-0.125622, -1.58565, -1.57336)
193289.280551416
normal
simd_float4x4([[-0.112693, -0.993516, -0.0150472, 0.0)], [-0.0175634, -0.0131496, 0.999759, 0.0)], [-0.993475, 0.11293, -0.0159676, 0.0)], [11.3822, -0.0794414, 0.756286, 1.0)]])
11.3822, -0.0794414, 0.756286
float3(-0.113171, -1.58687, -1.58403)
193289.380602875
normal
simd_float4x4([[-0.0858037, -0.996249, -0.0111971, 0.0)], [-0.00237069, -0.0110344, 0.999936, 0.0)], [-0.996309, 0.0858248, -0.00141502, 0.0)], [11.5252, -0.0958874, 0.772372, 1.0)]])
11.5252, -0.0958874, 0.772372
float3(-0.0859305, -1.57222, -1.58187)
193289.480654125
normal
simd_float4x4([[-0.0813451, -0.996656, -0.00771429, 0.0)], [0.0286864, -0.0100779, 0.999538, 0.0)], [-0.996273, 0.0810862, 0.0294103, 0.0)], [11.675, -0.0991575, 0.789943, 1.0)]])
11.675, -0.0991575, 0.789943
float3(-0.0811754, -1.54128, -1.58091)
193289.580705375
normal
simd_float4x4([[-0.0805706, -0.996609, 0.0167125, 0.0)], [0.0328033, 0.0141067, 0.999362, 0.0)], [-0.996209, 0.0810674, 0.0315555, 0.0)], [11.8103, -0.0798964, 0.804088, 1.0)]])
11.8103, -0.0798964, 0.804088
float3(-0.0811565, -1.53913, -1.55664)
193289.680757
normal
simd_float4x4([[-0.111181, -0.993351, 0.0298609, 0.0)], [0.0361353, 0.0259866, 0.999009, 0.0)], [-0.993143, 0.11215, 0.0330058, 0.0)], [11.9479, -0.0663677, 0.810289, 1.0)]])
11.9479, -0.0663677, 0.810289
float3(-0.112387, -1.53757, -1.54464)
193289.780808166
normal
simd_float4x4([[-0.0966286, -0.994056, 0.050162, 0.0)], [0.035561, 0.0469176, 0.998266, 0.0)], [-0.994685, 0.0982448, 0.0308161, 0.0)], [12.079, -0.060803, 0.806468, 1.0)]])
12.079, -0.060803, 0.806468
float3(-0.0984035, -1.53983, -1.52363)
193289.880859708
normal
simd_float4x4([[-0.0625006, -0.996817, 0.0494997, 0.0)], [0.0372336, 0.0472333, 0.99819, 0.0)], [-0.99735, 0.0642305, 0.034163, 0.0)], [12.2083, -0.0777092, 0.804654, 1.0)]])
12.2083, -0.0777092, 0.804654
float3(-0.0642748, -1.53656, -1.52345)
193289.980911
normal
simd_float4x4([[-0.0640485, -0.996578, 0.0522464, 0.0)], [0.029855, 0.050417, 0.998282, 0.0)], [-0.9975, 0.0654983, 0.0265237, 0.0)], [12.349, -0.0876804, 0.799371, 1.0)]])
12.349, -0.0876804, 0.799371
float3(-0.0655452, -1.54421, -1.52025)
193290.0809625
normal
simd_float4x4([[-0.0812781, -0.996542, 0.0172685, 0.0)], [0.018583, 0.0158077, 0.999702, 0.0)], [-0.996518, 0.0815748, 0.017234, 0.0)], [12.4898, -0.0740917, 0.8031, 1.0)]])
12.4898, -0.0740917, 0.8031
float3(-0.0816655, -1.5535, -1.55494)
193290.181013708
normal
simd_float4x4([[-0.106392, -0.994196, 0.0159398, 0.0)], [0.00723351, 0.0152564, 0.999858, 0.0)], [-0.994298, 0.106492, 0.00556836, 0.0)], [12.6191, -0.0586035, 0.808994, 1.0)]])
12.6191, -0.0586035, 0.808994
float3(-0.106695, -1.5652, -1.55545)
193290.281065125
normal
simd_float4x4([[-0.0853316, -0.996352, -0.000982116, 0.0)], [-0.0124065, 7.69103e-05, 0.999923, 0.0)], [-0.996275, 0.0853372, -0.0123678, 0.0)], [12.7429, -0.057574, 0.816995, 1.0)]])
12.7429, -0.057574, 0.816995
float3(-0.0854411, -1.58321, -1.57072)
193290.3811165
normal
simd_float4x4([[-0.0517591, -0.998647, -0.00495353, 0.0)], [-0.00910192, -0.00448824, 0.999949, 0.0)], [-0.998618, 0.0518015, -0.0088573, 0.0)], [12.8701, -0.0774799, 0.829739, 1.0)]])
12.8701, -0.0774799, 0.829739
float3(-0.0518247, -1.57967, -1.57529)
193290.481167833
normal
simd_float4x4([[-0.052147, -0.998622, 0.0058701, 0.0)], [0.00449671, 0.00564323, 0.999974, 0.0)], [-0.998629, 0.052172, 0.00419623, 0.0)], [13.0083, -0.0881532, 0.838742, 1.0)]])
13.0083, -0.0881532, 0.838742
float3(-0.0521957, -1.56659, -1.56515)
193290.581219375
normal
simd_float4x4([[-0.0543624, -0.998357, 0.0180823, 0.0)], [0.0185022, 0.0170989, 0.999683, 0.0)], [-0.99835, 0.0546797, 0.0175422, 0.0)], [13.1448, -0.0731375, 0.851669, 1.0)]])
13.1448, -0.0731375, 0.851669
float3(-0.054707, -1.55323, -1.55367)
193290.681270541
normal
simd_float4x4([[-0.0780445, -0.996848, 0.0142573, 0.0)], [0.0130275, 0.01328, 0.999827, 0.0)], [-0.996865, 0.0782167, 0.01195, 0.0)], [13.2765, -0.0629276, 0.859806, 1.0)]])
13.2765, -0.0629276, 0.859806
float3(-0.0782967, -1.55881, -1.55748)
193290.781322125
normal
simd_float4x4([[-0.0810917, -0.995725, 0.0442182, 0.0)], [0.00818889, 0.0436972, 0.999011, 0.0)], [-0.996673, 0.0813736, 0.0046104, 0.0)], [13.409, -0.0576962, 0.862385, 1.0)]])
13.409, -0.0576962, 0.862385
float3(-0.0814637, -1.56617, -1.52694)
193290.8813735
normal
simd_float4x4([[-0.0530987, -0.99685, 0.0589086, 0.0)], [-0.00627087, 0.0593235, 0.998219, 0.0)], [-0.99857, 0.0526347, -0.00940112, 0.0)], [13.5335, -0.0756917, 0.861127, 1.0)]])
13.5335, -0.0756917, 0.861127
float3(-0.0526591, -1.58021, -1.51136)
193290.981424791
normal
simd_float4x4([[-0.0657813, -0.996231, 0.0565389, 0.0)], [-0.0243037, 0.0582444, 0.998006, 0.0)], [-0.997538, 0.0642761, -0.0280434, 0.0)], [13.6721, -0.0937152, 0.866562, 1.0)]])
13.6721, -0.0937152, 0.866562
float3(-0.0643204, -1.5989, -1.5124)
193291.08147625
normal
simd_float4x4([[-0.0982526, -0.994713, 0.0298654, 0.0)], [-0.037605, 0.0337003, 0.998724, 0.0)], [-0.994451, 0.0970041, -0.0407173, 0.0)], [13.8189, -0.090342, 0.874834, 1.0)]])
13.8189, -0.090342, 0.874834
float3(-0.0971569, -1.61172, -1.53693)
193291.181527583
normal
simd_float4x4([[-0.114629, -0.993326, 0.0128065, 0.0)], [-0.0355499, 0.0169849, 0.999224, 0.0)], [-0.992772, 0.114085, -0.0372596, 0.0)], [13.9474, -0.0753198, 0.891103, 1.0)]])
13.9474, -0.0753198, 0.891103
float3(-0.114334, -1.60831, -1.5537)
193291.281579083
normal
simd_float4x4([[-0.104156, -0.994513, -0.00975008, 0.0)], [-0.0595643, -0.00354822, 0.998218, 0.0)], [-0.992776, 0.104551, -0.058868, 0.0)], [14.0739, -0.068912, 0.907599, 1.0)]])
14.0739, -0.068912, 0.907599
float3(-0.104742, -1.63002, -1.57436)
193291.381630416
normal
simd_float4x4([[-0.0690511, -0.996889, -0.0380088, 0.0)], [-0.0705682, -0.0331234, 0.996957, 0.0)], [-0.995114, 0.0715232, -0.0680615, 0.0)], [14.2024, -0.0899441, 0.92867, 1.0)]])
14.2024, -0.0899441, 0.92867
float3(-0.0715843, -1.63909, -1.60401)
193291.481681708
normal
simd_float4x4([[-0.0506427, -0.998224, -0.0313611, 0.0)], [-0.0531731, -0.0286619, 0.998174, 0.0)], [-0.9973, 0.0522178, -0.0516272, 0.0)], [14.3332, -0.105072, 0.944763, 1.0)]])
14.3332, -0.105072, 0.944763
float3(-0.0522416, -1.62252, -1.5995)
193291.58173325
normal
simd_float4x4([[-0.0573351, -0.998294, -0.0110154, 0.0)], [-0.0348481, -0.00902561, 0.999352, 0.0)], [-0.997746, 0.0576818, -0.0342712, 0.0)], [14.4693, -0.0903079, 0.958879, 1.0)]])
14.4693, -0.0903079, 0.958879
float3(-0.0577138, -1.60513, -1.57984)
193291.681784458
normal
simd_float4x4([[-0.0573979, -0.998266, -0.0130841, 0.0)], [-0.0314572, -0.0112908, 0.999441, 0.0)], [-0.997856, 0.0577774, -0.0307546, 0.0)], [14.5937, -0.0781495, 0.96763, 1.0)]])
14.5937, -0.0781495, 0.96763
float3(-0.0578096, -1.60161, -1.58211)
193291.781835833
normal
simd_float4x4([[-0.077021, -0.996939, 0.0134327, 0.0)], [-0.0300736, 0.0157895, 0.999423, 0.0)], [-0.996576, 0.0765726, -0.0311976, 0.0)], [14.728, -0.0717181, 0.969156, 1.0)]])
14.728, -0.0717181, 0.969156
float3(-0.0766476, -1.60209, -1.55496)
193291.88188725
normal
simd_float4x4([[-0.0507398, -0.998187, 0.0323651, 0.0)], [-0.0172129, 0.0332761, 0.999298, 0.0)], [-0.998564, 0.0501471, -0.0188701, 0.0)], [14.8565, -0.0868212, 0.967187, 1.0)]])
14.8565, -0.0868212, 0.967187
float3(-0.0501681, -1.58969, -1.53747)
193291.981938791
normal
simd_float4x4([[-0.0465104, -0.998146, 0.0392619, 0.0)], [-0.0153149, 0.0400123, 0.999082, 0.0)], [-0.9988, 0.0458664, -0.0171475, 0.0)], [14.9911, -0.105876, 0.96596, 1.0)]])
14.9911, -0.105876, 0.96596
float3(-0.0458825, -1.58796, -1.53073)
193292.081989958
normal
simd_float4x4([[-0.0667419, -0.99767, 0.0141274, 0.0)], [-0.0290228, 0.0160942, 0.999449, 0.0)], [-0.997348, 0.0662951, -0.0300293, 0.0)], [15.1311, -0.105703, 0.967956, 1.0)]])
15.1311, -0.105703, 0.967956
float3(-0.0663438, -1.6009, -1.55467)
193292.182041375
normal
simd_float4x4([[-0.0952562, -0.995449, 0.00287932, 0.0)], [-0.0248667, 0.00527108, 0.999677, 0.0)], [-0.995142, 0.0951538, -0.0252556, 0.0)], [15.2607, -0.0952849, 0.979407, 1.0)]])
15.2607, -0.0952849, 0.979407
float3(-0.095298, -1.59617, -1.5655)
193292.28209275
normal
simd_float4x4([[-0.0983834, -0.995128, -0.00644093, 0.0)], [-0.0516371, -0.00135872, 0.998665, 0.0)], [-0.993808, 0.0985847, -0.0512518, 0.0)], [15.3825, -0.090073, 0.989613, 1.0)]])
15.3825, -0.090073, 0.989613
float3(-0.098745, -1.62232, -1.57216)
193292.382144291
normal
simd_float4x4([[-0.0670968, -0.997465, -0.0236937, 0.0)], [-0.0670415, -0.0191864, 0.997566, 0.0)], [-0.995492, 0.0685219, -0.0655842, 0.0)], [15.5036, -0.106139, 1.00533, 1.0)]])
15.5036, -0.106139, 1.00533
float3(-0.0685757, -1.63658, -1.59003)
193292.482195708
normal
simd_float4x4([[-0.0646984, -0.997856, -0.00991605, 0.0)], [-0.0609642, -0.00596594, 0.998122, 0.0)], [-0.996041, 0.0651814, -0.0604475, 0.0)], [15.6386, -0.120133, 1.01585, 1.0)]])
15.6386, -0.120133, 1.01585
float3(-0.0652276, -1.63141, -1.57677)
193292.582247041
normal
simd_float4x4([[-0.0686007, -0.99764, -0.00282608, 0.0)], [-0.0342772, -0.000474099, 0.999412, 0.0)], [-0.997055, 0.0686572, -0.0341638, 0.0)], [15.7735, -0.110866, 1.02748, 1.0)]])
15.7735, -0.110866, 1.02748
float3(-0.0687113, -1.60505, -1.57127)
193292.682287291
normal
simd_float4x4([[-0.0817306, -0.996609, 0.00947693, 0.0)], [-0.0237016, 0.0114496, 0.999654, 0.0)], [-0.996373, 0.0814776, -0.0245571, 0.0)], [15.8982, -0.0971806, 1.03334, 1.0)]])
15.8982, -0.0971806, 1.03334
float3(-0.0815681, -1.59544, -1.55931)
193292.798936625
normal
simd_float4x4([[-0.0971265, -0.994814, 0.0301935, 0.0)], [-0.0161455, 0.0319078, 0.99936, 0.0)], [-0.995141, 0.0965769, -0.0191609, 0.0)], [16.0462, -0.086893, 1.03409, 1.0)]])
16.0462, -0.086893, 1.03409
float3(-0.0967277, -1.59005, -1.53873)
193292.91558575
normal
simd_float4x4([[-0.0617814, -0.997527, 0.0334976, 0.0)], [-0.0267052, 0.0352018, 0.999023, 0.0)], [-0.997732, 0.0608265, -0.028814, 0.0)], [16.1893, -0.102667, 1.0359, 1.0)]])
16.1893, -0.102667, 1.0359
float3(-0.0608641, -1.59967, -1.53552)
193293.032235
normal
simd_float4x4([[-0.055252, -0.99784, 0.0355237, 0.0)], [-0.0378181, 0.0376439, 0.998575, 0.0)], [-0.997756, 0.0538299, -0.0398163, 0.0)], [16.3427, -0.121026, 1.03906, 1.0)]])
16.3427, -0.121026, 1.03906
float3(-0.0538559, -1.61068, -1.53309)
193293.14888425
normal
simd_float4x4([[-0.0748534, -0.997194, -0.0014284, 0.0)], [-0.055229, 0.00271549, 0.99847, 0.0)], [-0.995664, 0.0748178, -0.0552773, 0.0)], [16.4965, -0.117828, 1.04674, 1.0)]])
16.4965, -0.117828, 1.04674
float3(-0.0748878, -1.62626, -1.56807)
193293.265533541
normal
simd_float4x4([[-0.110662, -0.993577, -0.0236208, 0.0)], [-0.0657043, -0.0164009, 0.997704, 0.0)], [-0.991684, 0.11196, -0.0634674, 0.0)], [16.6399, -0.106444, 1.06842, 1.0)]])
16.6399, -0.106444, 1.06842
float3(-0.112195, -1.63471, -1.5873)
193293.3821825
normal
simd_float4x4([[-0.0862399, -0.9951, -0.0483551, 0.0)], [-0.086823, -0.0408445, 0.995386, 0.0)], [-0.992484, 0.0900403, -0.0828752, 0.0)], [16.77, -0.108037, 1.09078, 1.0)]])
16.77, -0.108037, 1.09078
float3(-0.0901624, -1.65411, -1.61182)
193293.498831833
normal
simd_float4x4([[-0.0661533, -0.99715, -0.0362644, 0.0)], [-0.0649252, -0.0319654, 0.997378, 0.0)], [-0.995695, 0.0683343, -0.0626255, 0.0)], [16.911, -0.129745, 1.10954, 1.0)]])
16.911, -0.129745, 1.10954
float3(-0.0683876, -1.63361, -1.60284)
193293.615481083
normal
simd_float4x4([[-0.099365, -0.994489, -0.0334378, 0.0)], [-0.0313666, -0.030457, 0.999044, 0.0)], [-0.994557, 0.100319, -0.0281674, 0.0)], [17.0647, -0.132416, 1.13498, 1.0)]])
17.0647, -0.132416, 1.13498
float3(-0.100488, -1.59911, -1.60141)
193293.732130333
normal
simd_float4x4([[-0.119403, -0.992807, -0.00879609, 0.0)], [-0.0201744, -0.00643149, 0.999776, 0.0)], [-0.992641, 0.119554, -0.0192614, 0.0)], [17.1958, -0.11471, 1.14887, 1.0)]])
17.1958, -0.11471, 1.14887
float3(-0.11984, -1.5902, -1.57727)
193293.848779541
normal
simd_float4x4([[-0.124689, -0.991908, 0.0239178, 0.0)], [-0.0201168, 0.0266283, 0.999443, 0.0)], [-0.991992, 0.124138, -0.0232742, 0.0)], [17.3191, -0.104642, 1.15443, 1.0)]])
17.3191, -0.104642, 1.15443
float3(-0.124459, -1.59425, -1.54396)
193293.965428791
normal
simd_float4x4([[-0.102251, -0.993935, 0.0404728, 0.0)], [-0.0333518, 0.0440885, 0.998471, 0.0)], [-0.994199, 0.100744, -0.0376576, 0.0)], [17.4407, -0.119602, 1.15704, 1.0)]])
17.4407, -0.119602, 1.15704
float3(-0.100915, -1.60866, -1.52647)
193294.082078083
normal
simd_float4x4([[-0.0903701, -0.995537, 0.0271897, 0.0)], [-0.0544769, 0.032202, 0.997996, 0.0)], [-0.994417, 0.0887078, -0.0571438, 0.0)], [17.5711, -0.133284, 1.16185, 1.0)]])
17.5711, -0.133284, 1.16185
float3(-0.0888245, -1.6282, -1.53846)
193294.198727291
normal
simd_float4x4([[-0.093282, -0.995614, 0.00721632, 0.0)], [-0.0634966, 0.013182, 0.997895, 0.0)], [-0.993613, 0.0926275, -0.0644478, 0.0)], [17.698, -0.131014, 1.16531, 1.0)]])
17.698, -0.131014, 1.16531
float3(-0.0927604, -1.63557, -1.55756)
193294.315376416
normal
simd_float4x4([[-0.117202, -0.992998, -0.0148083, 0.0)], [-0.067665, -0.00689185, 0.997684, 0.0)], [-0.9908, 0.117932, -0.0663835, 0.0)], [17.8144, -0.119397, 1.17813, 1.0)]])
17.8144, -0.119397, 1.17813
float3(-0.118207, -1.6377, -1.57774)
193294.43202575
normal
simd_float4x4([[-0.0966939, -0.994892, -0.0289944, 0.0)], [-0.0728934, -0.0219741, 0.997098, 0.0)], [-0.992641, 0.0985268, -0.0703963, 0.0)], [17.919, -0.115324, 1.18976, 1.0)]])
17.919, -0.115324, 1.18976
float3(-0.0986869, -1.6416, -1.59288)
193294.548674916
normal
simd_float4x4([[-0.0739614, -0.997008, -0.0224751, 0.0)], [-0.0364551, -0.0198187, 0.999139, 0.0)], [-0.996595, 0.074717, -0.0348802, 0.0)], [18.0286, -0.131021, 1.20065, 1.0)]])
18.0286, -0.131021, 1.20065
float3(-0.0747867, -1.60578, -1.59067)
193294.665324125
normal
simd_float4x4([[-0.0665016, -0.997761, -0.00704244, 0.0)], [0.0198477, -0.00837947, 0.999768, 0.0)], [-0.997589, 0.0663463, 0.0203606, 0.0)], [18.1467, -0.144281, 1.21034, 1.0)]])
18.1467, -0.144281, 1.21034
float3(-0.0663951, -1.55039, -1.57919)
193294.781973416
normal
simd_float4x4([[-0.0873131, -0.996013, 0.0182612, 0.0)], [0.0833603, 0.0109618, 0.996459, 0.0)], [-0.992687, 0.0885262, 0.0820709, 0.0)], [18.2535, -0.140388, 1.21654, 1.0)]])
18.2535, -0.140388, 1.21654
float3(-0.0886422, -1.48831, -1.55979)
193294.898622541
normal
simd_float4x4([[-0.0958369, -0.994293, 0.0468587, 0.0)], [0.138304, 0.0333176, 0.989829, 0.0)], [-0.985742, 0.101343, 0.134322, 0.0)], [18.3263, -0.127688, 1.21455, 1.0)]])
18.3263, -0.127688, 1.21455
float3(-0.101517, -1.43537, -1.5373)
193295.015271916
normal
simd_float4x4([[-0.109823, -0.991677, 0.067197, 0.0)], [0.192961, 0.045048, 0.980172, 0.0)], [-0.975041, 0.120612, 0.186407, 0.0)], [18.3806, -0.117166, 1.20945, 1.0)]])
18.3806, -0.117166, 1.20945
float3(-0.120906, -1.3819, -1.5254)
193295.131921
normal
simd_float4x4([[-0.0951011, -0.99347, 0.0630343, 0.0)], [0.232087, 0.0394487, 0.971895, 0.0)], [-0.968035, 0.107058, 0.226819, 0.0)], [18.4078, -0.114676, 1.20814, 1.0)]])
18.4078, -0.114676, 1.20814
float3(-0.107263, -1.34064, -1.53111)
