USER POSITION
514117.869304	24.1859199136	13.4081809831
514118.002622	24.1729758763	13.4451041496
514118.135941	24.2061084011	13.4123283458
514118.269259	24.2172683132	13.4257699772
514118.402577	24.1821769688	13.4391195733
514118.535896	24.165037307	13.4187489895
514118.669214	24.4083637898	13.2627349255
514118.802533	24.4001397061	13.2641711172
514118.935851	24.3952443014	13.2671748624
514119.06917	24.2474638485	13.4334641703
514119.202488	24.2482788752	13.4363652202
514119.335806	24.2484901608	13.4390483316
514119.469125	24.244868412	13.4423352461
514119.602443	24.2383008683	13.4444580263
514119.735762	24.2349441248	13.4435460002
514119.86908	24.2341318307	13.4447504867
514120.002399	24.2310229166	13.4412674709
514120.135717	24.2324783415	13.4385227829
514120.269036	24.232986852	13.4342165235
514120.402354	24.23461032	13.4313011937
514120.535672	24.2365092534	13.4307960272
514120.668991	24.2395260254	13.431249278
514120.802309	24.2459574291	13.4302507668
514120.935628	24.2546765712	13.4303977383
514121.068946	24.265185902	13.4322425052
514121.202264	24.2743138481	13.4359439984
514121.335583	24.2779382877	13.4397782782
514121.468901	24.2796351517	13.4404654477
514121.60222	24.2798289033	13.4415352371
514121.735538	24.2805263374	13.4393657795
514121.868857	24.2816414651	13.436772889
514122.002175	24.2809680292	13.4353890093
514122.135493	24.2758375536	13.4326239494
514122.268812	24.2668012587	13.4295558339
514122.40213	24.2539063827	13.428393964
514122.535449	24.2417760827	13.4210185274
514122.668767	24.2291305562	13.4126540719
514122.802086	24.2124465014	13.4038590713
514122.935404	24.2002044144	13.3983239331
514123.068722	24.1958367235	13.3975897702
514123.202041	24.1991373465	13.4005794017
514123.335359	24.1978569634	13.3999438734
514123.468678	24.1936103818	13.3989306193
514123.601996	24.1871593869	13.3981349299
514123.735314	24.1849096451	13.3993158944
514123.868633	24.1855963621	13.4003777844
514124.001951	24.1864532187	13.398679035
514124.13527	24.1888811098	13.3975511547
514124.268588	24.1912180896	13.3958714203
514124.401906	24.1924642313	13.3966259253
514124.535225	24.1935338338	13.3977334957
514124.668543	24.1977375862	13.3968010217
514124.801862	24.2008208436	13.3965788719
514124.93518	24.2016670009	13.3971289497
514125.068499	24.2052293991	13.3978847982
514125.201817	24.2066511903	13.397594981
514125.335135	24.2141042416	13.4012143312
514125.468454	24.2184509191	13.4011270878
514125.601772	24.1171123606	13.3815524831
514125.735091	24.1157388003	13.3855187642
514125.868409	24.1132074596	13.3956518031
514126.001728	24.1176410105	13.4177251291
514126.135046	24.1237064799	13.4502113403
514126.268365	24.1296472053	13.5038555806
514126.401683	24.1213625737	13.5928428756
514126.535001	23.7944745014	13.697678428
514126.66832	24.1208921176	13.8526803309
514126.801638	24.1177419301	13.9839966834
514126.934957	24.107599868	14.1159518515
514127.068275	24.0918998887	14.2579095149
514127.201593	24.0595981589	14.4329408415
514127.334912	24.0358505761	14.5675015841
514127.46823	24.0132008763	14.6935441533
514127.601549	23.9959126845	14.8294469848
514127.734867	23.9772670936	14.9938821434
514127.868186	23.9606005191	15.1377813875
514128.001504	23.9356127824	15.2602175929
514128.134822	23.9041823523	15.387710119
514128.268141	23.8599417638	15.5201206768
514128.401459	23.8085334764	15.6561614447
514128.534778	23.7742325796	15.7669503888
514128.668096	23.7454802054	15.8843228667
514128.801414	23.7157312959	16.0178753655
514128.934733	23.6923601899	16.1682977532
514129.068051	23.6688337565	16.2835076405
514129.20137	23.6331898413	16.3963764244
514129.334688	23.5935138588	16.508043098
514129.468007	23.5339866494	16.6270010463
514129.601325	23.4951475031	16.7022277025
514129.734643	23.4583712236	16.7764241198
514129.867962	23.4356260727	16.8396422215
514130.00128	23.4228011193	16.9145629185
514130.134599	23.4087475931	17.0071458192
514130.267917	23.3924734699	17.0929248324
514130.401235	23.3494646076	17.162935753
514130.534554	23.268388624	17.2286387073
514130.667872	23.1457194713	17.2854786383
514130.801191	23.0318944211	17.3136937741
514130.934509	22.9165983634	17.3601479893
514131.067827	22.7557590977	17.4040534199
514131.201146	22.5453144082	17.4456340583
514131.334464	22.3525027384	17.4959812957
514131.467783	22.1587470334	17.5259111551
514131.601101	21.9616752027	17.5458306443
514131.734419	21.7495035832	17.5568882332
514131.867738	21.6083427266	17.5874015448
514132.001056	21.485412835	17.5959657807
514132.134375	21.3102816232	17.6216181699
514132.267693	21.1220863777	17.6855428979
514132.401011	20.9804301436	17.6900222105
514132.53433	20.8185355641	17.7114401971
514132.667648	20.6382662096	17.720662687
514132.800967	20.4366654262	17.7261266345
514132.934285	20.3067103367	17.7359705174
514133.067603	20.1467424796	17.7574003863
514133.200922	20.0076994078	17.7976943312
514133.33424	19.8148581406	17.8478333643
514133.467559	19.6873217786	17.8620184748
514133.600877	19.5715856479	17.8731596669
514133.734195	19.4178993096	17.861435946
514133.867514	19.2444897859	17.8621930285
514134.000832	19.1391560441	17.8621988352
514134.134151	18.9951364863	17.8678284528
514134.267469	18.8429842389	17.890949104
514134.400787	18.653566694	17.9190586427
514134.534106	18.5011245749	17.9178156145
514134.667424	18.3484642558	17.9286249756
514134.800743	18.1703671197	17.9146145434
514134.934061	18.011898564	17.9055674802
514135.06738	17.878127303	17.8937408062
514135.200698	17.6969232446	17.8978561219
514135.334016	17.5085719789	17.9170765072
514135.467335	17.3282302992	17.9519799894
514135.600653	17.1881119877	17.9511447189
514135.733971	17.0436337453	17.9571915993
514135.86729	16.8715663176	17.9413823854
514136.000608	16.7081170158	17.9337083364
514136.133927	16.5786715055	17.9339566771
514136.267245	16.4326511083	17.947317261
514136.400563	16.2583771662	17.9753832758
514136.533882	16.0928561011	18.0118008858
514136.6672	15.958804365	18.0132542093
514136.800519	15.8190073124	18.0273674434
514136.933837	15.6643705993	18.0252637427
514137.067155	15.5074911251	18.0194383592
514137.200474	15.3931129781	18.0289083898
514137.333792	15.2607527046	18.0454278692
514137.467111	15.110647631	18.0808242517
514137.600429	14.9348046034	18.1367460481
514137.733748	14.80997097	18.1588750719
514137.867066	14.6669450311	18.1853063413
514138.000384	14.5291178316	18.1995912693
514138.133703	14.356058224	18.2101956235
514138.267021	14.2390247919	18.2190594687
514138.40034	14.1131604584	18.2340748325
514138.533658	13.9697114187	18.2603712473
514138.666977	13.8032157856	18.3061407084
514138.800295	13.6965802428	18.3201007479
514138.933613	13.5615924617	18.3324861489
514139.066932	13.4340734292	18.3371622637
514139.20025	13.26037725	18.3323569431
514139.333568	13.1404107801	18.326404615
514139.466887	13.0159871806	18.3298654955
514139.600205	12.876418118	18.3448814592
514139.733524	12.7033711387	18.3789381552
514139.866842	12.5846187081	18.4037948471
514140.00016	12.4687175632	18.4181455516
514140.133479	9.98483023233	17.5710255365
514140.266797	9.8359271208	17.5575139498
514140.400116	9.71819136911	17.5478627491
514140.533434	9.55130359506	17.5080159708
514140.666753	9.50124611556	17.4819322266
514140.800071	9.34629753403	17.4945039998
514140.933389	9.19988547872	17.5212504026
514141.066708	9.10018167354	17.5191897876
514141.200026	8.98936291357	17.5265762981
514141.333345	8.86242918946	17.5194143093
514141.466663	8.72076482671	17.5089175514
514141.599981	8.63260965595	17.4992844901
514141.7333	8.54527070215	17.5026475317
514141.866618	8.44458512361	17.5163900342
514141.999937	8.31898365451	17.5531834216
514142.133255	8.21613000266	17.5870388319
514142.266574	8.13249139038	17.597771261
514142.399892	8.03903447999	17.6106016469
514142.53321	7.91687897908	17.610028936
514142.666529	7.84693557064	17.6051763886
514142.799847	7.76414767465	17.5927507548
514142.933166	7.68424865929	17.5846710119
514143.066484	7.59379360373	17.5778037109
514143.199802	7.46648491591	17.5789752089
514143.333121	7.34159916011	17.5687816817
514143.466439	7.24672927636	17.5435497028
514143.599758	7.14057553232	17.4711155567
514143.733076	7.06253218655	17.3824781544
514143.866395	6.98380003341	17.2372383852
514143.999713	6.92366280312	17.1028995538
514144.133031	6.87268617485	16.9971721426
514144.26635	6.81854386053	16.8779586337
514144.399668	6.75697166101	16.7376520168
514144.532987	6.69304104773	16.5884026943
514144.666305	6.65921542182	16.4631623228
514144.799624	6.64904444112	16.3750250801
514144.932942	6.63832803324	16.2510745311
514145.066261	6.63041529403	16.1573766818
514145.199579	6.62397429983	16.0954558615
514145.332897	6.59825395758	15.9790049427
514145.466216	6.55277427693	15.8568553006
514145.599534	6.5283155803	15.7412233753
514145.732853	6.50390859342	15.6278372073
514145.866171	6.48947877966	15.5050777573
514145.99949	6.48286829934	15.3430283387
514146.132808	6.47059937895	15.2256806758
514146.266127	6.45242496292	15.1137611913
514146.399445	6.42833485361	14.9928257725
514146.532764	6.39247875504	14.8425427558
514146.666082	6.37752148553	14.7483555264
514146.7994	6.36402169284	14.6560275068
514146.932719	6.36964940873	14.5530002109
514147.066037	6.37461902167	14.403715883
514147.199356	6.37509666665	14.2774277966
514147.332674	6.37229972194	14.1771708966
514147.465993	6.36021950851	14.0698946432
514147.599311	6.33445481682	13.9081795704
514147.73263	6.3002889201	13.7696116218
514147.865948	6.30596327807	13.6613579767
514147.999267	6.30585412159	13.5424415431
514148.132585	6.31278629733	13.4015393837
514148.265904	6.31624304026	13.261662586
514148.399222	6.33392453887	13.1570857023
514148.53254	6.33189428255	13.0500756483
514148.665859	6.31557318772	12.9245825092
514148.799177	6.29755625592	12.7684096938
514148.932496	6.2955653305	12.6667047838
514149.065814	6.28459744895	12.5549811584
514149.199133	6.28564720412	12.4268911037
514149.332451	5.97943131712	9.93560637683
514149.46577	5.99245286828	9.83630898661
514149.599088	5.99914377455	9.73067037921
514149.732407	6.00551082738	9.60234283135
514149.865725	5.99550000481	9.44858822709
514149.999044	5.99305244425	9.34072599113
514150.132362	5.99814364089	9.24530275592
514150.26568	6.00810756295	9.15139248036
514150.398999	6.03573295037	9.02016265574
514150.532317	6.04852245917	8.92728855566
514150.665636	6.0536027374	8.83973083257
514150.798955	6.05165403752	8.73417711085
514150.932273	6.03655338282	8.60204988758
514151.065592	6.01331511565	8.46410582124
514151.19891	6.03433202722	8.36740916397
514151.332228	6.04745852923	8.27108911909
514151.465547	6.07458307132	8.15283785074
514151.598866	6.10808280824	8.0415132219
514151.732184	6.13637045532	7.96157193706
514151.865502	6.15601098313	7.88174251108
514151.998821	6.17563958216	7.79040278178
514152.132139	6.18482242007	7.67507240975
514152.265458	6.1901813382	7.54701007956
514152.398776	6.21799194164	7.44716591919
514152.532095	6.25984736889	7.35950928145
514152.665413	6.30251454462	7.28608170047
514152.798732	6.32416677075	7.22660841927
514152.93205	6.33623703083	7.16650373704
514153.065369	6.34728844509	7.09105009997
514153.198687	6.38089534267	6.98865778844
514153.332006	6.42436736376	6.83817705708
514153.465324	6.47458645945	6.7167668025
514153.598643	6.53721169495	6.61156377936
514153.731961	6.62124194461	6.51932986833
514153.86528	6.74617088398	6.42933627782
514153.998598	6.91500280884	6.36769262143
514154.131917	7.05085529869	6.31599964801
514154.265235	7.19454430812	6.26822303271
514154.398554	7.35239273613	6.23408593594
514154.531872	7.52420528854	6.16807697494
514154.66519	7.65433553054	6.14289061918
514154.798509	7.78263420592	6.12651594678
514154.931828	7.93639966992	6.1208265108
514155.065146	8.09190574635	6.13273964192
514155.198465	8.15819388794	6.16569497358
514155.331783	8.27393706914	6.16868134366
514155.465102	8.41578065805	6.16442553744
514155.59842	8.5753311149	6.1532470708
514155.731738	8.69029574171	6.17095437676
514155.865057	8.80820613349	6.18628494784
514155.998375	8.92955685405	6.22653239147
514156.131694	9.08349970155	6.27275422725
514156.265012	9.18445695585	6.292674137
514156.398331	9.31625049725	6.30735612752
514156.531649	9.46071767508	6.30970655935
514156.664968	9.65012027196	6.30353167506
514156.798286	9.78444170458	6.30876548237
514156.931605	9.9094639789	6.31570670146
514157.064923	10.0372606727	6.3316941074
514157.198242	10.1882437981	6.35462775637
514157.33156	10.2914758454	6.35967255549
514157.464879	10.3940758873	6.35766930741
514157.598197	10.5226334103	6.3575086875
514157.731516	10.7053620514	6.33467199314
514157.864834	10.8402642311	6.32105016116
514157.998153	10.9792599741	6.31695613794
514158.131471	11.1102340924	6.31333712723
514158.26479	11.2819283141	6.32378003604
514158.398108	11.4201311353	6.32066931085
514158.531427	11.538496386	6.31349670208
514158.664745	11.6735738495	6.30558116274
514158.798064	11.8542669571	6.28856160712
514158.931382	12.0024341865	6.26272104538
514159.0647	12.1271939515	6.26240571648
514159.198019	12.2602887534	6.26123554244
514159.331337	12.4132700321	6.27065993965
514159.464656	12.5769895663	6.27954594146
514159.597974	12.7066201979	6.29017909002
514159.731293	12.8403079039	6.2930668175
514159.864611	12.9993024853	6.2852629475
514159.99793	13.182819284	6.27271504353
514160.131248	13.3150104392	6.27922400504
514160.264567	13.4525188205	6.28240777372
514160.397885	13.5916114059	6.2935068944
514160.531204	13.761280951	6.31636169609
514160.664522	13.8811447475	6.32922597232
514160.797841	13.9984248945	6.33653320298
514160.931159	14.1371669069	6.34076647348
514161.064478	14.3122426209	6.32386391814
514161.197796	14.4494155217	6.31625176385
514161.331115	14.5701063796	6.32376160553
514161.464433	14.6933917548	6.33432977675
514161.597752	14.8443487876	6.36387902994
514161.73107	14.9607482557	6.37363993229
514161.864389	15.0687913559	6.38187256312
514161.997707	15.1851026896	6.37775071241
514162.131026	15.349544483	6.36447791368
514162.264344	15.4812974963	6.35549105215
514162.397663	15.6034603168	6.35857349889
514162.530982	15.726703376	6.36918178676
514162.6643	15.8818863088	6.38993229182
514162.797618	16.0162051399	6.40035571311
514162.930937	16.1306194568	6.40222453242
514163.064255	16.2535965412	6.39761332761
514163.197574	16.4167520618	6.37371576054
514163.330893	16.5692732816	6.34036819093
514163.464211	16.6898803931	6.3429238842
514163.59753	16.8133881434	6.3387926728
514163.730848	16.9565355955	6.34904890781
514163.864167	17.1013951841	6.35360553859
514163.997485	17.2000667735	6.35761882281
514164.130804	17.3117041989	6.35771762143
514164.264122	17.4446309396	6.34365973792
514164.397441	17.6046551172	6.31736400669
514164.530759	17.7148438993	6.31692435126
514164.664078	17.8276634508	6.31445621047
514164.797396	17.9516803001	6.32161565088
514164.930715	18.1114912138	6.34177633168
514165.064033	18.2237879132	6.35199307267
514165.197352	18.3393952637	6.35252291064
514165.33067	18.468173345	6.3485517325
514165.463989	18.6329274591	6.32812021491
514165.597308	18.7577591597	6.31465184357
514165.730626	18.8712944684	6.31963916328
514165.863945	18.9941334925	6.33766090214
514165.997263	19.1610259525	6.37339276475
514166.130582	19.2852493006	6.39963750469
514166.2639	19.402411199	6.41519557878
514166.397219	19.5328373457	6.42647591796
514166.530537	19.7021006073	6.42436621217
514166.663856	19.8415814064	6.41636921308
514166.797174	19.9565923095	6.43297867638
514166.930493	20.0727935574	6.4528055267
514167.063811	20.2165211676	6.49496746993
514167.19713	20.3403395186	6.52393332679
514167.330448	20.4470609074	6.5451473589
514167.463767	20.5626346387	6.55612117455
514167.597086	20.706503501	6.5552530324
514167.730404	20.858100607	6.54035404034
514167.863722	20.9625828469	6.56465028143
514167.997041	21.0781827499	6.5764618411
514168.13036	21.2007940718	6.61292890326
514168.263678	21.313748474	6.65969235309
514168.396997	21.4018254784	6.69495895186
514168.530315	21.5008410572	6.73027236661
514168.663634	21.6271519591	6.76493598529
514168.796952	21.7546332947	6.79010549607
514168.930271	21.8311072787	6.82902257724
514169.063589	21.9011114491	6.87687117603
514169.196908	21.9811282606	6.9563773603
514169.330226	22.0426573037	7.04783093487
514169.463545	22.0750445015	7.12661021935
514169.596863	22.1311302731	7.22416704156
514169.730182	25.8500154071	6.12945409233
514169.8635	25.8208223012	6.24686287654
514169.996819	25.9138221983	6.38951902471
514170.130137	25.8900712089	6.4712631601
514170.263456	25.8701872955	6.57443776429
514170.396775	25.8715077672	6.68866576358
514170.530093	25.8636254182	6.77335891114
514170.663411	25.8704265637	6.85342301636
514170.79673	25.8799535275	6.95688385671
514170.930049	25.8998502398	7.09054986485
514171.063367	25.9320017083	7.24315600839
514171.196686	25.9542762226	7.37483694925
514171.330004	25.9825584798	7.48482379676
514171.463323	26.0032165341	7.62381860261
514171.596641	26.0219242076	7.7861853456
514171.72996	26.0373704496	7.90828022992
514171.863278	26.0722143763	8.02332651451
514171.996597	26.1080596324	8.16503483268
514172.129915	26.1650210113	8.29969187117
514172.263234	26.1764249254	8.39438001762
514172.396552	26.1849454025	8.48649183134
514172.529871	26.1750097247	8.59800239798
514172.663189	26.1651656839	8.71237735419
514172.796508	26.162093097	8.78860691074
514172.929827	26.1618792419	8.87055819579
514173.063145	26.1690631926	8.95506290189
514173.196464	26.1826537194	9.0675111379
514173.329782	26.1975023881	9.1474050217
514173.4631	26.2025272701	9.19900603859
514173.596419	26.1994418785	9.24773481551
514173.729738	26.1886645257	9.29704454094
514173.863056	26.1727315906	9.36284656446
514173.996375	26.1559521519	9.43168594403
514174.129693	26.1465781465	9.46502082135
514174.263012	26.1415037044	9.48783411876
514174.396331	26.1322042927	9.4977530662
514174.529649	26.1337886503	9.50913316252
514174.662968	26.1385707901	9.51594658777
514174.796286	26.1403779555	9.51702165168
514174.929605	26.1392752221	9.51718732612
514175.062923	26.1334301644	9.51997133228
514175.196242	26.136113772	9.52051017044
514175.32956	26.1346398174	9.51987145449
514175.462879	26.1312326489	9.51300666815
514175.596198	26.1325015405	9.50596136346
514175.729516	26.1356959592	9.50010062374
514175.862835	26.133647618	9.50307543861
514175.996153	26.1257753469	9.51166180587
514176.129472	26.1259578524	9.52049019846
514176.26279	26.1272040844	9.53879224769
514176.396109	26.134998802	9.56748807224
514176.529427	26.1444040039	9.61221972532
514176.662746	26.1661190468	9.68267555859
514176.796065	26.2089753614	9.79061925631
514176.929383	26.2542001477	9.89340613996
514177.062702	26.269526292	9.97530425203
514177.19602	26.2805273135	10.0590334824
514177.329339	26.2766762119	10.146341712
514177.462657	26.2476959857	10.2588651207
514177.595976	26.1785509042	10.4093379814
514177.729294	26.1106831318	10.5270361388
514177.862613	26.0391513336	10.6371031802
514177.995932	25.9520436915	10.7709997372
514178.12925	25.8602432325	10.9193487055
514178.262569	25.7863574573	11.0203237523
514178.395887	25.7175016683	11.1101312513
514178.529206	25.6306819754	11.188349823
514178.662524	25.5325531696	11.257283983
514178.795843	25.4645463974	11.3092210603
514178.929162	25.3970794251	11.3822692427
514179.06248	25.3166927035	11.4701343137
514179.195799	25.2306591147	11.588494373
514179.329117	25.1725945245	11.6674984524
514179.462436	25.1219099921	11.7296011696
514179.595754	25.0742600402	11.7797092222
514179.729073	25.0176447043	11.8354820156
514179.862392	24.9852107313	11.8652670892
514179.99571	24.9698719747	11.8865470231
514180.129029	24.9652569464	11.9036262878
514180.262347	24.9662223054	11.9299104868
514180.395666	24.9701921519	11.9547446652
514180.528985	24.9869812142	11.9738409938
514180.662303	24.4906405953	13.4954861349
514180.795622	24.4472794701	13.4874141938
514180.92894	24.4558500753	13.5026881236
514181.062259	24.4583979182	13.5257191208
514181.195577	24.4588870594	13.5678937411
514181.328896	24.6160889908	13.7056354572
514181.462215	24.6723150263	13.7656503937
514181.595533	24.6297068615	13.7848044271
514181.728852	24.6437120425	13.8977205446
514181.86217	24.5775897637	13.9696978041
514181.995489	24.4696124888	14.0178547329
514182.128807	24.6034883216	14.0203268028
514182.262126	24.6814608424	14.0883971256
514182.395445	24.6202864946	14.1401762603
514182.528763	24.6157645432	14.1581424826
514182.662082	24.6103204855	14.1753049165
514182.7954	24.5977287124	14.1983087253
514182.928719	24.8076443413	14.1215492452
514183.062037	24.7263376488	14.144155073
514183.195356	24.6277390578	14.2148355197
514183.328675	24.5735112714	14.2696568883
514183.461993	24.5401331067	14.3055891895
514183.595312	24.6197204156	14.3649659985
514183.72863	24.6389720969	14.4052849434
514183.861949	24.6716709616	14.4360906129
514183.995267	24.7371615024	14.4694072422
514184.128586	24.7391466438	14.468408336
514184.261905	24.7304561155	14.4764315752
514184.395223	24.6240857115	14.4425985453
514184.528542	24.6287174444	14.4314438436
514184.66186	24.6101069668	14.4124190293
514184.795179	24.6510776714	14.4198483564
514184.928498	24.7449881365	14.4700416702
514185.061816	24.7441339354	14.4701128268
514185.195135	24.7443217247	14.4752122441
514185.328453	24.7413863602	14.475647764
514185.461772	24.7347786062	14.473639068
514185.59509	24.7243115424	14.4692006945
514185.728409	24.718250399	14.4629066128
514185.861728	24.7085720996	14.4618704445
514185.995046	24.691974327	14.4649119182
514186.128365	24.6758701017	14.468205169
514186.261684	24.6694619277	14.4726590128
514186.395002	24.6777974005	14.4789402975
514186.528321	24.712970163	14.4848524153
514186.661639	24.7583210723	14.4787787035
514186.794958	24.8031392902	14.4555355583
514186.928277	24.8364834476	14.4139490738
514187.061595	24.8524914008	14.3862492766
514187.194914	24.8577801693	14.3690566119
514187.328232	24.8562089891	14.3524017924
514187.461551	24.8529915481	14.3410372283
514187.59487	24.848378886	14.3342773845
514187.728188	24.8425653818	14.3379944362
514187.861507	24.8334947987	14.3508184533
514187.994826	24.8168374879	14.3729117618
514188.128144	24.7979151754	14.3978456744
514188.261463	24.7852157511	14.4159338615
514188.394781	24.7788657475	14.4251276157
514188.5281	24.7731826021	14.419223258
514188.661419	24.7625920591	14.4006594355
514188.794737	24.7548901913	14.3911956264
514188.928056	24.7466100855	14.3896424886
514189.061374	24.7378101275	14.3960115158
514189.194693	24.7262661993	14.4037446457
514189.328012	24.72010591	14.4097476292
514189.46133	24.7154021725	14.419962927
514189.594649	24.7108558011	14.4308799148
514189.727968	24.7064878687	14.438120438
514189.861286	24.7048178848	14.4367475449
514189.994605	24.7034130256	14.4312711228
514190.127923	24.7028659179	14.425874665
514190.261242	24.7036637081	14.4214172995
514190.394561	24.7068371165	14.4187935905
514190.527879	24.7090452864	14.4159099897
514190.661198	24.7113300893	14.4132908709
514190.794516	24.7099781428	14.4115895443
514190.927835	24.7080144088	14.4107789731
514191.061154	24.7065833175	14.4124816103
514191.194472	24.7054906553	14.4136710013
514191.327791	24.7043549178	14.4133356075
514191.46111	24.7044361663	14.4131204357
514191.594428	24.7042793555	14.4124938425
514191.727747	24.704896231	14.4123324823
