USER POSITION
513023.166658	6.29697000478	17.6610885509
513023.266714	6.29731890997	17.6607596904
513023.366771	6.29759359767	17.6602258281
513023.466827	6.2974354424	17.6603941211
513023.566883	6.29747853567	17.6603075694
513023.66694	6.29734199282	17.6601909967
513023.766996	6.2972073734	17.6602207774
513023.867053	6.2969471465	17.6548433029
513023.967109	6.2976845521	17.6587158895
513024.067165	6.29723908125	17.6576403064
513024.167222	6.29621491453	17.6555530965
513024.267278	6.29510010363	17.658384952
513024.367334	6.29458318735	17.6578884502
513024.467391	6.30074040252	17.6653059886
513024.567447	6.29333216959	17.6537916457
513024.667504	6.29768768667	17.6612139989
513024.76756	6.29446719678	17.6596836084
513024.867617	6.29799743009	17.6666760402
513024.967673	6.2952952804	17.661086712
513025.067729	6.29481624722	17.6633455236
513025.167786	6.29309194443	17.6644666326
513025.267842	6.29301546877	17.6633963737
513025.367899	6.28989631099	17.6579221529
513025.467955	6.28789025579	17.6551238344
513025.568011	6.29340228126	17.6731044022
513025.668068	6.29033552587	17.6623391614
513025.768124	6.28946043431	17.6615728123
513025.868181	6.29417641519	17.6685987846
513025.968237	6.29357908668	17.6623670801
513026.068293	6.29328314856	17.6763440733
513026.16835	6.2920317964	17.6655403145
513026.268406	6.29231247485	17.6691135669
513026.368463	6.29066995714	17.6643964558
513026.468519	6.29128027327	17.6686155345
513026.568575	6.2942111133	17.6747990368
513026.668632	6.29339654247	17.6742287533
513026.768688	6.29500260553	17.669679496
513026.868745	6.29358058942	17.6710009017
513026.968801	6.29468056225	17.6691407976
513027.068858	6.29018327244	17.6621132326
513027.168914	6.29531473723	17.6682831097
513027.26897	6.29246744511	17.6657156927
513027.369027	6.29607611933	17.6667990431
513027.469083	6.29160315446	17.6637548819
513027.56914	6.29188973205	17.6617920404
513027.669196	6.29102962338	17.6577725619
513027.769252	6.29097286578	17.6588219217
513027.869309	6.29206634554	17.6667324157
513027.969365	6.28633943727	17.6834225747
513028.069422	6.28967835914	17.678681583
513028.169478	6.28113242493	17.6747370018
513028.269535	6.24828445818	17.6562043451
513028.369591	6.2579005527	17.6456794808
513028.469647	6.26586627521	17.6357309094
513028.569704	6.27259702528	17.6294488107
513028.66976	6.27915395613	17.6262281415
513028.769817	6.28242847525	17.6256842373
513028.869873	6.28597331898	17.6238057076
513028.969929	6.28845621085	17.6176981154
513029.069986	6.28517890155	17.6112684632
513029.170042	6.27877592494	17.6054080161
513029.270099	6.26888401153	17.604811162
513029.370155	6.25528835748	17.609314043
513029.470212	6.240476828	17.6156242534
513029.570268	6.22770916873	17.6229063248
513029.670324	6.21812678494	17.6267700814
513029.770381	6.21112995709	17.6262052131
513029.870437	6.20489431709	17.6225185587
513029.970494	6.20267634915	17.6204803335
513030.07055	6.20230820058	17.6189576633
513030.170607	6.19970496632	17.6151566626
513030.270663	6.19725943456	17.6138902494
513030.370719	6.19578087754	17.6108094806
513030.470776	6.19553819223	17.6072273181
513030.570832	6.19578750865	17.6047300374
513030.670889	6.19630978107	17.6021157574
513030.770945	6.19583064118	17.6012843755
513030.871002	6.19472753628	17.6005975621
513030.971058	6.19461288156	17.599515333
513031.071115	6.19394594163	17.5971513206
513031.171171	6.191798347	17.5960738496
513031.271227	6.18957184113	17.5930781068
513031.371284	6.18771084874	17.5906663243
513031.47134	6.18740554688	17.5868337795
513031.571397	6.18731746865	17.5840695802
513031.671453	6.18764837867	17.5838242237
513031.77151	6.18872163327	17.5831435385
513031.871566	6.18902402021	17.5805347861
513031.971622	6.18917215008	17.5802826415
513032.071679	6.18987124309	17.5804459175
513032.171735	6.19030814192	17.5811002452
513032.271792	6.19080287544	17.5817510632
513032.371848	6.19203029508	17.5812094459
513032.471905	6.18990473817	17.5879376131
513032.571961	6.19590963654	17.5895016015
513032.672018	6.19271546593	17.5856411306
513032.772074	6.19487921348	17.5857744006
513032.87213	6.19662517456	17.5859276886
513032.972187	6.19127605798	17.5837122504
513033.072243	6.19194393863	17.5831748422
513033.1723	6.19206293641	17.592437252
513033.272356	6.19274794115	17.5901874364
513033.372413	6.18137840348	17.5753560614
513033.472469	6.18714155683	17.5807927518
513033.572526	6.18755341681	17.5751572621
513033.672582	6.18940192224	17.5668198799
513033.772638	6.1857429341	17.5631613828
513033.872695	6.18473886868	17.5594614424
513033.972751	6.18509336725	17.5580586872
513034.072808	6.18543616014	17.5594209145
513034.172865	6.18644662544	17.5611574775
513034.272921	6.18845433102	17.5636654569
513034.372977	6.190206325	17.5643807746
513034.473034	6.19170432938	17.5665409549
513034.57309	6.19664274944	17.5724369972
513034.673147	6.20399303093	17.573488297
513034.773203	6.21468688112	17.5742134806
513034.873259	6.22844461215	17.5782111689
513034.973316	6.23584183158	17.5792996867
513035.073373	6.24430493726	17.5838567283
513035.173429	6.251364318	17.5879847138
513035.273485	6.25828080735	17.592200832
513035.373542	6.2642607369	17.5984323448
513035.473598	6.27087777417	17.6043004629
513035.573655	6.2754596599	17.6098354114
513035.673711	6.27649363975	17.6130296667
513035.773768	6.27518841549	17.6139726346
513035.873824	6.27288089334	17.6139801936
513035.97388	6.27203150984	17.6113698765
513036.073937	6.27045630328	17.6085528826
513036.173994	6.27171437915	17.6048147885
513036.27405	6.27303057996	17.6013693789
513036.374107	6.27659336899	17.5964903707
513036.474163	6.27959818469	17.5918610304
513036.57422	6.27962079858	17.5887829291
513036.674276	6.28180712752	17.585332589
513036.774332	6.28275594084	17.5821230042
513036.874389	6.2826761972	17.5808599171
513036.974445	6.28172750867	17.5820599588
513037.074502	6.28066958143	17.5819366269
513037.174558	6.28103705458	17.5826328833
513037.274615	6.28072780922	17.5848177502
513037.374671	6.28349983474	17.5861124869
513037.474728	6.28934140939	17.583116871
513037.574784	6.29641329242	17.5820902186
513037.67484	6.29808491647	17.5843964882
513037.774897	6.29527599756	17.5878233645
513037.874953	6.29460213035	17.59316299
513037.97501	6.29194951134	17.5969405241
513038.075066	6.28822142023	17.6015029007
513038.175123	6.28557618285	17.6032286483
513038.275179	6.28489116299	17.6036660762
513038.375236	6.28816623825	17.6040688442
513038.475292	6.28917761243	17.6038227319
513038.575349	6.29017533941	17.6019153393
513038.675405	6.29271556132	17.5954095733
513038.775462	6.27302904591	17.5650822313
513038.875518	6.28765668517	17.5679176797
513038.975574	6.27083544279	17.5525471814
513039.075631	6.25355289473	17.5383474223
513039.175687	6.25973347589	17.5279247477
513039.275744	6.24190912422	17.5143056139
513039.3758	6.23113238888	17.5056679021
513039.475857	6.24152217348	17.4932362841
513039.575913	6.24391927892	17.4805808825
513039.67597	6.25151412192	17.4764632672
513039.776026	6.26502975416	17.4827577202
513039.876083	6.28124327405	17.491936561
513039.976139	6.29405575853	17.5039472218
513040.076196	6.25773142047	17.5469940876
513040.176252	6.27091315159	17.5563974054
513040.276308	6.27139770936	17.5583052925
513040.376365	6.27649038876	17.5604454715
513040.476421	6.28093147061	17.570317853
513040.576478	6.27917889101	17.5780647986
513040.676534	6.287856757	17.5871751828
513040.776591	6.29848057244	17.5956722766
513040.876647	6.31022649135	17.6045953523
513040.976704	6.32452687981	17.6177765326
513041.07676	6.33271642669	17.6257596042
513041.176816	6.34024725551	17.6354286058
513041.276873	6.3413992753	17.6385759177
513041.376929	6.34579266286	17.6394504305
513041.476986	6.34491846372	17.6424590215
513041.577042	6.34026044679	17.6443151128
513041.677099	6.32937360916	17.644868839
513041.777155	6.31271935544	17.6456626722
513041.877212	6.29358716925	17.6460466129
513041.977268	6.27651620828	17.6434712616
513042.077325	6.17673662692	17.5749455352
513042.177381	6.18416353549	17.5703329477
513042.277438	6.18562225007	17.5624349784
513042.377494	6.19233307041	17.5782949218
513042.477551	6.18382558931	17.5541461638
513042.577607	6.17917577744	17.5518146114
513042.677663	6.18134770761	17.566289864
513042.77772	6.19324777043	17.5539483992
513042.877776	6.17374263734	17.5271401283
513042.977833	6.15476257414	17.4840397447
513043.077889	6.1650836616	17.4897292291
513043.177946	6.17476890103	17.5002515542
513043.278002	6.19095291194	17.5476874307
513043.378059	6.10796362621	17.4766609941
513043.478115	6.11326959777	17.4915657006
513043.578171	6.11503767754	17.5040678919
513043.678228	6.19431602507	17.372229292
513043.778284	6.19248777288	17.3787646966
513043.878341	6.18749849303	17.3847497591
513043.978397	6.18397243092	17.3871416166
513044.078454	6.18378393407	17.3923992313
513044.17851	6.18321588317	17.393881073
513044.278567	6.18257928885	17.3940516739
513044.378623	6.18376974762	17.3902882833
513044.47868	6.18592315404	17.387610508
513044.578736	6.18773399028	17.3889683145
513044.678793	6.19007956521	17.3898465972
513044.778849	6.19285877226	17.391567537
513044.878905	6.19673372191	17.3948295432
513044.978962	6.1993828628	17.3971000255
513045.079018	6.2896988148	17.5820288577
513045.179075	6.29425567202	17.6009714183
513045.279131	6.28280998053	17.5882335207
513045.379188	6.25802350118	17.5698544771
513045.479244	6.24870812684	17.5602154303
513045.579301	6.23582285899	17.5424200192
513045.679357	6.23751713236	17.5418148131
513045.779414	6.2542431945	17.5185186354
513045.87947	6.22776051868	17.5325678931
513045.979527	6.29469759246	17.5862015923
513046.079583	6.32043098577	17.6163404734
513046.179639	6.33360630535	17.6526618062
513046.279696	6.33613216143	17.6629186237
513046.379752	6.33278139839	17.6574015526
513046.479809	6.3317199046	17.6670178825
513046.579865	6.31086235113	17.6681412468
513046.679922	6.29847723091	17.6694041874
513046.779978	6.28307410517	17.6754704934
513046.880035	6.2696928137	17.6762013407
513046.98009	6.26091905353	17.673600266
513047.080147	6.25064798889	17.6746961303
513047.180204	6.24165378692	17.6705398054
513047.28026	6.23935010688	17.6713812165
513047.380317	6.23312509146	17.6707243178
513047.480373	6.23211755771	17.6758124994
513047.58043	6.2272856913	17.6836063553
513047.680486	6.22521900166	17.6687915069
513047.780543	6.23433785409	17.6681121592
513047.880599	6.25329149779	17.6625409985
513047.980656	6.25185892778	17.6715098118
513048.080712	6.27782075654	17.6699385611
513048.180769	6.28969447969	17.6754611943
513048.280825	6.30016779571	17.6743125959
513048.380882	6.30142645604	17.680358366
513048.480938	6.31115540053	17.6781266872
513048.580994	6.32029326576	17.686047092
513048.681051	6.32414024243	17.6851652781
513048.781107	6.32737211516	17.6875191159
513048.881164	6.33070587235	17.6927689979
513048.98122	6.32850727123	17.6860601597
513049.081277	6.31912020766	17.670917935
513049.181333	6.30393070419	17.6578067892
513049.28139	6.26886917133	17.6310424296
513049.381446	6.2850450529	17.6527514116
513049.481503	6.28252102498	17.6538408918
513049.581559	6.28284646334	17.6578501824
513049.681616	6.28170194292	17.6536517057
513049.781672	6.2752939988	17.6585468532
513049.881729	6.27361551484	17.6560922529
513049.981785	6.25326015382	17.6470063796
513050.081842	6.20016830581	17.6121013845
513050.181898	6.12421766761	17.5574011686
513050.281954	6.12634994806	17.5144736543
513050.382011	6.12970213482	17.4460460361
513050.482068	6.13158059981	17.3533106565
513050.582124	6.11065408375	17.2500008013
513050.682181	6.08381449019	17.1473607764
513050.782237	6.0732163075	17.0597576341
513050.882293	6.06717421963	16.965210835
513050.98235	6.06810967697	16.8703715404
513051.082406	6.07595850231	16.7610088923
513051.182463	6.09566565115	16.6287113579
513051.282519	6.10193159935	16.5117638109
513051.382576	6.1037484337	16.4135726101
513051.482632	6.10884659099	16.3134778152
513051.582689	6.10567736432	16.2063078039
513051.682745	6.09498084485	16.0943481842
513051.782802	6.0743962759	15.9782783361
513051.882858	6.07304806887	15.8860780826
513051.982915	6.07313555192	15.8004804118
513052.082971	6.7603944889	15.4301803904
513052.183027	6.75438628194	15.328633024
513052.283084	6.75863627485	15.2028209343
513052.38314	6.75905856216	15.0825404543
513052.483197	6.74802889209	14.9906131104
513052.583253	6.73624799205	14.9043221694
513052.68331	6.72818390871	14.8424945362
513052.783366	6.69596292268	14.6576972374
513052.883423	6.65522352415	10.7509482439
513052.983479	6.54107355761	14.4139792528
513053.083536	6.55759134911	14.3305387495
513053.183592	6.54076207096	14.2472265011
513053.283649	6.04477296554	14.066728566
513053.383705	6.09664948107	13.9718659287
513053.483762	6.12509213837	13.8053662212
513053.583818	6.16170014925	13.7234208123
513053.683874	6.16171635138	13.6118183282
513053.783931	6.1759528146	13.5324173101
513053.883987	6.18137173379	13.4340554912
513053.984044	6.17680212593	13.337327887
513054.0841	6.16403643069	13.235656343
513054.184157	6.16398283119	13.1567729414
513054.284213	6.16185499616	13.0877080228
513054.38427	6.16022653865	13.025872992
513054.484326	6.16293994109	12.9574349415
513054.584383	6.168843498	12.8755142239
513054.684439	6.17087117085	12.8107019113
513054.784496	6.16090570643	12.7631549785
513054.884552	6.15219851684	12.71752184
513054.984609	6.13583635367	12.6611122047
513055.084665	6.11212612161	12.5998579506
513055.184721	6.07608047586	12.5216409841
513055.284778	6.03908419973	12.4362982445
513055.384834	6.01245681609	12.3751913763
513055.484891	5.99642092853	12.3189998447
513055.584947	5.98535509495	12.2783824075
513055.685004	5.98703991724	12.2377367586
513055.78506	5.98816721959	12.2015685907
513055.885117	5.98111805296	12.1724540968
513055.985173	5.97570374066	12.1397002191
513056.08523	5.97045859083	12.10259053
513056.185286	5.95066315914	12.0707863544
513056.285343	5.94147101429	12.0388492424
513056.385399	5.93704479401	12.0093319428
513056.485455	5.93872146604	11.960312338
513056.585512	5.94537910748	11.8939237301
513056.685569	5.95865823196	11.8136959327
513056.785625	5.96582126685	11.7400317831
513056.885681	5.96124053329	11.6663701794
513056.985738	5.96748154363	11.572847399
513057.085795	5.97692087148	11.4637361255
513057.185851	5.97794347728	11.3460190658
513057.285907	5.97145417637	11.2120822076
513057.385964	5.9837640586	11.1042734481
513057.48602	5.9917590467	10.9987108437
513057.586077	6.00352178929	10.8935592758
513057.686133	5.84460903432	10.1736404372
513057.78619	5.93507806242	10.0264978223
513057.886246	5.95516381861	9.92448788497
513057.986303	5.96167300655	9.83283166774
513058.086359	5.97010966025	9.73074732624
513058.186416	5.96986294125	9.6305602374
513058.286472	6.07681537298	9.45439811354
513058.386529	6.04620044393	9.31767282332
513058.486585	6.08892802788	9.23858172688
513058.586641	6.06420205511	9.10235147101
513058.686698	6.05368147218	9.00898489412
513058.786754	6.09385067381	8.91063097361
513058.886811	6.13587177854	8.8627326969
513058.986867	6.15014863148	8.77735896341
513059.086924	6.15824910008	8.70337722169
513059.18698	6.16985482362	8.63449939883
513059.287037	6.1663799625	8.56821560111
513059.387093	6.15420465881	8.50342956805
513059.48715	6.1398401665	8.4338825001
513059.587206	6.13392021771	8.37718182015
513059.687263	6.13440519783	8.32300878448
513059.787319	6.13496739761	8.26838537437
513059.887375	6.13875046909	8.20372568082
513059.987432	6.15079984418	8.12922999598
513060.087488	6.16018153451	8.06965612262
513060.187545	6.16667797874	8.01512294912
513060.287601	6.17216637101	7.96711403276
513060.387658	6.17227046633	7.90976228244
513060.487714	8.07454009243	8.12986700491
513060.587771	8.02536119495	8.07168093576
513060.687827	7.98270282979	8.02104843254
513060.787884	7.94643181148	7.97378150509
513060.88794	7.91590381547	7.9194276252
513060.987997	7.89570488496	7.86002232909
513061.088053	7.87996035825	7.78840173164
513061.18811	7.86897797852	7.72004218559
513061.288166	7.85893885419	7.65379431406
513061.388223	7.84761245584	7.5893199773
513061.488279	7.81756742051	7.51959831458
513061.588335	7.77337018697	7.44360969999
513061.688392	7.71858285198	7.36327120595
513061.788448	7.676298682	7.2887271286
513061.888505	7.64179146342	7.23011043416
513061.988561	7.6097149497	7.17866545319
513062.088618	6.34239363491	6.99652077642
513062.188674	6.50232667081	6.89718073249
513062.288731	6.51114085646	6.83563786343
513062.388787	6.51279745505	6.77959395314
513062.488844	6.51442244774	6.73108953892
513062.5889	6.52460211014	6.69370650168
513062.688957	6.53829991881	6.65178792182
513062.789013	6.55379900788	6.60238509257
513062.889069	6.57375321033	6.54407855258
513062.989126	6.5996342095	6.47783486698
513063.089182	6.62574665803	6.40601274691
513063.189239	6.65926026785	6.35068670551
513063.289295	6.69793370412	6.3009136985
513063.389352	6.74448082887	6.26276373024
513063.489408	6.80050804838	6.22526752279
513063.589465	6.87002535412	6.19554985461
513063.689521	6.93330830458	6.17236252442
513063.789578	6.98864629913	6.1535118491
513063.889634	7.0435558102	6.13403627226
513063.989691	7.09714428459	6.11392002229
513064.089747	7.16729087459	6.0834560959
513064.189804	7.25671391818	6.04462518456
513064.28986	7.35422895467	5.99335201655
513064.389916	7.43422326084	5.9549807906
513064.489973	7.51104642276	5.92617200389
513064.590029	7.58509275947	5.89631476991
513064.690086	7.66165728103	5.87256889788
513064.790143	7.75487784619	5.85736334854
513064.890199	7.87623761823	5.84438713456
513064.990255	7.99524009661	5.83916600062
513065.090312	8.09613827293	5.82928796355
513065.190368	8.20883368057	5.83112358232
513065.290425	8.33230580746	5.82751298934
513065.390481	8.460571872	5.81297487782
513065.490538	8.59859086825	5.79893065212
513065.590594	8.70585608218	5.79199968681
513065.690651	8.81833226402	5.79081536517
513065.790707	8.92467554154	5.78837204215
513065.890764	9.0323144851	5.78964102966
513065.99082	9.15953709952	5.79453878219
513066.090877	9.27990903885	5.79710272865
513066.190933	9.38212491861	5.7875594417
513066.290989	9.48507014336	5.77745316641
513066.391046	9.59781546035	5.76496895245
513066.491102	9.72521724378	5.7458096811
513066.591159	9.85475644739	5.71311587854
513066.691215	9.95553879191	5.70070709395
513066.791272	10.0551890155	5.70049606335
513066.891328	10.1557694154	5.70033373615
513066.991385	10.2619306868	5.70800670562
513067.091441	10.3826207994	5.72663201147
513067.191498	10.5042657792	5.74721211368
513067.291554	10.5969931961	5.76018765383
513067.39161	10.6902857009	5.76940511259
513067.491667	10.7869113528	5.7797885176
513067.591723	10.8953888367	5.7876363006
513067.69178	11.0160829346	5.78340679331
513067.791836	11.1268991022	5.77693137981
513067.891893	11.6492917603	5.56365378248
513067.991949	11.754693207	5.51568689872
513068.092006	11.8858313875	5.56876895887
513068.192062	12.0072171155	5.51118980931
513068.292119	12.1588674567	5.54894078721
513068.392175	12.2663690351	5.55301979973
513068.492232	12.3692698891	5.54473214999
513068.592288	12.4764225635	5.53658600541
513068.692345	12.5885964995	5.52498908814
513068.792401	12.7155192689	5.49724017989
513068.892457	12.8391867079	5.4719454567
513068.992514	12.9411009688	5.469131931
513069.09257	13.0378535697	5.46461706305
513069.192627	13.1309501807	5.46614870142
513069.292683	13.2316521261	5.47900066616
513069.39274	13.348411169	5.49266041721
513069.492796	13.445626106	5.50424835167
513069.592853	13.5310188871	5.5111275039
513069.692909	13.6159563663	5.51586441426
513069.792966	13.7044585558	5.51598871792
513069.893022	13.8014633788	5.50652135727
513069.993079	13.9112891478	5.48481303495
513070.093135	14.0027616972	5.47077646778
513070.193192	14.084031306	5.47191298553
513070.293248	14.1686312365	5.4693186913
513070.393304	14.250244905	5.46854517684
513070.493361	14.3478419148	5.47779464591
513070.593417	14.4589583947	5.49316856821
513070.693474	14.5549238772	5.50420426761
513070.79353	14.6427286087	5.50455518151
513070.893587	14.7308306053	5.50430740233
513070.993643	14.8265304245	5.50547598853
513071.0937	14.9347983121	5.49570950466
513071.193756	15.048369658	5.48090326569
513071.293813	15.1396749926	5.47759822867
513071.393869	15.2241311846	5.47979916532
513071.493926	15.3057169708	5.4763172708
513071.593982	15.3929224016	5.48153386438
513071.694039	15.4980022241	5.49251206516
513071.794095	15.6103945887	5.50505194115
513071.894152	15.7021837195	5.51061290893
513071.994208	15.7943309215	5.51501876415
513072.094264	15.8905323596	5.52107485262
513072.194321	16.0041791117	5.52911573851
513072.294377	16.1240250044	5.52494199976
513072.394434	16.2263253055	5.52294417801
513072.494491	16.3134630352	5.53200694067
513072.594547	16.397987215	5.53714295444
513072.694603	16.4798625576	5.54326677473
513072.79466	16.5724079408	5.55592254218
513072.894716	16.6722160526	5.56945447873
513072.994773	16.7515399623	5.57838833286
513073.094829	16.8325526502	5.57832194098
513073.194886	16.915338186	5.57378482096
513073.294942	17.0048034336	5.56565394932
513073.394999	17.1063006509	5.54897092562
513073.495055	17.2149701853	5.5272223351
513073.595112	17.302305219	5.51872460029
513073.695168	17.3802467133	5.51405458263
513073.795225	17.4579125805	5.5104496611
513073.895281	17.5367867073	5.50721149423
513073.995338	17.6253115703	5.50822196147
513074.095394	17.7006901941	5.51138391645
513074.195451	17.7640957701	5.50168590943
513074.295507	17.8291384664	5.49797537574
513074.395564	17.8947764851	5.48633718848
513074.49562	17.9725305433	5.47067636705
513074.595676	18.7809610227	5.49475436767
513074.695733	18.8962661772	5.51750932334
513074.795789	18.9773630108	5.48646985084
513074.895846	19.0483857274	5.48838549836
513074.995902	19.1131277868	5.47988211525
513075.095959	19.1759340958	5.48301145072
513075.196015	19.2247591043	5.49624783525
513075.296072	19.245986676	5.53688756632
513075.396128	19.2250014506	5.49467392711
513075.496185	19.2533646937	5.49607363159
513075.596241	19.2940553746	5.51319701237
513075.696298	19.3694786632	5.45628555622
513075.796354	19.3937879241	5.4635597937
513075.896411	19.4090284546	5.45705610471
513075.996467	19.4197750507	5.46581659824
513076.096524	19.4271454717	5.42985307781
513076.19658	19.4465047906	5.4799758965
513076.296636	19.4707794507	5.47568367323
513076.396693	19.4935736075	5.42769054098
513076.496749	19.5412706216	5.49733827875
513076.596806	19.6274088012	5.53078331265
513076.696862	19.7078367175	5.48587544999
513076.796919	19.8025915872	5.51022187214
513076.896976	19.8774832503	5.52340287329
513076.997032	19.9557106318	5.52248915618
513077.097088	20.0465852702	5.5233485137
513077.197145	20.1451532349	5.52288543754
513077.297201	20.2637519571	5.51038331025
513077.397258	20.3821699608	5.49895236959
513077.497314	20.4808753282	5.49865427981
513077.597371	20.5822617354	5.49366439664
513077.697428	20.6752346276	5.4962135562
513077.797484	20.7837333994	5.5087665881
513077.89754	20.9048352307	5.52816325146
513077.997597	20.9972004776	5.5374571621
513078.097653	21.0834055299	5.53943426994
513078.19771	21.1687957054	5.54430474532
513078.297766	21.2605712715	5.54459381412
513078.397823	21.3625129405	5.53837113559
513078.497879	21.4834192117	5.52470246731
513078.597936	21.5814892181	5.52238239423
513078.697992	21.6678191682	5.524465806
513078.798049	21.7531211882	5.52028591516
513078.898105	21.84329186	5.52599856342
513078.998162	21.9522638606	5.53453476143
513079.098218	22.060249033	5.54179868986
513079.198275	22.1420436633	5.54179141423
513079.298331	22.2224310711	5.54045830877
513079.398388	22.3041491692	5.53529373319
513079.498444	22.3978474502	5.52829198122
513079.598456	22.5005706294	5.51230194165
513079.71511	22.6088707455	5.50185123177
513079.831764	22.707645641	5.50427849809
513079.948419	22.8042712111	5.50141758888
513080.065073	22.9073573921	5.50824290224
513080.181727	23.0302805673	5.5222721075
513080.298381	23.1298861312	5.52571863334
513080.415036	23.2235916964	5.51539235931
513080.53169	23.328569139	5.50086461132
513080.648344	23.4351730688	5.48341369058
513080.764999	23.5333150771	5.46511779464
513080.881653	23.6155683473	5.46102522227
513080.998307	23.6970552771	5.46197304894
513081.114961	23.7765932797	5.46625016725
513081.231616	23.872347913	5.48665159604
513081.34827	23.9420858896	5.50347671778
513081.464924	24.0042554377	5.52173057713
513081.581578	24.0598091376	5.539645834
513081.698232	24.1071815227	5.55563386807
513081.814887	24.1645222978	5.55842455016
513081.931541	24.2321570598	5.55770269245
513082.048195	24.2887298204	5.55353054079
513082.164849	24.3401068907	5.54512835354
513082.281504	24.3863429705	5.5543445038
513082.398158	24.4304194955	5.57213911098
513082.514812	24.4792515276	5.59737603312
513082.631466	24.5391759006	5.61660932517
513082.748121	24.6113506835	5.64630930516
513082.864775	24.7001745043	5.67736926278
513082.981429	24.8072596918	5.70152161705
513083.098083	24.8948793327	5.72837006057
513083.214738	24.9747669712	5.76595574017
513083.331392	25.0440862686	5.80816554839
513083.448046	25.1054570047	5.87401096476
513083.5647	25.1627597388	5.94811557364
513083.681355	25.2088810747	6.01629032322
513083.798009	25.2506807453	6.09345313767
513083.914663	25.2942457204	6.19233497144
513084.031317	25.7850246703	6.06763968128
513084.147972	25.7947027058	6.1552748853
513084.264626	25.8062716469	6.29522345014
513084.38128	25.8100420617	6.39169730471
513084.497934	25.7458952853	6.45500237315
513084.614589	25.7529563523	6.52377570907
513084.731243	25.763860193	6.5790066674
513084.847897	25.7900711525	6.6350235729
513084.964551	25.8177785273	6.68656714168
513085.081205	25.7852646564	7.26961560821
513085.19786	25.7696502486	7.29200352822
513085.314514	25.7714305223	7.30737572174
513085.431168	25.7744907022	7.31439849932
513085.547823	25.7734367764	7.32667101342
513085.664477	25.7751808951	7.33383781384
513085.781131	25.7872254932	7.34400969341
513085.897785	25.7984801872	7.36755751956
513085.997786	25.8148989318	7.38561061973
513086.097842	25.8367324171	7.38881964087
513086.197899	25.8907245136	7.41792519905
513086.297955	25.9774836825	7.46380958215
513086.398012	26.0829666831	7.49981740065
513086.498068	26.1685117046	7.53064453479
513086.598125	26.2539865128	7.56852911677
513086.698181	26.3465629764	7.60602115318
513086.798238	26.4369719391	7.64780047778
513086.898294	26.5166896255	7.67270441463
513086.998351	26.5937700053	7.66877694128
513087.098408	26.6781463575	7.65965180625
513087.198464	26.7718049933	7.6476321743
513087.298521	26.8736321904	7.6211110595
513087.398577	26.9895990311	7.5749384059
513087.498634	27.0853825428	7.55542444927
513087.59869	27.1814965939	7.53211113169
513087.698746	27.2736399624	7.50506469485
513087.798803	27.3758879453	7.48031426897
513087.89886	27.4999876153	7.46490479448
513087.998916	27.6049715592	7.44431452695
513088.098972	27.7051135348	7.42627277699
513088.199029	27.8135423262	7.40417521867
513088.299086	27.9276586454	7.37919458408
513088.399142	28.0569038541	7.34478054618
513088.499199	28.1616682351	7.32845663448
513088.599255	28.2669778477	7.32610523588
513088.699311	28.2572306535	7.05887050686
513088.799368	28.3930931056	7.11845756053
513088.899424	28.5159390001	7.18311210391
513088.999481	28.6126049832	7.18676775724
513089.099538	28.6954419714	7.18349064073
513089.199594	28.7833408299	7.16681781341
513089.299651	28.8887741011	7.15338333037
513089.399707	29.0019636944	7.12863456138
513089.499764	29.1341774568	7.09103396807
513089.59982	29.2444192602	7.07378000623
513089.699877	29.3601786923	7.06851754854
513089.799933	29.4713146628	7.06658400984
513089.89999	29.5916809201	7.06728185935
513090.000046	29.7336711274	7.0783928204
513090.100103	29.8640190351	7.08793813027
513090.200159	29.9704799804	7.09197734134
513090.300216	30.077266373	7.09119864996
513090.400272	30.1949290852	7.09140614886
513090.500329	31.3957537858	7.12281594685
513090.600385	31.5224201743	7.10366837199
513090.700442	31.6159793514	7.10821551081
513090.800498	31.7153380252	7.1014179487
513090.900555	32.0235120816	7.00080210011
513091.000611	32.1480780089	7.04058604815
513091.100668	32.2800379228	7.10272742873
513091.200724	32.3936684153	7.17301218686
513091.300781	32.4827062821	7.16626786586
513091.400837	32.5790254348	7.16514785605
513091.500894	32.6821137841	7.15286444275
513091.60095	32.8025801919	7.12689960099
513091.701007	32.9049450629	7.11774543347
513091.801063	32.9985055383	7.13121684921
513091.90112	33.0928601919	7.13205460433
513092.001176	33.1792623869	7.1477928729
513092.101233	33.2843599164	7.17280675299
513092.201289	33.3913970969	7.19811415282
513092.301346	33.4695545831	7.21084157841
513092.401402	32.7798183252	7.76341804525
513092.501459	32.8634676083	7.76239381724
513092.601515	32.9500314229	7.75592712603
513092.701572	33.061542571	7.74431485865
513092.801628	33.1485384686	7.73427105906
513092.901685	33.2290544261	7.74046823473
513093.001741	33.3060975664	7.74107537989
513093.101798	33.3804571861	7.7475685353
513093.201854	33.477396343	7.76934706267
513093.301911	33.5694145163	7.78483719435
513093.401967	33.6431657537	7.79901463705
513093.502024	33.7209052081	7.81186297279
513093.60208	33.7985249594	7.82683634293
513093.702137	33.8857045236	7.83596248508
513093.802193	33.9890256732	7.83825151349
513093.90225	34.0736625723	7.84467305708
513094.002306	34.1514282073	7.86015595438
513094.102363	34.2236366756	7.88638352004
513094.202419	34.2937205234	7.91572622413
513094.302476	34.364938802	7.96465317358
513094.402532	34.4478416298	8.02968606332
513094.502589	34.504824012	8.08883638556
513094.602645	34.5525936636	8.16049573236
513094.702702	34.5951205396	8.24508772793
513094.802758	34.6493281433	8.33886956045
513094.902815	34.7033650793	8.44695072416
513095.002871	34.7559765991	8.5656753736
513095.102928	34.7891499635	8.66155808314
513095.202984	34.8168821063	8.76423078574
513095.303041	34.838684296	8.85927089004
513095.403097	34.8522499699	8.9586039429
513095.503154	34.8495740886	9.07278091326
513095.619808	34.8455396674	9.18439273855
513095.736462	34.8339197152	9.24044639865
513095.853116	34.8295809407	9.30340252573
513095.969771	34.8419507715	9.36150196538
513096.086425	34.851269059	9.41075981671
513096.203079	34.8464156482	9.44721387689
513096.319733	34.8467076691	9.46857878091
513096.436388	34.8413559882	9.49820629535
513096.553042	34.8272307849	9.52480161508
513096.669696	34.8109778807	9.54396552924
513096.78635	34.8035599334	9.55802024228
513096.903004	34.8024909263	9.58226085538
513097.019659	34.8122824579	9.61791287928
513097.136313	34.8305393448	9.68058866792
513097.252967	34.858007722	9.77325754487
513097.369621	34.8877678191	9.86194169855
513097.486276	34.8937919056	9.94547008883
513097.60293	34.8946551256	10.0360410607
513097.719584	34.8877635213	10.1325873822
513097.836238	34.8644929369	10.2438609406
513097.952892	34.8389288222	10.3558431733
513098.069547	34.8306518724	10.4569967849
513098.186201	34.8278413298	10.5561713065
513098.302866	34.8272052806	10.6723865424
513098.402923	34.8348154763	10.782526296
513098.502979	34.8488599508	10.9071463438
513098.603036	34.8461464665	11.0044800426
513098.703092	34.8517913499	11.1037592313
513098.803149	34.8567936038	11.1949810657
513098.903205	34.8584840417	11.2920742853
513099.003262	34.8590357157	11.3939094231
513099.103318	34.869217782	11.4785181508
513099.203374	34.8831426671	11.5663902149
513099.303431	34.8988911031	11.6678974413
513099.403487	34.9183653133	11.775878199
513099.503544	34.9511162701	11.9008030157
513099.6036	34.9681899618	12.0033059234
513099.703657	34.973676067	12.0991241252
513099.803713	34.9715467639	12.1872357983
513099.90377	34.957973048	12.2662564036
513100.003826	34.9308108083	12.349768791
513100.103883	34.921453865	12.4075502957
513100.203939	34.9152474823	12.455990776
513100.303996	34.9027980892	12.4975217598
513100.404052	34.88841689	12.5381183854
513100.504097	34.8809429277	12.5850380229
513100.620752	34.8698344048	12.646874281
513100.737406	34.8698847735	12.7131713395
513100.85406	34.8716148596	12.7766158641
513100.970714	34.8574797674	12.8300610629
513101.087368	34.8272368613	12.8868282993
513101.204023	34.7773859258	12.9514043307
513101.320677	34.5035763909	13.4155660274
513101.437331	34.4024236728	13.4385506733
513101.553985	34.3181212774	13.4841215689
513101.67064	34.2279396872	13.5370373586
513101.787294	34.1215032921	13.6019528906
513101.903948	33.9925142036	13.6763962828
513102.020602	33.8701359097	13.7357801997
513102.137257	33.7587146954	13.7524149646
513102.253911	33.642648363	13.7669955196
513102.370565	33.524398968	13.7676359621
513102.487219	33.4177324157	13.7643168905
513102.603873	33.3207772442	13.7749327098
513102.720527	33.2185832841	13.7827779706
513102.837182	33.1094001319	13.79643336
513102.953836	32.9873231731	13.8292635936
513103.07049	32.8801942725	13.8567575685
513103.187144	32.7874022622	13.8826179963
513103.303798	32.705921281	13.9062998416
513103.420453	32.6108083352	13.9229790844
513103.537107	32.5369518241	13.9454039674
513103.653761	32.4743841149	13.9765790192
513103.770415	32.3996172084	14.0162118301
513103.887069	32.3230944835	14.062363782
513104.003724	32.2522675958	14.0886127835
513104.120378	32.1958286658	14.1040456734
513104.237032	32.1527739932	14.1014277999
513104.353686	32.1138390498	14.1049061736
513104.47034	32.0716891898	14.1115799207
513104.586995	32.0386379447	14.115891718
513104.703649	32.0140868555	14.1097618225
513104.820303	31.8271481403	14.1595045762
513104.936957	31.8077433278	14.190752788
513105.053612	31.763457716	14.1945177334
513105.170266	31.6821728683	14.1455248923
513105.28692	31.5943829615	14.1077393963
513105.403574	31.5097185913	14.0973011533
513105.520228	31.4120618821	14.0906803344
513105.636883	31.2745229469	14.0640076421
513105.753537	31.151707715	14.0367499793
513105.870191	31.0134038005	14.044959129
513105.986845	30.8990002778	14.0464680643
513106.103499	30.7912795452	14.0497413167
513106.220153	30.6835216021	14.0441364434
513106.336808	30.5594502926	14.0277250132
513106.453462	30.4459681826	14.0135238434
513106.570116	30.3488323908	14.012885136
513106.68677	30.25037464	14.0109962988
513106.803424	30.138222562	14.0124678638
513106.920079	30.0143620671	14.0248557731
513107.036733	29.896492444	14.0347635504
513107.153387	29.797391453	14.0375570568
513107.270041	29.7056439673	14.0445253039
513107.386696	29.6099003913	14.0428188254
513107.50335	29.5297193951	14.0448085616
513107.620004	29.4586094485	14.0608781516
513107.736658	29.3801019373	14.0760741019
513107.853312	29.2929238377	14.102434271
513107.969967	29.1913720832	14.13145191
513108.086621	29.1020512143	14.159618686
513108.203275	29.0249624331	14.1956599099
513108.319929	28.9436510171	14.230785189
513108.436583	28.8412825945	14.2650571959
513108.553237	28.7609289815	14.3086073793
513108.669892	28.7060735255	14.3674984358
513108.786546	28.6413264509	14.4389119635
513108.88658	28.580575514	14.5120242509
513108.986636	28.5125649641	14.6022887661
513109.086693	28.461374558	14.6767338513
513109.186749	28.4201059363	14.7505567676
513109.286806	28.383579292	14.8270636454
513109.386829	28.3422793559	14.9103458967
513109.503483	28.2890085568	15.0217431411
513109.620137	28.2685732522	15.1059342685
513109.736791	28.2621316724	15.1954477789
513109.853445	28.2480051242	15.3077205371
513109.9701	28.241057398	15.4365070143
513110.086754	28.2355537018	15.575781884
513110.203408	28.4851982642	15.4987550858
513110.320062	28.4595479388	15.6156197973
513110.436716	28.4274246747	15.7195048338
513110.553382	28.3798373527	15.8350974667
513110.653438	28.3447252268	15.9255860445
513110.753495	28.3145755561	16.0148739399
513110.853551	28.2810351021	16.0966069567
513110.953608	28.2485603534	16.184927323
513111.053664	28.208499156	16.2920121742
513111.153721	28.1671813677	16.4020888442
513111.253777	28.1222306577	16.4885564316
513111.353834	28.0737191553	16.5623589941
513111.45389	28.0140262137	16.6267574128
513111.553946	27.9355103724	16.684904556
513111.654003	27.819756869	16.7411229378
513111.754059	27.7088149086	16.7816168178
513111.854116	27.6138794637	16.8116326703
513111.954172	27.5138682326	16.8427895724
513112.054229	27.3938433619	16.8800130332
513112.154285	27.25577718	16.9203260707
513112.254342	27.11214046	16.9618551288
513112.354398	26.9886376523	16.9857865599
513112.454455	26.8737455963	17.0078957521
513112.554511	26.7493493604	17.0213774614
513112.654567	26.6212787129	17.026360918
513112.754624	26.4800093741	17.0209846713
513112.85468	26.3655296523	17.0198662318
513112.954737	26.263989592	17.0282917727
513113.054793	26.1492159167	17.0388600774
513113.15485	26.0226310412	17.0526107787
513113.254906	25.87742736	17.0754384937
513113.354963	25.7480415766	17.0883948304
513113.455019	25.6305283203	17.0905597075
513113.555076	25.3396963765	17.5375118833
513113.655132	25.2144997213	17.5265137951
513113.755189	25.0821627454	17.5225269958
513113.855245	24.9431777067	17.5088542515
513113.955301	24.833584016	17.5020890953
513114.055358	24.7314979172	17.4998690641
513114.155414	24.6226060349	17.4997350363
513114.255471	24.4966709901	17.5053612702
513114.355527	24.3552445821	17.5199312262
513114.455584	24.2396320585	17.5262755532
513114.55564	24.1319008886	17.5298559765
513114.655697	22.5331042727	17.4126440126
513114.755753	22.4239682215	17.4184459358
513114.85581	22.2930734387	17.4162212033
513114.955866	22.1664459708	17.411630858
513115.055922	22.0589595356	17.4144378411
513115.155979	21.9527938889	17.4219158002
513115.256035	21.8405750348	17.4315997237
513115.356092	21.7055680438	17.4504767599
513115.456148	21.5578583686	17.4721294601
513115.556205	21.4440581752	17.4790654815
513115.656261	21.3340511058	17.4846641133
513115.756318	21.2162601384	17.4916790193
513115.856374	21.0944622804	17.491384587
513115.956431	20.9542997287	17.4843608068
513116.056487	20.8326991293	17.4771412616
513116.156544	20.7294333637	17.4808322971
513116.2566	20.6275681357	17.4908202362
513116.356657	20.5147976636	17.4999161821
513116.456713	20.3770333782	17.517148552
513116.556769	20.2445285705	17.5409080035
513116.656826	20.1383892752	17.5347161636
513116.756882	20.0274120027	17.5332366031
513116.856939	19.9215317942	17.5302831229
513116.956995	19.8085021843	17.5171927567
513117.057052	19.6793436823	17.494680239
513117.157108	19.5811956905	17.4853570788
513117.257165	19.4811607538	17.4810491991
513117.357221	19.3787084187	17.4816879026
513117.457278	19.2638527583	17.4898012044
513117.557334	19.1306164017	17.5066208262
513117.65739	19.0203369689	17.5175380968
513117.757447	18.918178957	17.5146726637
513117.857503	18.808207654	17.5143922802
513117.95756	18.7001588606	17.5066617989
513118.057616	18.5640403665	17.4920309695
513118.157673	18.4387041043	17.48165256
513118.257729	18.3298688126	17.4831160453
513118.357786	18.2203964372	17.4956912237
513118.457842	18.0996081206	17.5099604731
513118.557899	17.964781654	17.5399287812
513118.657955	17.8297616515	17.5677945565
513118.758012	17.7146481662	17.5709522629
513118.858068	17.6048484446	17.5807783061
513118.958124	17.5054328603	17.5855240943
513119.058181	17.3986536754	17.5813458932
513119.158237	17.2767777339	17.5708199017
513119.258294	17.1834765639	17.5644006043
513119.35835	17.089395799	17.5633285147
513119.458407	16.99543906	17.5688478071
513119.558463	16.8911776563	17.5783591523
513119.658519	16.7603378501	17.5917382007
513119.758576	16.6467356465	17.6065227952
513119.858632	16.5441978982	17.603100316
513119.958689	16.4361507407	17.6070898347
513120.058745	16.3365222481	17.6083600553
513120.158802	16.2092000289	17.5956490561
513120.258858	16.0703164901	17.5803315478
513120.358915	15.961783687	17.572726902
513120.458971	15.8597539135	17.568977526
513120.559028	15.7440345015	17.5668412214
513120.659084	15.6188590681	17.5716917657
513120.75914	15.4794293844	17.5813025249
513120.859197	15.3678057456	17.5833597442
513120.959253	15.2665648671	17.576584456
513121.05931	15.1629648177	17.5745259477
513121.159366	15.0598943228	17.5680538159
513121.259423	14.9335118884	17.5513555865
513121.359479	14.8079722891	17.5327186388
513121.459536	14.7053987059	17.5214808403
513121.559592	14.6040114495	17.5154704531
513121.659649	14.4897376593	17.5108197145
513121.759705	14.3603583935	17.5173113235
513121.859761	14.2206841318	17.5337351204
513121.959818	14.1145065346	17.534574378
513122.059874	14.0149271359	17.5403565372
513122.159931	13.9117499991	17.5427824068
513122.259987	13.7987231547	17.5394789344
513122.360044	13.6622694027	17.5258123157
513122.4601	13.5511473601	17.5224344819
513122.560157	13.4515746226	17.52850292
513122.660213	13.3528400584	17.5378668043
513122.760269	13.2414682561	17.549462282
513122.860326	13.1070301581	17.5714111842
513122.960382	12.9793991145	17.6000821227
513123.060439	12.8758045969	17.6081666001
513123.160495	12.7664362309	17.6181199551
513123.260552	12.6671640803	17.6282465254
513123.360608	12.547122892	17.6238983495
513123.460665	12.4179012409	17.6083128543
513123.560721	12.3227515313	17.6030648388
513123.660778	12.2279670308	17.6030068918
513123.760834	12.1279738076	17.6062805763
513123.86089	12.0182655267	17.616403501
513123.960947	11.8866916177	17.6386792219
513124.061003	11.7788847097	17.6472923418
513124.16106	11.6832663724	17.6472299037
513124.261116	11.5787819828	17.6523191469
513124.361173	11.4800011502	17.6500775256
513124.461229	11.3505446425	17.6394079506
513124.561286	11.2292932366	17.6282681518
513124.661342	11.1251141989	17.6195212601
513124.761399	11.0186943508	17.6211544765
513124.861455	10.9035776271	17.6250737532
513124.961511	10.0774394478	17.5747772053
513125.061568	9.93008381487	17.5856733495
513125.161624	9.81170411742	17.5870035477
513125.261681	9.61414316101	17.6088041188
513125.361737	9.49197997371	17.5795661996
513125.461794	9.37278407696	17.6134481698
513125.56185	9.28051047793	17.5564456784
513125.661907	9.179606812	17.5460343808
513125.761963	9.08735430358	17.5420164222
513125.86202	8.99288920163	17.5401127354
513125.962076	8.88527143991	17.5411852572
513126.062132	8.76740890342	17.5533597999
513126.162189	8.64008984891	17.5674062142
513126.262245	8.53825704806	17.5668542349
513126.362302	8.4376546742	17.5641177707
513126.462358	8.33546186302	17.5594679758
513126.562415	8.23375947254	17.548883
513126.662471	8.12635660957	17.533221434
513126.762528	8.04508239865	17.526210535
513126.862584	7.96806326674	17.5255261463
513126.962641	7.89009293269	17.5275115729
513127.062697	7.80068831644	17.5352416461
513127.162753	7.6963069411	17.554164207
513127.26281	7.59282231681	17.579248931
513127.362866	7.51090981142	17.5853951238
513127.462923	7.4332572052	17.595205848
513127.562979	7.36263647432	17.6008778587
513127.663036	7.2761288264	17.6021821342
513127.763092	7.18453333054	17.6072493365
513127.863149	7.11921017073	17.617846665
513127.963205	7.05965519412	17.6352276426
513128.063262	7.00161116682	17.6557722439
513128.163318	6.93727868571	17.6819142857
513128.263374	6.87732316857	17.7217269638
513128.363431	6.80694064664	17.7649141875
513128.463487	6.77152031792	17.7908441014
513128.563544	6.74244032768	17.8209241263
513128.6636	6.72411985883	17.8457580448
513128.763657	6.70124501809	17.8707770393
513128.863713	6.6600403571	17.8977500362
513128.96377	6.61664704694	17.9253362816
513129.063826	6.58984925646	17.9517459306
513129.163883	6.57302483656	17.9786657133
513129.263939	6.5594348808	18.0102985484
513129.363995	6.55793824157	18.0543177806
513129.464052	6.56686521113	18.1051277803
513129.564108	6.57790805626	18.1475730144
513129.664165	6.58195971794	18.1794588002
513129.764221	6.5847545044	18.1947296382
513129.864278	6.58095745843	18.2001735815
513129.964334	6.57073269583	18.1993501843
513130.064391	6.56411323954	18.192379659
513130.164447	6.561031425	18.1880166796
513130.264504	6.56635974708	18.1854415903
513130.36456	6.57457035318	18.1835627544
513130.464617	6.58632969537	18.1868894525
513130.564673	6.59831286074	18.1927609555
513130.664729	6.60865932989	18.1998788415
513130.764786	6.61905669549	18.2062782879
513130.864842	6.62792940881	18.2124668684
513130.964899	6.63006136199	18.2176104734
513131.064955	6.63071744862	18.2167512258
513131.165012	6.6307674596	18.21116693
513131.265068	6.63327404039	18.1994664486
513131.365125	6.63595526236	18.1799564619
513131.465181	6.6265585162	18.1490212864
513131.565238	6.60997071589	18.1081409693
513131.665294	6.60270888552	18.0730601383
513131.765351	6.6007765578	18.0485322795
513131.865407	6.60209297236	18.0331087614
513131.965463	6.58221662003	18.0394144239
513132.06552	6.53736162919	18.0633872622
513132.165576	6.53744377542	18.0684531726
513132.265633	6.53720385357	18.0776108112
513132.365689	6.5353646032	18.0844277576
513132.465746	6.5363937932	18.0922117587
513132.565802	6.53655924307	18.0985781399
513132.665859	6.53690782169	18.1045088334
513132.765915	6.53567078128	18.1113506829
513132.865972	6.53348314142	18.1130696482
513132.966028	6.5318984926	18.1162485052
513133.066085	6.53224283689	18.1173945262
513133.166141	6.53421424322	18.1163980815
513133.266197	6.53919433686	18.1080593912
513133.366254	6.55405396734	18.095813452
513133.46631	6.56401473846	18.0871362653
513133.566367	6.5649762738	18.0703945084
513133.666423	6.56615226118	18.0558039255
513133.76648	6.56194969465	18.0461375846
513133.866536	6.56069844082	18.0395838354
513133.966593	6.55981696403	18.0354828994
513134.066649	6.5617962375	18.039382531
513134.166706	6.54691447423	18.0390916464
513134.266762	6.53179089255	18.0272582675
513134.366819	6.5177337069	17.9946322196
513134.466875	6.51847684235	17.9485090492
513134.566931	6.51692458661	17.9077588083
513134.666988	6.51160600369	17.8876469357
513134.767045	6.50305617853	17.8705617684
513134.867101	6.48692495054	17.8605386743
513134.967157	6.46484398874	17.8547869356
513135.067214	6.44408448737	17.8498177054
513135.16727	6.42383432712	17.8472079074
513135.267327	6.40731150373	17.8434814
513135.367383	6.39549124182	17.8343542912
513135.46744	6.38802837047	17.8275931839
513135.567496	6.38354948714	17.8215065311
513135.667553	6.37870597598	17.8220856269
513135.767609	6.37408243304	17.8251383273
513135.867666	6.38771806907	17.8467161185
513135.967722	6.40408061142	17.8710027021
513136.067779	6.41082780129	17.870690566
