ARKit Data
192180.265353666
normal
simd_float4x4([[0.424078, -0.905178, 0.0284817, 0.0)], [0.0596685, -0.00345425, -0.998212, 0.0)], [0.903658, 0.425019, 0.0525457, 0.0)], [-1.53305, 0.0507034, 19.3823, 1.0)]])
-1.53305, 0.0507034, 19.3823
float3(-0.438983, 1.51271, -1.57461)
192180.599704291
notAvailable
simd_float4x4([[1.0, 0.0, 0.0, 0.0)], [0.0, 1.0, 0.0, 0.0)], [0.0, 0.0, 1.0, 0.0)], [0.0, 0.0, 0.0, 1.0)]])
0.0, 0.0, 0.0
float3(-0.0, 0.0, 0.0)
192180.699722208
notAvailable
simd_float4x4([[1.0, 0.0, 0.0, 0.0)], [0.0, 1.0, 0.0, 0.0)], [0.0, 0.0, 1.0, 0.0)], [0.0, 0.0, 0.0, 1.0)]])
0.0, 0.0, 0.0
float3(-0.0, 0.0, 0.0)
192180.79977325
limited(__ObjC.ARCamera.TrackingState.Reason.initializing)
simd_float4x4([[-0.0363069, -0.924691, 0.378983, 0.0)], [0.999277, -0.0378635, 0.00334748, 0.0)], [0.0112543, 0.378831, 0.925397, 0.0)], [0.0, 0.0, 0.0, 1.0)]])
0.0, 0.0, 0.0
float3(-0.388533, 0.0121609, -1.61172)
192180.89982425
limited(__ObjC.ARCamera.TrackingState.Reason.initializing)
simd_float4x4([[-0.0365161, -0.913216, 0.405834, 0.0)], [0.999323, -0.0352213, 0.010661, 0.0)], [0.00455819, 0.405949, 0.913884, 0.0)], [0.0, 0.0, 0.0, 1.0)]])
0.0, 0.0, 0.0
float3(-0.418017, 0.00498767, -1.60935)
192180.999875416
limited(__ObjC.ARCamera.TrackingState.Reason.initializing)
simd_float4x4([[-0.0360031, -0.914879, 0.402116, 0.0)], [0.999245, -0.0270717, 0.027874, 0.0)], [-0.0146154, 0.402816, 0.915163, 0.0)], [0.0, 0.0, 0.0, 1.0)]])
0.0, 0.0, 0.0
float3(-0.414591, -0.0159689, -1.60038)
192181.099926416
limited(__ObjC.ARCamera.TrackingState.Reason.initializing)
simd_float4x4([[-0.0428978, -0.916585, 0.39753, 0.0)], [0.998126, -0.0219373, 0.0571279, 0.0)], [-0.0436419, 0.399236, 0.915808, 0.0)], [0.0, 0.0, 0.0, 1.0)]])
0.0, 0.0, 0.0
float3(-0.410683, -0.0476179, -1.59473)
192181.199977416
limited(__ObjC.ARCamera.TrackingState.Reason.initializing)
simd_float4x4([[-0.0521216, -0.918201, 0.392666, 0.0)], [0.995521, -0.016719, 0.093048, 0.0)], [-0.078872, 0.395758, 0.91496, 0.0)], [0.0, 0.0, 0.0, 1.0)]])
0.0, 0.0, 0.0
float3(-0.406893, -0.0859901, -1.589)
192181.300028666
limited(__ObjC.ARCamera.TrackingState.Reason.initializing)
simd_float4x4([[-0.0638247, -0.920672, 0.385082, 0.0)], [0.992046, -0.0165815, 0.124781, 0.0)], [-0.108497, 0.389983, 0.914407, 0.0)], [0.0, 0.0, 0.0, 1.0)]])
0.0, 0.0, 0.0
float3(-0.400614, -0.118101, -1.5888)
192181.400079583
limited(__ObjC.ARCamera.TrackingState.Reason.initializing)
simd_float4x4([[-0.0706066, -0.921751, 0.381299, 0.0)], [0.988264, -0.0127309, 0.152226, 0.0)], [-0.13546, 0.387572, 0.911832, 0.0)], [0.0, 0.0, 0.0, 1.0)]])
0.0, 0.0, 0.0
float3(-0.397996, -0.14748, -1.58461)
192181.50013075
limited(__ObjC.ARCamera.TrackingState.Reason.initializing)
simd_float4x4([[-0.0742089, -0.925102, 0.372393, 0.0)], [0.98571, -0.0114173, 0.168066, 0.0)], [-0.151226, 0.379543, 0.912729, 0.0)], [0.0, 0.0, 0.0, 1.0)]])
0.0, 0.0, 0.0
float3(-0.389303, -0.164194, -1.58314)
192181.60018175
limited(__ObjC.ARCamera.TrackingState.Reason.initializing)
simd_float4x4([[-0.0741755, -0.933433, 0.350998, 0.0)], [0.984663, -0.01282, 0.173994, 0.0)], [-0.157912, 0.358521, 0.920068, 0.0)], [0.0, 0.0, 0.0, 1.0)]])
0.0, 0.0, 0.0
float3(-0.366683, -0.169975, -1.58453)
192181.700232875
limited(__ObjC.ARCamera.TrackingState.Reason.initializing)
simd_float4x4([[-0.0739444, -0.945567, 0.316911, 0.0)], [0.984169, -0.0178661, 0.176328, 0.0)], [-0.161069, 0.324933, 0.931919, 0.0)], [0.0, 0.0, 0.0, 1.0)]])
0.0, 0.0, 0.0
float3(-0.33094, -0.171145, -1.58969)
192181.800283916
limited(__ObjC.ARCamera.TrackingState.Reason.initializing)
simd_float4x4([[-0.0736765, -0.95579, 0.284666, 0.0)], [0.983386, -0.0221432, 0.18017, 0.0)], [-0.165902, 0.293211, 0.941542, 0.0)], [0.0, 0.0, 0.0, 1.0)]])
0.0, 0.0, 0.0
float3(-0.297584, -0.174412, -1.59396)
192181.900334791
limited(__ObjC.ARCamera.TrackingState.Reason.initializing)
simd_float4x4([[-0.0653459, -0.965146, 0.253417, 0.0)], [0.981891, -0.0169359, 0.188689, 0.0)], [-0.177821, 0.261158, 0.948775, 0.0)], [0.0, 0.0, 0.0, 1.0)]])
0.0, 0.0, 0.0
float3(-0.264222, -0.185272, -1.58834)
192182.000386041
limited(__ObjC.ARCamera.TrackingState.Reason.initializing)
simd_float4x4([[-0.0589744, -0.972027, 0.227336, 0.0)], [0.978645, -0.0113746, 0.205242, 0.0)], [-0.196915, 0.234585, 0.951941, 0.0)], [0.0, 0.0, 0.0, 1.0)]])
0.0, 0.0, 0.0
float3(-0.236792, -0.203979, -1.5825)
192182.100436958
limited(__ObjC.ARCamera.TrackingState.Reason.initializing)
simd_float4x4([[-0.0603551, -0.975555, 0.211301, 0.0)], [0.97373, -0.0109795, 0.227442, 0.0)], [-0.219562, 0.219477, 0.95059, 0.0)], [0.0, 0.0, 0.0, 1.0)]])
0.0, 0.0, 0.0
float3(-0.221278, -0.226994, -1.58205)
192182.200487958
limited(__ObjC.ARCamera.TrackingState.Reason.initializing)
simd_float4x4([[-0.0631141, -0.976463, 0.206243, 0.0)], [0.966322, -0.00813284, 0.257207, 0.0)], [-0.249476, 0.215531, 0.944091, 0.0)], [0.0, 0.0, 0.0, 1.0)]])
0.0, 0.0, 0.0
float3(-0.217236, -0.258345, -1.57913)
192182.300539041
limited(__ObjC.ARCamera.TrackingState.Reason.initializing)
simd_float4x4([[-0.0693997, -0.976727, 0.202951, 0.0)], [0.960498, -0.0104634, 0.278089, 0.0)], [-0.269494, 0.214233, 0.93887, 0.0)], [0.0, 0.0, 0.0, 1.0)]])
0.0, 0.0, 0.0
float3(-0.215907, -0.279525, -1.58151)
192182.400590083
limited(__ObjC.ARCamera.TrackingState.Reason.initializing)
simd_float4x4([[-0.0730736, -0.976408, 0.203192, 0.0)], [0.961128, -0.0145525, 0.275719, 0.0)], [-0.266257, 0.215442, 0.939516, 0.0)], [0.0, 0.0, 0.0, 1.0)]])
0.0, 0.0, 0.0
float3(-0.217144, -0.276157, -1.5857)
192182.50064125
limited(__ObjC.ARCamera.TrackingState.Reason.initializing)
simd_float4x4([[-0.0713446, -0.976097, 0.205283, 0.0)], [0.968332, -0.0184132, 0.248985, 0.0)], [-0.239255, 0.216546, 0.9465, 0.0)], [0.0, 0.0, 0.0, 1.0)]])
0.0, 0.0, 0.0
float3(-0.218275, -0.247592, -1.58966)
192182.600692125
limited(__ObjC.ARCamera.TrackingState.Reason.initializing)
simd_float4x4([[-0.068649, -0.9753, 0.20994, 0.0)], [0.976909, -0.02304, 0.212409, 0.0)], [-0.202326, 0.219674, 0.954361, 0.0)], [0.0, 0.0, 0.0, 1.0)]])
0.0, 0.0, 0.0
float3(-0.22148, -0.208908, -1.59442)
192182.700743375
limited(__ObjC.ARCamera.TrackingState.Reason.initializing)
simd_float4x4([[-0.0647457, -0.974815, 0.2134, 0.0)], [0.983067, -0.0255714, 0.181454, 0.0)], [-0.171427, 0.221535, 0.959964, 0.0)], [0.0, 0.0, 0.0, 1.0)]])
0.0, 0.0, 0.0
float3(-0.223388, -0.176714, -1.59702)
192182.80079425
limited(__ObjC.ARCamera.TrackingState.Reason.initializing)
simd_float4x4([[-0.0604106, -0.974766, 0.214893, 0.0)], [0.986628, -0.0256628, 0.160953, 0.0)], [-0.151377, 0.221742, 0.963283, 0.0)], [0.0, 0.0, 0.0, 1.0)]])
0.0, 0.0, 0.0
float3(-0.223601, -0.155873, -1.59712)
192182.900845458
limited(__ObjC.ARCamera.TrackingState.Reason.initializing)
simd_float4x4([[-0.0592296, -0.97467, 0.215661, 0.0)], [0.986888, -0.0246784, 0.159508, 0.0)], [-0.150146, 0.222281, 0.963351, 0.0)], [0.0, 0.0, 0.0, 1.0)]])
0.0, 0.0, 0.0
float3(-0.224153, -0.154614, -1.59611)
192183.000896458
limited(__ObjC.ARCamera.TrackingState.Reason.initializing)
simd_float4x4([[-0.0611948, -0.974567, 0.215575, 0.0)], [0.983576, -0.0221365, 0.179132, 0.0)], [-0.169804, 0.222996, 0.959916, 0.0)], [0.0, 0.0, 0.0, 1.0)]])
0.0, 0.0, 0.0
float3(-0.224887, -0.175084, -1.59351)
192183.100947416
limited(__ObjC.ARCamera.TrackingState.Reason.initializing)
simd_float4x4([[-0.0655812, -0.97463, 0.213998, 0.0)], [0.976906, -0.0190057, 0.212821, 0.0)], [-0.203354, 0.223013, 0.953368, 0.0)], [0.0, 0.0, 0.0, 1.0)]])
0.0, 0.0, 0.0
float3(-0.224905, -0.210152, -1.59029)
192183.2009985
limited(__ObjC.ARCamera.TrackingState.Reason.initializing)
simd_float4x4([[-0.0717324, -0.974393, 0.213099, 0.0)], [0.965555, -0.0142621, 0.259808, 0.0)], [-0.250116, 0.224395, 0.941853, 0.0)], [0.0, 0.0, 0.0, 1.0)]])
0.0, 0.0, 0.0
float3(-0.226323, -0.259567, -1.58543)
192183.301049541
limited(__ObjC.ARCamera.TrackingState.Reason.initializing)
simd_float4x4([[-0.0797626, -0.974421, 0.210099, 0.0)], [0.94993, -0.0104238, 0.31229, 0.0)], [-0.302112, 0.224488, 0.926462, 0.0)], [0.0, 0.0, 0.0, 1.0)]])
0.0, 0.0, 0.0
float3(-0.226418, -0.315219, -1.58149)
192183.401100833
limited(__ObjC.ARCamera.TrackingState.Reason.initializing)
simd_float4x4([[-0.091938, -0.975037, 0.202112, 0.0)], [0.926966, -0.0096685, 0.375021, 0.0)], [-0.363705, 0.22183, 0.904715, 0.0)], [0.0, 0.0, 0.0, 1.0)]])
0.0, 0.0, 0.0
float3(-0.223691, -0.382238, -1.58071)
192183.501151708
limited(__ObjC.ARCamera.TrackingState.Reason.initializing)
simd_float4x4([[-0.102955, -0.975222, 0.19581, 0.0)], [0.898371, -0.00666019, 0.439186, 0.0)], [-0.427, 0.221127, 0.876797, 0.0)], [0.0, 0.0, 0.0, 1.0)]])
0.0, 0.0, 0.0
float3(-0.22297, -0.453193, -1.57763)
192183.60120275
limited(__ObjC.ARCamera.TrackingState.Reason.initializing)
simd_float4x4([[-0.110184, -0.975626, 0.18977, 0.0)], [0.865228, -0.000191808, 0.501379, 0.0)], [-0.489123, 0.219439, 0.84416, 0.0)], [0.0, 0.0, 0.0, 1.0)]])
0.0, 0.0, 0.0
float3(-0.221239, -0.525149, -1.57099)
192183.701253875
limited(__ObjC.ARCamera.TrackingState.Reason.initializing)
simd_float4x4([[-0.120045, -0.975657, 0.183524, 0.0)], [0.830101, 0.00275168, 0.557606, 0.0)], [-0.544538, 0.219282, 0.809563, 0.0)], [0.0, 0.0, 0.0, 1.0)]])
0.0, 0.0, 0.0
float3(-0.221078, -0.592121, -1.56798)
192183.801304833
limited(__ObjC.ARCamera.TrackingState.Reason.initializing)
simd_float4x4([[-0.130244, -0.976109, 0.17392, 0.0)], [0.792252, 0.00300986, 0.610187, 0.0)], [-0.596133, 0.217262, 0.772932, 0.0)], [0.0, 0.0, 0.0, 1.0)]])
0.0, 0.0, 0.0
float3(-0.219008, -0.65697, -1.56771)
192183.901356041
limited(__ObjC.ARCamera.TrackingState.Reason.initializing)
simd_float4x4([[-0.140262, -0.976429, 0.164052, 0.0)], [0.754409, 0.00191411, 0.656402, 0.0)], [-0.641244, 0.215831, 0.736358, 0.0)], [0.0, 0.0, 0.0, 1.0)]])
0.0, 0.0, 0.0
float3(-0.217543, -0.716465, -1.56884)
192184.001407166
limited(__ObjC.ARCamera.TrackingState.Reason.initializing)
simd_float4x4([[-0.148736, -0.977022, 0.152664, 0.0)], [0.717502, -0.000387698, 0.696556, 0.0)], [-0.680491, 0.21314, 0.701073, 0.0)], [0.0, 0.0, 0.0, 1.0)]])
0.0, 0.0, 0.0
float3(-0.214787, -0.770502, -1.57119)
192184.101458166
limited(__ObjC.ARCamera.TrackingState.Reason.initializing)
simd_float4x4([[-0.153855, -0.977471, 0.144492, 0.0)], [0.683924, 0.000193328, 0.729553, 0.0)], [-0.713145, 0.211067, 0.668486, 0.0)], [0.0, 0.0, 0.0, 1.0)]])
0.0, 0.0, 0.0
float3(-0.212666, -0.81771, -1.5706)
192184.201509291
limited(__ObjC.ARCamera.TrackingState.Reason.initializing)
simd_float4x4([[-0.158609, -0.977822, 0.136771, 0.0)], [0.657483, -0.00125828, 0.753468, 0.0)], [-0.736586, 0.209432, 0.6431, 0.0)], [0.0, 0.0, 0.0, 1.0)]])
0.0, 0.0, 0.0
float3(-0.210994, -0.853054, -1.57208)
192184.30156025
limited(__ObjC.ARCamera.TrackingState.Reason.initializing)
simd_float4x4([[-0.160178, -0.978292, 0.131474, 0.0)], [0.639409, -0.00136372, 0.768865, 0.0)], [-0.751996, 0.207222, 0.625746, 0.0)], [0.0, 0.0, 0.0, 1.0)]])
0.0, 0.0, 0.0
float3(-0.208734, -0.876778, -1.57219)
192184.401611375
limited(__ObjC.ARCamera.TrackingState.Reason.initializing)
simd_float4x4([[-0.157426, -0.979456, 0.126012, 0.0)], [0.632895, -0.00211579, 0.774233, 0.0)], [-0.758063, 0.201638, 0.620226, 0.0)], [0.0, 0.0, 0.0, 1.0)]])
0.0, 0.0, 0.0
float3(-0.20303, -0.885073, -1.57296)
192184.501662333
normal
simd_float4x4([[-0.146354, -0.980952, 0.127722, 0.0)], [0.63729, 0.00525342, 0.770606, 0.0)], [-0.756598, 0.194178, 0.624383, 0.0)], [-0.0132119, -0.00139628, -0.0114747, 1.0)]])
-0.0132119, -0.00139628, -0.0114747
float3(-0.195419, -0.880848, -1.56544)
192184.6017135
normal
simd_float4x4([[-0.149406, -0.981052, 0.123346, 0.0)], [0.640947, -0.00110348, 0.767584, 0.0)], [-0.752904, 0.19374, 0.628968, 0.0)], [-0.0297554, -0.00382768, -0.0277739, 1.0)]])
-0.0297554, -0.00382768, -0.0277739
float3(-0.194973, -0.874846, -1.57192)
192184.701764541
normal
simd_float4x4([[-0.15509, -0.98263, 0.101914, 0.0)], [0.624709, -0.0176323, 0.780658, 0.0)], [-0.765301, 0.184739, 0.616592, 0.0)], [0.0280325, -0.000977486, 0.0217475, 1.0)]])
0.0280325, -0.000977486, 0.0217475
float3(-0.185806, -0.892598, -1.58874)
192184.801815625
normal
simd_float4x4([[-0.153925, -0.983724, 0.0927006, 0.0)], [0.60622, -0.0199352, 0.795047, 0.0)], [-0.780259, 0.178574, 0.599422, 0.0)], [0.0332139, -0.000219032, 0.0255755, 1.0)]])
0.0332139, -0.000219032, 0.0255755
float3(-0.179537, -0.915727, -1.59106)
192184.901866666
normal
simd_float4x4([[-0.152469, -0.984731, 0.0840105, 0.0)], [0.578286, -0.0199572, 0.81559, 0.0)], [-0.80146, 0.172934, 0.5725, 0.0)], [0.039871, -0.000722306, 0.0298396, 1.0)]])
0.039871, -0.000722306, 0.0298396
float3(-0.173808, -0.950524, -1.59106)
192185.001917583
normal
simd_float4x4([[-0.152663, -0.985483, 0.0742831, 0.0)], [0.546147, -0.0214825, 0.837414, 0.0)], [-0.823661, 0.168411, 0.541498, 0.0)], [0.0503345, 0.00218566, 0.0373283, 1.0)]])
0.0503345, 0.00218566, 0.0373283
float3(-0.169218, -0.989217, -1.59259)
192185.101968666
normal
simd_float4x4([[-0.155636, -0.985717, 0.0643347, 0.0)], [0.512939, -0.0249854, 0.858061, 0.0)], [-0.844198, 0.166545, 0.509502, 0.0)], [0.0581524, 0.00365851, 0.0485865, 1.0)]])
0.0581524, 0.00365851, 0.0485865
float3(-0.167325, -1.02778, -1.59614)
192185.202019791
normal
simd_float4x4([[-0.157481, -0.985906, 0.0564807, 0.0)], [0.484284, -0.0272581, 0.874486, 0.0)], [-0.860621, 0.165068, 0.48175, 0.0)], [0.0709946, 0.00493082, 0.0628846, 1.0)]])
0.0709946, 0.00493082, 0.0628846
float3(-0.165827, -1.06048, -1.59844)
192185.302070958
normal
simd_float4x4([[-0.160732, -0.985776, 0.0491103, 0.0)], [0.458334, -0.0304798, 0.888257, 0.0)], [-0.874125, 0.16528, 0.456714, 0.0)], [0.0846088, 0.00420993, 0.079632, 1.0)]])
0.0846088, 0.00420993, 0.079632
float3(-0.166042, -1.08933, -1.60171)
192185.402121958
normal
simd_float4x4([[-0.167458, -0.98483, 0.0454776, 0.0)], [0.438947, -0.0331741, 0.8979, 0.0)], [-0.88277, 0.170323, 0.437843, 0.0)], [0.108776, 0.00484294, 0.0975358, 1.0)]])
0.108776, 0.00484294, 0.0975358
float3(-0.171157, -1.11036, -1.60447)
192185.502173
normal
simd_float4x4([[-0.171463, -0.984007, 0.0482748, 0.0)], [0.433165, -0.0312877, 0.900771, 0.0)], [-0.884855, 0.17536, 0.431602, 0.0)], [0.123483, 0.00322293, 0.102019, 1.0)]])
0.123483, 0.00322293, 0.102019
float3(-0.176272, -1.11698, -1.60258)
192185.602224125
normal
simd_float4x4([[-0.170647, -0.984352, 0.0439506, 0.0)], [0.444129, -0.037024, 0.895198, 0.0)], [-0.879562, 0.172282, 0.443497, 0.0)], [0.136758, 0.00112442, 0.108281, 1.0)]])
0.136758, 0.00112442, 0.108281
float3(-0.173146, -1.10377, -1.60839)
192185.702275166
normal
simd_float4x4([[-0.174267, -0.983645, 0.0455321, 0.0)], [0.460544, -0.0405469, 0.88671, 0.0)], [-0.870362, 0.175494, 0.460078, 0.0)], [0.147925, -0.000787586, 0.109132, 1.0)]])
0.147925, -0.000787586, 0.109132
float3(-0.176407, -1.08453, -1.61199)
192185.802326291
normal
simd_float4x4([[-0.181909, -0.982427, 0.0417791, 0.0)], [0.458433, -0.0471437, 0.887477, 0.0)], [-0.869913, 0.180593, 0.458953, 0.0)], [0.15561, -0.00191131, 0.109982, 1.0)]])
0.15561, -0.00191131, 0.109982
float3(-0.18159, -1.08532, -1.61875)
192185.90237725
normal
simd_float4x4([[-0.170382, -0.984918, 0.0301007, 0.0)], [0.440717, -0.0488474, 0.896316, 0.0)], [-0.881327, 0.165982, 0.442393, 0.0)], [0.153964, -0.00181124, 0.117674, 1.0)]])
0.153964, -0.00181124, 0.117674
float3(-0.166754, -1.10558, -1.62035)
192186.0024285
normal
simd_float4x4([[-0.159123, -0.986919, 0.0259118, 0.0)], [0.376552, -0.0364082, 0.92568, 0.0)], [-0.912627, 0.157054, 0.377419, 0.0)], [0.151948, -0.00102423, 0.127984, 1.0)]])
0.151948, -0.00102423, 0.127984
float3(-0.157707, -1.17866, -1.60767)
192186.1024795
normal
simd_float4x4([[-0.147068, -0.989117, 0.00424171, 0.0)], [0.27718, -0.0370956, 0.960101, 0.0)], [-0.949496, 0.142376, 0.279619, 0.0)], [0.152974, 0.00248347, 0.141471, 1.0)]])
0.152974, 0.00248347, 0.141471
float3(-0.142861, -1.2844, -1.60828)
192186.202530375
normal
simd_float4x4([[-0.136714, -0.99059, -0.00635335, 0.0)], [0.156297, -0.0279033, 0.987316, 0.0)], [-0.978203, 0.133987, 0.158641, 0.0)], [0.133736, -0.0251889, 0.159333, 1.0)]])
0.133736, -0.0251889, 0.159333
float3(-0.134391, -1.41002, -1.59896)
192186.302581541
normal
simd_float4x4([[-0.12471, -0.991946, -0.0221305, 0.0)], [-0.0131881, -0.0206455, 0.9997, 0.0)], [-0.992106, 0.124964, -0.0105072, 0.0)], [0.130526, -0.0274255, 0.197944, 1.0)]])
0.130526, -0.0274255, 0.197944
float3(-0.125292, -1.58139, -1.59161)
192186.402632583
normal
simd_float4x4([[-0.125191, -0.991242, -0.0420244, 0.0)], [-0.247002, -0.00988438, 0.968964, 0.0)], [-0.960894, 0.131686, -0.243601, 0.0)], [0.0936734, -0.0237803, 0.164348, 1.0)]])
0.0936734, -0.0237803, 0.164348
float3(-0.132069, -1.81908, -1.58077)
192186.502683666
normal
simd_float4x4([[-0.143748, -0.986706, -0.0758147, 0.0)], [-0.46598, -9.82888e-05, 0.884795, 0.0)], [-0.87304, 0.162515, -0.459771, 0.0)], [0.0807127, -0.0244971, 0.173787, 1.0)]])
0.0807127, -0.0244971, 0.173787
float3(-0.163239, -2.05552, -1.5709)
192186.602734791
normal
simd_float4x4([[-0.145666, -0.983804, -0.104454, 0.0)], [-0.629636, 0.0107495, 0.776815, 0.0)], [-0.763111, 0.178924, -0.621005, 0.0)], [0.060213, -0.0271892, 0.187027, 1.0)]])
0.060213, -0.0271892, 0.187027
float3(-0.179893, -2.25388, -1.55987)
192186.702785791
normal
simd_float4x4([[-0.145309, -0.982974, -0.112462, 0.0)], [-0.77004, 0.0409892, 0.636677, 0.0)], [-0.621227, 0.179115, -0.762885, 0.0)], [0.0346339, -0.0241936, 0.195951, 1.0)]])
0.0346339, -0.0241936, 0.195951
float3(-0.180087, -2.45819, -1.52912)
192186.802836916
normal
simd_float4x4([[-0.11199, -0.988687, -0.0997851, 0.0)], [-0.8747, 0.0504281, 0.482034, 0.0)], [-0.471548, 0.141265, -0.870452, 0.0)], [-0.000689071, -0.0156949, 0.19898, 1.0)]])
-0.000689071, -0.0156949, 0.19898
float3(-0.141739, -2.64512, -1.51984)
192186.902887916
normal
simd_float4x4([[-0.0887313, -0.992786, -0.0806446, 0.0)], [-0.941213, 0.0570758, 0.332955, 0.0)], [-0.325951, 0.105447, -0.939488, 0.0)], [-0.0282162, -0.00752474, 0.200203, 1.0)]])
-0.0282162, -0.00752474, 0.200203
float3(-0.105644, -2.80764, -1.51337)
192187.002939083
normal
simd_float4x4([[-0.0658033, -0.996042, -0.0597512, 0.0)], [-0.974456, 0.0512609, 0.218647, 0.0)], [-0.214719, 0.0726127, -0.973973, 0.0)], [-0.0509894, -0.000856431, 0.195734, 1.0)]])
-0.0509894, -0.000856431, 0.195734
float3(-0.0726766, -2.92461, -1.51938)
192187.102990125
normal
simd_float4x4([[-0.0482622, -0.998208, -0.0353715, 0.0)], [-0.99164, 0.0436416, 0.121433, 0.0)], [-0.119671, 0.0409364, -0.991969, 0.0)], [-0.064551, 0.0100497, 0.189046, 1.0)]])
-0.064551, 0.0100497, 0.189046
float3(-0.0409478, -3.02153, -1.5271)
192187.203041333
normal
simd_float4x4([[-0.0368017, -0.998914, -0.0285856, 0.0)], [-0.998982, 0.0360275, 0.0271415, 0.0)], [-0.0260821, 0.0295553, -0.999223, 0.0)], [-0.0728897, 0.0246492, 0.192372, 1.0)]])
-0.0728897, 0.0246492, 0.192372
float3(-0.0295596, -3.1155, -1.53475)
192187.30309225
normal
simd_float4x4([[-0.0197391, -0.999624, -0.0190372, 0.0)], [-0.998754, 0.0205876, -0.0454568, 0.0)], [0.0458317, 0.0181162, -0.998785, 0.0)], [-0.073466, 0.0339556, 0.197381, 1.0)]])
-0.073466, 0.0339556, 0.197381
float3(-0.0181172, 3.09574, -1.5502)
192187.403143333
normal
simd_float4x4([[-0.00363096, -0.999904, -0.0133657, 0.0)], [-0.993742, 0.00510016, -0.111587, 0.0)], [0.111644, 0.0128769, -0.993665, 0.0)], [-0.0638754, 0.0368307, 0.20477, 1.0)]])
-0.0638754, 0.0368307, 0.20477
float3(-0.0128773, 3.02971, -1.5657)
192187.503194416
normal
simd_float4x4([[0.00767127, -0.999845, -0.015874, 0.0)], [-0.986845, -0.005006, -0.161593, 0.0)], [0.161489, 0.0169048, -0.98673, 0.0)], [-0.0503338, 0.041194, 0.221918, 1.0)]])
-0.0503338, 0.041194, 0.221918
float3(-0.0169056, 2.97937, -1.5758)
192187.603245375
normal
simd_float4x4([[0.0176565, -0.999797, -0.0096809, 0.0)], [-0.981437, -0.0154813, -0.191159, 0.0)], [0.190971, 0.0128764, -0.981511, 0.0)], [-0.0336092, 0.0472193, 0.24027, 1.0)]])
-0.0336092, 0.0472193, 0.24027
float3(-0.0128767, 2.94943, -1.58628)
192187.703296666
normal
simd_float4x4([[0.0223486, -0.999706, 0.00942067, 0.0)], [-0.98086, -0.0237484, -0.19326, 0.0)], [0.193427, -0.00492128, -0.981102, 0.0)], [-0.0204322, 0.0498782, 0.246923, 1.0)]])
-0.0204322, 0.0498782, 0.246923
float3(0.0049213, 2.94694, -1.59455)
192187.803347583
normal
simd_float4x4([[0.0259605, -0.999485, 0.0188505, 0.0)], [-0.98128, -0.0290782, -0.190378, 0.0)], [0.190828, -0.0135553, -0.98153, 0.0)], [-0.00999502, 0.0517636, 0.242585, 1.0)]])
-0.00999502, 0.0517636, 0.242585
float3(0.0135558, 2.94957, -1.59988)
192187.903398708
normal
simd_float4x4([[0.0220215, -0.999297, 0.0303528, 0.0)], [-0.980765, -0.0274829, -0.193249, 0.0)], [0.193947, -0.0255133, -0.98068, 0.0)], [-0.00118947, 0.0520016, 0.235541, 1.0)]])
-0.00118947, 0.0520016, 0.235541
float3(0.025516, 2.94634, -1.59829)
192188.003449833
normal
simd_float4x4([[0.0101331, -0.999426, 0.0323244, 0.0)], [-0.979814, -0.0163782, -0.199237, 0.0)], [0.199652, -0.029653, -0.979418, 0.0)], [0.00532493, 0.051681, 0.231437, 1.0)]])
0.00532493, 0.051681, 0.231437
float3(0.0296573, 2.9405, -1.58718)
192188.103500833
normal
simd_float4x4([[0.00705342, -0.999423, 0.0332107, 0.0)], [-0.978834, -0.0136936, -0.204198, 0.0)], [0.204535, -0.0310675, -0.978366, 0.0)], [0.00530199, 0.0498383, 0.228371, 1.0)]])
0.00530199, 0.0498383, 0.228371
float3(0.0310725, 2.9355, -1.5845)
192188.22014975
normal
simd_float4x4([[0.0052677, -0.999413, 0.0338374, 0.0)], [-0.977724, -0.0122477, -0.209537, 0.0)], [0.209829, -0.0319798, -0.977215, 0.0)], [0.00611228, 0.0481662, 0.222901, 1.0)]])
0.00611228, 0.0481662, 0.222901
float3(0.0319853, 2.93008, -1.58305)
192188.336798708
normal
simd_float4x4([[0.0049337, -0.999302, 0.0370361, 0.0)], [-0.976866, -0.0127347, -0.213474, 0.0)], [0.213796, -0.0351261, -0.976247, 0.0)], [0.0106102, 0.0468488, 0.215148, 1.0)]])
0.0106102, 0.0468488, 0.215148
float3(0.0351333, 2.926, -1.58354)
192188.453447541
normal
simd_float4x4([[0.00777435, -0.999017, 0.0436429, 0.0)], [-0.975837, -0.01711, -0.217828, 0.0)], [0.21836, -0.0408949, -0.975011, 0.0)], [0.0120245, 0.0452219, 0.20948, 1.0)]])
0.0120245, 0.0452219, 0.20948
float3(0.0409063, 2.92127, -1.58792)
192188.570096416
normal
simd_float4x4([[0.00437217, -0.999117, 0.0417944, 0.0)], [-0.976839, -0.0132085, -0.213566, 0.0)], [0.21393, -0.0398927, -0.976034, 0.0)], [0.0145859, 0.0443342, 0.208516, 1.0)]])
0.0145859, 0.0443342, 0.208516
float3(0.0399033, 2.92582, -1.58402)
192188.686745208
normal
simd_float4x4([[0.00479063, -0.999115, 0.0417764, 0.0)], [-0.977292, -0.0135281, -0.211465, 0.0)], [0.211843, -0.0398147, -0.976492, 0.0)], [0.0160663, 0.0439004, 0.207706, 1.0)]])
0.0160663, 0.0439004, 0.207706
float3(0.0398253, 2.92796, -1.58434)
192188.803394208
normal
simd_float4x4([[0.00558649, -0.999071, 0.0427393, 0.0)], [-0.973591, -0.0151889, -0.227794, 0.0)], [0.228232, -0.0403381, -0.972771, 0.0)], [0.0142684, 0.0429971, 0.204609, 1.0)]])
0.0142684, 0.0429971, 0.204609
float3(0.040349, 2.91114, -1.586)
192188.920042875
normal
simd_float4x4([[0.0178651, -0.999191, 0.0360377, 0.0)], [-0.957207, -0.0275052, -0.288095, 0.0)], [0.288854, -0.0293487, -0.956923, 0.0)], [-0.000344805, 0.0393949, 0.201408, 1.0)]])
-0.000344805, 0.0393949, 0.201408
float3(0.0293529, 2.84843, -1.59832)
192189.036691833
normal
simd_float4x4([[0.0320837, -0.999093, 0.0280052, 0.0)], [-0.91459, -0.0406477, -0.402335, 0.0)], [0.403108, -0.0127049, -0.915064, 0.0)], [-0.027553, 0.0327405, 0.188581, 1.0)]])
-0.027553, 0.0327405, 0.188581
float3(0.0127052, 2.72665, -1.61146)
192189.15334075
normal
simd_float4x4([[0.0440024, -0.998789, 0.0219994, 0.0)], [-0.82961, -0.0488001, -0.556207, 0.0)], [0.556607, 0.00622352, -0.830752, 0.0)], [-0.0678562, 0.0251455, 0.166046, 1.0)]])
-0.0678562, 0.0251455, 0.166046
float3(-0.00622356, 2.55128, -1.61962)
192189.26998975
normal
simd_float4x4([[0.0501578, -0.998338, 0.0283936, 0.0)], [-0.705984, -0.0555501, -0.706046, 0.0)], [0.706449, 0.0153683, -0.707597, 0.0)], [-0.112462, 0.0182136, 0.129079, 1.0)]])
-0.112462, 0.0182136, 0.129079
float3(-0.0153689, 2.35701, -1.62638)
192189.3866385
normal
simd_float4x4([[0.0467752, -0.99729, 0.0567897, 0.0)], [-0.544947, -0.0731232, -0.835276, 0.0)], [0.837165, 0.00812279, -0.546891, 0.0)], [-0.157686, 0.00897552, 0.0746904, 1.0)]])
-0.157686, 0.00897552, 0.0746904
float3(-0.00812288, 2.14946, -1.64399)
192189.5032875
normal
simd_float4x4([[0.033544, -0.996741, 0.0733571, 0.0)], [-0.339244, -0.080396, -0.937256, 0.0)], [0.9401, 0.00655336, -0.340836, 0.0)], [-0.20007, -0.000138879, 0.00970896, 1.0)]])
-0.20007, -0.000138879, 0.00970896
float3(-0.00655341, 1.91861, -1.65128)
192189.619936375
normal
simd_float4x4([[0.0302361, -0.997676, 0.0610643, 0.0)], [-0.11259, -0.0641029, -0.991571, 0.0)], [0.993181, 0.023106, -0.114267, 0.0)], [-0.234249, -0.00688714, -0.0592218, 1.0)]])
-0.234249, -0.00688714, -0.0592218
float3(-0.023108, 1.68534, -1.63496)
192189.736585375
normal
simd_float4x4([[0.0225342, -0.997862, 0.0613514, 0.0)], [0.120084, -0.0582212, -0.991055, 0.0)], [0.992508, 0.0297, 0.118515, 0.0)], [-0.253788, -0.0125853, -0.13081, 1.0)]])
-0.253788, -0.0125853, -0.13081
float3(-0.0297044, 1.45195, -1.62908)
192189.853234125
normal
simd_float4x4([[0.0376161, -0.997085, 0.0663834, 0.0)], [0.379515, -0.0471987, -0.923981, 0.0)], [0.92442, 0.05995, 0.376633, 0.0)], [-0.265062, -0.0173913, -0.197633, 1.0)]])
-0.265062, -0.0173913, -0.197633
float3(-0.059986, 1.1839, -1.6181)
192189.969905208
normal
simd_float4x4([[0.0326069, -0.994239, 0.102106, 0.0)], [0.610209, -0.0611063, -0.78988, 0.0)], [0.791569, 0.0880613, 0.604701, 0.0)], [-0.266525, -0.0238147, -0.263876, 1.0)]])
-0.266525, -0.0238147, -0.263876
float3(-0.0881755, 0.918441, -1.63218)
192190.06995625
normal
simd_float4x4([[0.0254386, -0.993246, 0.113206, 0.0)], [0.776137, -0.0517485, -0.628437, 0.0)], [0.63005, 0.10385, 0.769579, 0.0)], [-0.267455, -0.0294323, -0.310596, 1.0)]])
-0.267455, -0.0294323, -0.310596
float3(-0.104038, 0.686037, -1.62285)
192190.170007416
normal
simd_float4x4([[0.0210814, -0.99197, 0.124707, 0.0)], [0.892747, -0.0374736, -0.448997, 0.0)], [0.450065, 0.120797, 0.884788, 0.0)], [-0.273905, -0.0359048, -0.351601, 1.0)]])
-0.273905, -0.0359048, -0.351601
float3(-0.121093, 0.470559, -1.60856)
192190.270058583
normal
simd_float4x4([[0.0179224, -0.990386, 0.137165, 0.0)], [0.964251, -0.0191548, -0.264297, 0.0)], [0.264384, 0.136998, 0.954637, 0.0)], [-0.276879, -0.0405086, -0.386326, 1.0)]])
-0.276879, -0.0405086, -0.386326
float3(-0.13743, 0.270175, -1.59013)
192190.370109666
normal
simd_float4x4([[-0.000564825, -0.988095, 0.153846, 0.0)], [0.992452, -0.0194196, -0.121081, 0.0)], [0.122627, 0.152616, 0.980648, 0.0)], [-0.281239, -0.0452125, -0.419595, 1.0)]])
-0.281239, -0.0452125, -0.419595
float3(-0.153215, 0.124402, -1.59045)
192190.470160875
normal
simd_float4x4([[0.00712149, -0.982218, 0.187611, 0.0)], [0.999884, 0.00447293, -0.0145369, 0.0)], [0.0134392, 0.187693, 0.982136, 0.0)], [-0.282061, -0.0466702, -0.45977, 1.0)]])
-0.282061, -0.0466702, -0.45977
float3(-0.188813, 0.0136828, -1.56624)
192190.570211875
normal
simd_float4x4([[-0.00918965, -0.985594, 0.168878, 0.0)], [0.997698, 0.00231111, 0.0677787, 0.0)], [-0.0671927, 0.169112, 0.983304, 0.0)], [-0.276894, -0.0497035, -0.495037, 1.0)]])
-0.276894, -0.0497035, -0.495037
float3(-0.169928, -0.0682275, -1.56845)
192190.670263125
normal
simd_float4x4([[-0.0180925, -0.985994, 0.165796, 0.0)], [0.99132, 0.00390718, 0.131413, 0.0)], [-0.130221, 0.166735, 0.977365, 0.0)], [-0.271471, -0.0600676, -0.545332, 1.0)]])
-0.271471, -0.0600676, -0.545332
float3(-0.167517, -0.132456, -1.56683)
192190.770314208
normal
simd_float4x4([[-0.0289189, -0.985063, 0.169749, 0.0)], [0.985116, 0.000700325, 0.171891, 0.0)], [-0.169442, 0.172194, 0.970381, 0.0)], [-0.261411, -0.069832, -0.612813, 1.0)]])
-0.261411, -0.069832, -0.612813
float3(-0.173056, -0.172871, -1.57009)
192190.870365291
normal
simd_float4x4([[-0.0518187, -0.984435, 0.167937, 0.0)], [0.981944, -0.01959, 0.188154, 0.0)], [-0.181936, 0.174654, 0.967675, 0.0)], [-0.245726, -0.0716505, -0.694506, 1.0)]])
-0.245726, -0.0716505, -0.694506
float3(-0.175555, -0.185844, -1.59069)
192190.970416541
normal
simd_float4x4([[-0.046716, -0.988029, 0.147026, 0.0)], [0.982589, -0.0189556, 0.184824, 0.0)], [-0.179824, 0.1531, 0.971712, 0.0)], [-0.230397, -0.0672364, -0.777542, 1.0)]])
-0.230397, -0.0672364, -0.777542
float3(-0.153705, -0.182989, -1.58998)
192191.0704675
normal
simd_float4x4([[-0.0370314, -0.987965, 0.150177, 0.0)], [0.98419, -0.0100105, 0.176831, 0.0)], [-0.1732, 0.154351, 0.972717, 0.0)], [-0.218713, -0.0558407, -0.864963, 1.0)]])
-0.218713, -0.0558407, -0.864963
float3(-0.15497, -0.176211, -1.58093)
192191.170518666
normal
simd_float4x4([[-0.0319151, -0.98621, 0.16239, 0.0)], [0.985469, -0.00393023, 0.169809, 0.0)], [-0.16683, 0.165449, 0.972005, 0.0)], [-0.211076, -0.0493866, -0.945707, 1.0)]])
-0.211076, -0.0493866, -0.945707
float3(-0.166214, -0.169978, -1.57478)
192191.270569708
normal
simd_float4x4([[-0.0142657, -0.985277, 0.170371, 0.0)], [0.986215, 0.0142271, 0.164856, 0.0)], [-0.164853, 0.170374, 0.971492, 0.0)], [-0.209759, -0.0495152, -1.02725, 1.0)]])
-0.209759, -0.0495152, -1.02725
float3(-0.17121, -0.168089, -1.55636)
192191.370621
normal
simd_float4x4([[0.00268622, -0.982293, 0.187332, 0.0)], [0.987307, 0.0323544, 0.155496, 0.0)], [-0.158803, 0.184537, 0.969911, 0.0)], [-0.215653, -0.0605866, -1.11614, 1.0)]])
-0.215653, -0.0605866, -1.11614
float3(-0.1856, -0.16229, -1.53787)
192191.470672041
normal
simd_float4x4([[-0.00630362, -0.981872, 0.189442, 0.0)], [0.987149, 0.024141, 0.157969, 0.0)], [-0.159678, 0.188004, 0.969101, 0.0)], [-0.220664, -0.0735102, -1.21064, 1.0)]])
-0.220664, -0.0735102, -1.21064
float3(-0.189129, -0.163302, -1.54621)
192191.570723083
normal
simd_float4x4([[-0.0184159, -0.982789, 0.183812, 0.0)], [0.983578, 0.0152057, 0.179843, 0.0)], [-0.179543, 0.184106, 0.966369, 0.0)], [-0.230282, -0.0784833, -1.30427, 1.0)]])
-0.230282, -0.0784833, -1.30427
float3(-0.185162, -0.183697, -1.55533)
192191.670774416
normal
simd_float4x4([[-0.0302712, -0.985507, 0.166912, 0.0)], [0.98285, 0.00104265, 0.184405, 0.0)], [-0.181907, 0.169632, 0.968574, 0.0)], [-0.234114, -0.0741708, -1.39843, 1.0)]])
-0.234114, -0.0741708, -1.39843
float3(-0.170456, -0.185647, -1.56974)
192191.770825375
normal
simd_float4x4([[-0.0546288, -0.980199, 0.190332, 0.0)], [0.980455, -0.0165758, 0.196044, 0.0)], [-0.189008, 0.197321, 0.961946, 0.0)], [-0.235471, -0.0671787, -1.49664, 1.0)]])
-0.235471, -0.0671787, -1.49664
float3(-0.198625, -0.194013, -1.58771)
192191.870876666
normal
simd_float4x4([[-0.0450689, -0.972187, 0.22983, 0.0)], [0.977981, 0.00398942, 0.208654, 0.0)], [-0.203768, 0.234173, 0.950601, 0.0)], [-0.241415, -0.0615975, -1.58666, 1.0)]])
-0.241415, -0.0615975, -1.58666
float3(-0.236368, -0.211162, -1.56669)
192191.970927625
normal
simd_float4x4([[-0.0724916, -0.972058, 0.223267, 0.0)], [0.976234, -0.0233145, 0.215462, 0.0)], [-0.204236, 0.23358, 0.950646, 0.0)], [-0.23604, -0.0699757, -1.67426, 1.0)]])
-0.23604, -0.0699757, -1.67426
float3(-0.235758, -0.211623, -1.59478)
192192.07097875
normal
simd_float4x4([[-0.0692128, -0.97732, 0.200137, 0.0)], [0.975213, -0.0240198, 0.21996, 0.0)], [-0.210164, 0.2104, 0.954758, 0.0)], [-0.231044, -0.0796013, -1.77222, 1.0)]])
-0.231044, -0.0796013, -1.77222
float3(-0.211984, -0.216668, -1.59537)
192192.171030041
normal
simd_float4x4([[-0.0640585, -0.982539, 0.174683, 0.0)], [0.972976, -0.0225794, 0.229801, 0.0)], [-0.221844, 0.184683, 0.957433, 0.0)], [-0.224468, -0.0830214, -1.86655, 1.0)]])
-0.224468, -0.0830214, -1.86655
float3(-0.185749, -0.22769, -1.59377)
192192.271081
normal
simd_float4x4([[-0.065379, -0.98073, 0.184107, 0.0)], [0.978957, -0.0272967, 0.202233, 0.0)], [-0.193311, 0.193454, 0.961876, 0.0)], [-0.214907, -0.0694387, -1.96823, 1.0)]])
-0.214907, -0.0694387, -1.96823
float3(-0.194682, -0.198331, -1.59862)
192192.371132208
normal
simd_float4x4([[-0.0611966, -0.979115, 0.193879, 0.0)], [0.983426, -0.025933, 0.179447, 0.0)], [-0.170671, 0.201647, 0.964474, 0.0)], [-0.214604, -0.0569474, -2.06128, 1.0)]])
-0.214604, -0.0569474, -2.06128
float3(-0.203039, -0.175145, -1.59728)
192192.471183375
normal
simd_float4x4([[-0.0296541, -0.979066, 0.201369, 0.0)], [0.988435, 0.00125042, 0.151639, 0.0)], [-0.148717, 0.203537, 0.967707, 0.0)], [-0.219163, -0.0574255, -2.15787, 1.0)]])
-0.219163, -0.0574255, -2.15787
float3(-0.204969, -0.152486, -1.56952)
192192.571234625
normal
simd_float4x4([[-0.0115977, -0.977548, 0.210392, 0.0)], [0.986845, 0.0227416, 0.160063, 0.0)], [-0.161254, 0.209481, 0.964424, 0.0)], [-0.227641, -0.0698611, -2.25495, 1.0)]])
-0.227641, -0.0698611, -2.25495
float3(-0.211044, -0.16567, -1.54754)
192192.671285666
normal
simd_float4x4([[-0.0277493, -0.980788, 0.193093, 0.0)], [0.983593, 0.00765592, 0.180239, 0.0)], [-0.178254, 0.194927, 0.964484, 0.0)], [-0.228123, -0.0822118, -2.35794, 1.0)]])
-0.228123, -0.0822118, -2.35794
float3(-0.196183, -0.182756, -1.56299)
192192.77133675
normal
simd_float4x4([[-0.0335991, -0.980624, 0.192997, 0.0)], [0.985446, -0.00030932, 0.169986, 0.0)], [-0.166632, 0.1959, 0.966362, 0.0)], [-0.223665, -0.0837934, -2.46523, 1.0)]])
-0.223665, -0.0837934, -2.46523
float3(-0.197175, -0.170753, -1.57111)
192192.871387875
normal
simd_float4x4([[-0.0569746, -0.975021, 0.214681, 0.0)], [0.981233, -0.0150104, 0.192239, 0.0)], [-0.184215, 0.221604, 0.957578, 0.0)], [-0.214083, -0.0694865, -2.57385, 1.0)]])
-0.214083, -0.0694865, -2.57385
float3(-0.22346, -0.190054, -1.58619)
192192.971438958
normal
simd_float4x4([[-0.0568686, -0.969154, 0.239806, 0.0)], [0.976118, -0.00353098, 0.21721, 0.0)], [-0.209663, 0.246432, 0.94621, 0.0)], [-0.199711, -0.0624488, -2.67704, 1.0)]])
-0.199711, -0.0624488, -2.67704
float3(-0.248997, -0.218059, -1.57444)
192193.07149025
normal
simd_float4x4([[-0.0859582, -0.969615, 0.229039, 0.0)], [0.968788, -0.0276955, 0.246339, 0.0)], [-0.232511, 0.243065, 0.941731, 0.0)], [-0.179566, -0.0718059, -2.77568, 1.0)]])
-0.179566, -0.0718059, -2.77568
float3(-0.245524, -0.242056, -1.59935)
192193.171541333
normal
simd_float4x4([[-0.0877124, -0.97691, 0.194818, 0.0)], [0.96888, -0.0382205, 0.244561, 0.0)], [-0.231468, 0.210206, 0.949861, 0.0)], [-0.162804, -0.0835086, -2.88467, 1.0)]])
-0.162804, -0.0835086, -2.88467
float3(-0.211786, -0.239027, -1.6099)
192193.271592291
normal
simd_float4x4([[-0.062843, -0.97874, 0.195239, 0.0)], [0.971201, -0.0149244, 0.237792, 0.0)], [-0.229823, 0.20456, 0.951492, 0.0)], [-0.149092, -0.0796566, -3.00136, 1.0)]])
-0.149092, -0.0796566, -3.00136
float3(-0.206014, -0.237, -1.58604)
192193.371643541
normal
simd_float4x4([[-0.0569441, -0.979159, 0.194947, 0.0)], [0.976837, -0.0143009, 0.213505, 0.0)], [-0.206267, 0.20259, 0.957294, 0.0)], [-0.135248, -0.06145, -3.11031, 1.0)]])
-0.135248, -0.06145, -3.11031
float3(-0.204002, -0.212225, -1.5854)
192193.471694583
normal
simd_float4x4([[-0.0518249, -0.976097, 0.211065, 0.0)], [0.981923, -0.0112786, 0.188942, 0.0)], [-0.182045, 0.217042, 0.959037, 0.0)], [-0.127307, -0.0510245, -3.21711, 1.0)]])
-0.127307, -0.0510245, -3.21711
float3(-0.218783, -0.187589, -1.58235)
192193.571745875
normal
simd_float4x4([[-0.0221065, -0.977112, 0.211572, 0.0)], [0.984396, 0.0156795, 0.17527, 0.0)], [-0.174575, 0.212145, 0.961518, 0.0)], [-0.12332, -0.0579787, -3.32687, 1.0)]])
-0.12332, -0.0579787, -3.32687
float3(-0.21377, -0.179606, -1.55475)
192193.671796833
normal
simd_float4x4([[-0.0272947, -0.981029, 0.191932, 0.0)], [0.982641, 0.00891364, 0.185302, 0.0)], [-0.183498, 0.193658, 0.963756, 0.0)], [-0.11567, -0.0742306, -3.43383, 1.0)]])
-0.11567, -0.0742306, -3.43383
float3(-0.19489, -0.188146, -1.56171)
192193.771848208
normal
simd_float4x4([[-0.0358538, -0.985313, 0.16695, 0.0)], [0.979062, -0.00113562, 0.203559, 0.0)], [-0.200379, 0.170753, 0.964723, 0.0)], [-0.105943, -0.083784, -3.53888, 1.0)]])
-0.105943, -0.083784, -3.53888
float3(-0.171594, -0.204795, -1.57195)
192193.87189925
normal
simd_float4x4([[-0.047466, -0.98155, 0.185218, 0.0)], [0.971307, -0.0020942, 0.23782, 0.0)], [-0.233044, 0.191192, 0.953486, 0.0)], [-0.0941809, -0.0743534, -3.64807, 1.0)]])
-0.0941809, -0.0743534, -3.64807
float3(-0.192376, -0.239713, -1.57293)
192193.97195025
normal
simd_float4x4([[-0.058067, -0.97527, 0.213252, 0.0)], [0.968724, -0.00342455, 0.248115, 0.0)], [-0.241249, 0.22099, 0.944967, 0.0)], [-0.076867, -0.0649498, -3.74852, 1.0)]])
-0.076867, -0.0649498, -3.74852
float3(-0.222829, -0.24996, -1.57431)
192194.072001458
normal
simd_float4x4([[-0.0841708, -0.972704, 0.216246, 0.0)], [0.963445, -0.0240511, 0.266822, 0.0)], [-0.254338, 0.2308, 0.939172, 0.0)], [-0.0564307, -0.0672943, -3.84601, 1.0)]])
-0.0564307, -0.0672943, -3.84601
float3(-0.2329, -0.264468, -1.59552)
192194.172052541
normal
simd_float4x4([[-0.0982676, -0.97475, 0.200515, 0.0)], [0.960336, -0.0400478, 0.275955, 0.0)], [-0.260957, 0.21968, 0.940022, 0.0)], [-0.0348527, -0.0818472, -3.95019, 1.0)]])
-0.0348527, -0.0818472, -3.95019
float3(-0.221486, -0.270788, -1.61186)
192194.272103791
normal
simd_float4x4([[-0.0836651, -0.979657, 0.182408, 0.0)], [0.960713, -0.0306864, 0.275843, 0.0)], [-0.264634, 0.19832, 0.943736, 0.0)], [-0.0133753, -0.0883199, -4.04862, 1.0)]])
-0.0133753, -0.0883199, -4.04862
float3(-0.199644, -0.27339, -1.60211)
192194.372155
normal
simd_float4x4([[-0.0806877, -0.982181, 0.169737, 0.0)], [0.965603, -0.0347945, 0.25768, 0.0)], [-0.247183, 0.18469, 0.951205, 0.0)], [0.00977064, -0.0769397, -4.1408, 1.0)]])
0.00977064, -0.0769397, -4.1408
float3(-0.185756, -0.25424, -1.60621)
192194.472206166
normal
simd_float4x4([[-0.0561788, -0.983061, 0.174456, 0.0)], [0.976614, -0.017787, 0.214262, 0.0)], [-0.20753, 0.182413, 0.961071, 0.0)], [0.026202, -0.0613637, -4.23603, 1.0)]])
0.026202, -0.0613637, -4.23603
float3(-0.18344, -0.212671, -1.58889)
192194.572257166
normal
simd_float4x4([[-0.0514317, -0.978093, 0.201715, 0.0)], [0.977959, -0.00839902, 0.208626, 0.0)], [-0.202361, 0.207999, 0.956967, 0.0)], [0.0386766, -0.0572913, -4.33618, 1.0)]])
0.0386766, -0.0572913, -4.33618
float3(-0.209529, -0.208391, -1.57938)
192194.672308375
normal
simd_float4x4([[-0.0095788, -0.974452, 0.224391, 0.0)], [0.979698, 0.0357926, 0.197256, 0.0)], [-0.200248, 0.221725, 0.954326, 0.0)], [0.0454995, -0.0697034, -4.43785, 1.0)]])
0.0454995, -0.0697034, -4.43785
float3(-0.223583, -0.206831, -1.53408)
192194.772359583
normal
simd_float4x4([[-0.0304539, -0.97421, 0.223579, 0.0)], [0.973733, 0.0215804, 0.226666, 0.0)], [-0.225645, 0.224609, 0.947963, 0.0)], [0.060564, -0.0866936, -4.54335, 1.0)]])
0.060564, -0.0866936, -4.54335
float3(-0.226542, -0.233683, -1.54865)
192194.872410583
normal
simd_float4x4([[-0.0426287, -0.976278, 0.212284, 0.0)], [0.972912, 0.00775699, 0.231044, 0.0)], [-0.22721, 0.216383, 0.949502, 0.0)], [0.0762593, -0.088791, -4.64018, 1.0)]])
0.0762593, -0.088791, -4.64018
float3(-0.218108, -0.234878, -1.56285)
192194.972461875
normal
simd_float4x4([[-0.0539084, -0.968749, 0.242115, 0.0)], [0.967118, 0.00969887, 0.254141, 0.0)], [-0.248547, 0.247855, 0.936372, 0.0)], [0.0965489, -0.0732982, -4.74117, 1.0)]])
0.0965489, -0.0732982, -4.74117
float3(-0.250465, -0.259454, -1.56078)
192195.072512833
normal
simd_float4x4([[-0.0612381, -0.965739, 0.252186, 0.0)], [0.963816, 0.00845873, 0.266434, 0.0)], [-0.259439, 0.259377, 0.930277, 0.0)], [0.119992, -0.0648191, -4.82675, 1.0)]])
0.119992, -0.0648191, -4.82675
float3(-0.262377, -0.271974, -1.56204)
192195.172564083
normal
simd_float4x4([[-0.0885701, -0.968097, 0.234399, 0.0)], [0.959448, -0.019694, 0.281198, 0.0)], [-0.267611, 0.2498, 0.930583, 0.0)], [0.143524, -0.0735182, -4.91304, 1.0)]])
0.143524, -0.0735182, -4.91304
float3(-0.252473, -0.280018, -1.59114)
192195.272615291
normal
simd_float4x4([[-0.0943177, -0.973119, 0.210105, 0.0)], [0.957781, -0.0311229, 0.285807, 0.0)], [-0.271586, 0.228191, 0.934971, 0.0)], [0.166153, -0.088006, -5.01146, 1.0)]])
0.166153, -0.088006, -5.01146
float3(-0.230219, -0.282695, -1.60277)
192195.372666208
normal
simd_float4x4([[-0.0747838, -0.977288, 0.198284, 0.0)], [0.962873, -0.0190458, 0.269282, 0.0)], [-0.259389, 0.21106, 0.942428, 0.0)], [0.186107, -0.0900884, -5.11516, 1.0)]])
0.186107, -0.0900884, -5.11516
float3(-0.212659, -0.268585, -1.59028)
192195.472717625
normal
simd_float4x4([[-0.0641815, -0.97246, 0.224059, 0.0)], [0.967038, -0.00516773, 0.254578, 0.0)], [-0.246409, 0.233013, 0.940738, 0.0)], [0.208159, -0.0741939, -5.2285, 1.0)]])
0.208159, -0.0741939, -5.2285
float3(-0.235175, -0.256177, -1.57611)
192195.572768583
normal
simd_float4x4([[-0.0624603, -0.971599, 0.228241, 0.0)], [0.972909, -0.00827063, 0.231039, 0.0)], [-0.222589, 0.236488, 0.945794, 0.0)], [0.223843, -0.0599434, -5.33123, 1.0)]])
0.223843, -0.0599434, -5.33123
float3(-0.23875, -0.23114, -1.57931)
192195.672819958
normal
simd_float4x4([[-0.0273288, -0.972781, 0.23011, 0.0)], [0.976434, 0.0233208, 0.214554, 0.0)], [-0.21408, 0.23055, 0.949219, 0.0)], [0.23585, -0.062996, -5.43918, 1.0)]])
0.23585, -0.062996, -5.43918
float3(-0.232643, -0.221822, -1.54683)
192195.772871
normal
simd_float4x4([[-0.011489, -0.972018, 0.234626, 0.0)], [0.977507, 0.0384985, 0.207359, 0.0)], [-0.210589, 0.231731, 0.949712, 0.0)], [0.245771, -0.0790288, -5.55459, 1.0)]])
0.245771, -0.0790288, -5.55459
float3(-0.233857, -0.21821, -1.53121)
192195.872922041
normal
simd_float4x4([[-0.0306402, -0.977465, 0.208863, 0.0)], [0.977353, 0.0144746, 0.211118, 0.0)], [-0.209383, 0.210602, 0.954885, 0.0)], [0.263077, -0.091488, -5.67474, 1.0)]])
0.263077, -0.091488, -5.67474
float3(-0.21219, -0.21586, -1.55599)
192195.972973208
normal
simd_float4x4([[-0.0408077, -0.973997, 0.222856, 0.0)], [0.977075, 0.00774273, 0.212755, 0.0)], [-0.208948, 0.226429, 0.951352, 0.0)], [0.278772, -0.0839059, -5.79601, 1.0)]])
0.278772, -0.0839059, -5.79601
float3(-0.22841, -0.2162, -1.56285)
192196.073024375
normal
simd_float4x4([[-0.0504204, -0.974313, 0.219481, 0.0)], [0.973869, 0.000762892, 0.227109, 0.0)], [-0.221442, 0.225197, 0.948815, 0.0)], [0.301776, -0.067658, -5.89946, 1.0)]])
0.301776, -0.067658, -5.89946
float3(-0.227145, -0.229284, -1.57001)
192196.173075625
normal
simd_float4x4([[-0.0631448, -0.971396, 0.228916, 0.0)], [0.970131, -0.00591338, 0.24251, 0.0)], [-0.23422, 0.237392, 0.942755, 0.0)], [0.327321, -0.0688657, -6.0009, 1.0)]])
0.327321, -0.0688657, -6.0009
float3(-0.23968, -0.243512, -1.57688)
192196.27312675
normal
simd_float4x4([[-0.0991498, -0.97003, 0.221834, 0.0)], [0.964861, -0.039204, 0.259819, 0.0)], [-0.243335, 0.2398, 0.939832, 0.0)], [0.356589, -0.0838583, -6.10767, 1.0)]])
0.356589, -0.0838583, -6.10767
float3(-0.24216, -0.25335, -1.61119)
192196.373177875
normal
simd_float4x4([[-0.0959056, -0.974733, 0.201736, 0.0)], [0.967987, -0.0441017, 0.247095, 0.0)], [-0.231955, 0.218976, 0.947759, 0.0)], [0.381981, -0.0932734, -6.22258, 1.0)]])
0.381981, -0.0932734, -6.22258
float3(-0.220765, -0.240022, -1.61601)
192196.473229083
normal
simd_float4x4([[-0.0788306, -0.979851, 0.183514, 0.0)], [0.973749, -0.036253, 0.224717, 0.0)], [-0.213536, 0.196411, 0.956987, 0.0)], [0.404314, -0.0854524, -6.32458, 1.0)]])
0.404314, -0.0854524, -6.32458
float3(-0.197696, -0.219538, -1.60778)
192196.573280125
normal
simd_float4x4([[-0.0652933, -0.98077, 0.183923, 0.0)], [0.982135, -0.0305637, 0.18568, 0.0)], [-0.176488, 0.192761, 0.965244, 0.0)], [0.425483, -0.0703938, -6.42671, 1.0)]])
0.425483, -0.0703938, -6.42671
float3(-0.193975, -0.180845, -1.60195)
192196.6733315
normal
simd_float4x4([[-0.065094, -0.974298, 0.215654, 0.0)], [0.983309, -0.0258328, 0.180098, 0.0)], [-0.169898, 0.223777, 0.959718, 0.0)], [0.440511, -0.0638956, -6.52787, 1.0)]])
0.440511, -0.0638956, -6.52787
float3(-0.225688, -0.175214, -1.5973)
192196.773382458
normal
simd_float4x4([[-0.0244635, -0.97236, 0.232201, 0.0)], [0.98435, 0.0171187, 0.175392, 0.0)], [-0.174519, 0.232858, 0.956724, 0.0)], [0.448701, -0.070498, -6.62748, 1.0)]])
0.448701, -0.070498, -6.62748
float3(-0.235015, -0.180429, -1.55319)
192196.873433791
normal
simd_float4x4([[-0.0324784, -0.976433, 0.213365, 0.0)], [0.980428, 0.0103496, 0.196604, 0.0)], [-0.194179, 0.215574, 0.956986, 0.0)], [0.462854, -0.0876861, -6.72318, 1.0)]])
0.462854, -0.0876861, -6.72318
float3(-0.21728, -0.200189, -1.5602)
192196.973484875
normal
simd_float4x4([[-0.0499731, -0.981083, 0.187028, 0.0)], [0.976508, -0.00869608, 0.215303, 0.0)], [-0.209604, 0.193394, 0.95847, 0.0)], [0.483022, -0.0950928, -6.81309, 1.0)]])
0.483022, -0.0950928, -6.81309
float3(-0.19462, -0.215296, -1.57966)
192197.073535916
normal
simd_float4x4([[-0.0495137, -0.973896, 0.221529, 0.0)], [0.971533, 0.00448455, 0.236861, 0.0)], [-0.231672, 0.226951, 0.94595, 0.0)], [0.503554, -0.0853368, -6.91727, 1.0)]])
0.503554, -0.0853368, -6.91727
float3(-0.228946, -0.240182, -1.56619)
192197.173587208
normal
simd_float4x4([[-0.057722, -0.971012, 0.231956, 0.0)], [0.967691, 0.00270298, 0.252124, 0.0)], [-0.245443, 0.239015, 0.939484, 0.0)], [0.532033, -0.0758323, -7.00715, 1.0)]])
0.532033, -0.0758323, -7.00715
float3(-0.241351, -0.255541, -1.56801)
192197.273638125
normal
simd_float4x4([[-0.0773413, -0.970493, 0.228388, 0.0)], [0.963388, -0.0137632, 0.267758, 0.0)], [-0.256714, 0.240735, 0.936026, 0.0)], [0.564347, -0.0810214, -7.09833, 1.0)]])
0.564347, -0.0810214, -7.09833
float3(-0.243123, -0.267677, -1.58498)
192197.3736895
normal
simd_float4x4([[-0.0864377, -0.973548, 0.211503, 0.0)], [0.962307, -0.0266392, 0.270658, 0.0)], [-0.257864, 0.226926, 0.939154, 0.0)], [0.5984, -0.0968142, -7.19953, 1.0)]])
0.5984, -0.0968142, -7.19953
float3(-0.22892, -0.267967, -1.59815)
192197.473740583
normal
simd_float4x4([[-0.0716674, -0.976136, 0.204992, 0.0)], [0.96669, -0.0173475, 0.25536, 0.0)], [-0.24571, 0.216464, 0.944865, 0.0)], [0.628396, -0.103091, -7.30236, 1.0)]])
0.628396, -0.103091, -7.30236
float3(-0.218191, -0.254413, -1.58857)
192197.573791958
normal
simd_float4x4([[-0.0728512, -0.971552, 0.225343, 0.0)], [0.970588, -0.0170807, 0.240139, 0.0)], [-0.229459, 0.23621, 0.944221, 0.0)], [0.662544, -0.0927017, -7.414, 1.0)]])
0.662544, -0.0927017, -7.414
float3(-0.238463, -0.238393, -1.58838)
192197.673842958
normal
simd_float4x4([[-0.043271, -0.973294, 0.225449, 0.0)], [0.978609, 0.00413686, 0.205686, 0.0)], [-0.201126, 0.229526, 0.952295, 0.0)], [0.68427, -0.0805464, -7.50789, 1.0)]])
0.68427, -0.0805464, -7.50789
float3(-0.231591, -0.208143, -1.56655)
192197.773894125
normal
simd_float4x4([[-0.0267752, -0.967947, 0.249724, 0.0)], [0.979166, 0.024908, 0.20153, 0.0)], [-0.20129, 0.249918, 0.947113, 0.0)], [0.701954, -0.0798942, -7.60537, 1.0)]])
0.701954, -0.0798942, -7.60537
float3(-0.252595, -0.209414, -1.54507)
192197.873945333
normal
simd_float4x4([[-0.00588142, -0.964608, 0.263622, 0.0)], [0.97907, 0.0480784, 0.197764, 0.0)], [-0.20344, 0.259268, 0.944136, 0.0)], [0.71752, -0.0902331, -7.70287, 1.0)]])
0.71752, -0.0902331, -7.70287
float3(-0.262264, -0.212232, -1.521)
192197.973996375
normal
simd_float4x4([[-0.0279487, -0.970221, 0.240604, 0.0)], [0.97783, 0.0234346, 0.208084, 0.0)], [-0.207526, 0.241085, 0.948056, 0.0)], [0.740116, -0.10497, -7.80669, 1.0)]])
0.740116, -0.10497, -7.80669
float3(-0.243484, -0.215497, -1.54665)
192198.074047625
normal
simd_float4x4([[-0.0270663, -0.973138, 0.228628, 0.0)], [0.977756, 0.0218156, 0.208609, 0.0)], [-0.207993, 0.229189, 0.9509, 0.0)], [0.759416, -0.105056, -7.90648, 1.0)]])
0.759416, -0.105056, -7.90648
float3(-0.231244, -0.215341, -1.54838)
192198.174098625
normal
simd_float4x4([[-0.0410388, -0.971468, 0.233593, 0.0)], [0.972309, 0.0150031, 0.233215, 0.0)], [-0.230066, 0.236695, 0.943952, 0.0)], [0.78245, -0.0912811, -8.0075, 1.0)]])
0.78245, -0.0912811, -8.0075
float3(-0.238963, -0.239065, -1.55535)
192198.274149875
normal
simd_float4x4([[-0.0475234, -0.972134, 0.229557, 0.0)], [0.972832, 0.00708553, 0.231404, 0.0)], [-0.226583, 0.234317, 0.945387, 0.0)], [0.810151, -0.0845947, -8.09764, 1.0)]])
0.810151, -0.0845947, -8.09764
float3(-0.236516, -0.235235, -1.56351)
192198.374201041
normal
simd_float4x4([[-0.0706691, -0.970725, 0.229563, 0.0)], [0.971839, -0.0151387, 0.235157, 0.0)], [-0.224798, 0.239717, 0.944458, 0.0)], [0.83733, -0.0914129, -8.19328, 1.0)]])
0.83733, -0.0914129, -8.19328
float3(-0.242075, -0.23367, -1.58639)
192198.474252208
normal
simd_float4x4([[-0.0711608, -0.972439, 0.222032, 0.0)], [0.97183, -0.0174521, 0.235034, 0.0)], [-0.224682, 0.232503, 0.946288, 0.0)], [0.863245, -0.106927, -8.2943, 1.0)]])
0.863245, -0.106927, -8.2943
float3(-0.23465, -0.233118, -1.58874)
192198.574303416
normal
simd_float4x4([[-0.0562937, -0.974004, 0.219425, 0.0)], [0.974796, -0.00609807, 0.223016, 0.0)], [-0.21588, 0.226449, 0.949798, 0.0)], [0.889666, -0.108924, -8.3944, 1.0)]])
0.889666, -0.108924, -8.3944
float3(-0.228431, -0.223494, -1.57706)
192198.6743545
normal
simd_float4x4([[-0.0466263, -0.964333, 0.260554, 0.0)], [0.977096, 0.0101866, 0.212553, 0.0)], [-0.207626, 0.264497, 0.941771, 0.0)], [0.915832, -0.0957655, -8.50294, 1.0)]])
0.915832, -0.0957655, -8.50294
float3(-0.267683, -0.216992, -1.56023)
192198.77440575
normal
simd_float4x4([[-0.0350105, -0.969629, 0.242062, 0.0)], [0.980188, 0.0139328, 0.19758, 0.0)], [-0.194952, 0.244183, 0.949931, 0.0)], [0.933381, -0.0807787, -8.58675, 1.0)]])
0.933381, -0.0807787, -8.58675
float3(-0.246677, -0.202417, -1.55643)
192198.874456958
normal
simd_float4x4([[-0.0128887, -0.967973, 0.250722, 0.0)], [0.980037, 0.0375218, 0.195242, 0.0)], [-0.198397, 0.248233, 0.948166, 0.0)], [0.948237, -0.0808338, -8.67959, 1.0)]])
0.948237, -0.0808338, -8.67959
float3(-0.250856, -0.206267, -1.53205)
192198.974507958
normal
simd_float4x4([[0.0188385, -0.96225, 0.271515, 0.0)], [0.9781, 0.0740369, 0.194523, 0.0)], [-0.207282, 0.261904, 0.942571, 0.0)], [0.958015, -0.0933723, -8.77486, 1.0)]])
0.958015, -0.0933723, -8.77486
float3(-0.264995, -0.216466, -1.49401)
192199.074559208
normal
simd_float4x4([[-0.00191649, -0.969076, 0.246755, 0.0)], [0.978236, 0.0493817, 0.201534, 0.0)], [-0.207487, 0.241771, 0.94789, 0.0)], [0.979849, -0.105278, -8.86866, 1.0)]])
0.979849, -0.105278, -8.86866
float3(-0.24419, -0.215494, -1.51988)
192199.174610333
normal
simd_float4x4([[-0.0217008, -0.974092, 0.225111, 0.0)], [0.971292, 0.0328117, 0.235615, 0.0)], [-0.236897, 0.223761, 0.945416, 0.0)], [0.998523, -0.112032, -8.96624, 1.0)]])
0.998523, -0.112032, -8.96624
float3(-0.225672, -0.245519, -1.53712)
192199.274661583
normal
simd_float4x4([[-0.0344134, -0.969999, 0.240661, 0.0)], [0.96722, 0.0282966, 0.252359, 0.0)], [-0.251598, 0.241457, 0.937228, 0.0)], [1.02079, -0.104861, -9.07016, 1.0)]])
1.02079, -0.104861, -9.07016
float3(-0.243867, -0.262265, -1.54163)
192199.374712708
normal
simd_float4x4([[-0.0552429, -0.964161, 0.259503, 0.0)], [0.962891, 0.017321, 0.269335, 0.0)], [-0.264177, 0.264752, 0.927425, 0.0)], [1.05371, -0.099642, -9.16107, 1.0)]])
1.05371, -0.099642, -9.16107
float3(-0.267946, -0.277501, -1.55283)
192199.474763791
normal
simd_float4x4([[-0.0763263, -0.963627, 0.256119, 0.0)], [0.955987, 0.00226079, 0.293401, 0.0)], [-0.283308, 0.26724, 0.921042, 0.0)], [1.08733, -0.101237, -9.24198, 1.0)]])
1.08733, -0.101237, -9.24198
float3(-0.270528, -0.29841, -1.56845)
192199.574815
normal
simd_float4x4([[-0.0891423, -0.965273, 0.245565, 0.0)], [0.951202, -0.00937954, 0.308426, 0.0)], [-0.295412, 0.261075, 0.919006, 0.0)], [1.12131, -0.111741, -9.32724, 1.0)]])
1.12131, -0.111741, -9.32724
float3(-0.264136, -0.311015, -1.58051)
192199.674866083
normal
simd_float4x4([[-0.0826224, -0.971774, 0.220973, 0.0)], [0.951981, -0.0113701, 0.305945, 0.0)], [-0.294797, 0.23564, 0.92605, 0.0)], [1.15617, -0.118058, -9.40801, 1.0)]])
1.15617, -0.118058, -9.40801
float3(-0.237877, -0.308195, -1.5825)
192199.774917416
normal
simd_float4x4([[-0.0734091, -0.972223, 0.222249, 0.0)], [0.95814, -0.00691764, 0.286214, 0.0)], [-0.276727, 0.233956, 0.932034, 0.0)], [1.19801, -0.117899, -9.4961, 1.0)]])
1.19801, -0.117899, -9.4961
float3(-0.236145, -0.288616, -1.57791)
192199.874968583
normal
simd_float4x4([[-0.0683295, -0.969111, 0.236969, 0.0)], [0.961933, -0.000999593, 0.273283, 0.0)], [-0.264605, 0.246622, 0.932288, 0.0)], [1.23646, -0.108179, -9.5841, 1.0)]])
1.23646, -0.108179, -9.5841
float3(-0.249193, -0.27655, -1.57183)
192199.975019791
normal
simd_float4x4([[-0.0612612, -0.96467, 0.256239, 0.0)], [0.962175, 0.0112004, 0.272202, 0.0)], [-0.265455, 0.263222, 0.927495, 0.0)], [1.26576, -0.101521, -9.66296, 1.0)]])
1.26576, -0.101521, -9.66296
float3(-0.266361, -0.278754, -1.55919)
192200.075070875
normal
simd_float4x4([[-0.0464211, -0.961081, 0.272338, 0.0)], [0.953907, 0.0382695, 0.29765, 0.0)], [-0.296488, 0.273602, 0.915006, 0.0)], [1.29315, -0.0973295, -9.73534, 1.0)]])
1.29315, -0.0973295, -9.73534
float3(-0.277136, -0.313353, -1.531)
192200.175121916
normal
simd_float4x4([[-0.0444575, -0.962958, 0.265961, 0.0)], [0.946234, 0.044797, 0.320366, 0.0)], [-0.320413, 0.265904, 0.909192, 0.0)], [1.32241, -0.10195, -9.8056, 1.0)]])
1.32241, -0.10195, -9.8056
float3(-0.269141, -0.338825, -1.52431)
192200.275173291
normal
simd_float4x4([[-0.0551614, -0.963857, 0.260648, 0.0)], [0.93095, 0.044722, 0.362397, 0.0)], [-0.360956, 0.262641, 0.894836, 0.0)], [1.35328, -0.115015, -9.88147, 1.0)]])
1.35328, -0.115015, -9.88147
float3(-0.265758, -0.383414, -1.52443)
192200.375224333
normal
simd_float4x4([[-0.0714827, -0.964522, 0.254142, 0.0)], [0.903417, 0.0453865, 0.426355, 0.0)], [-0.422763, 0.260074, 0.86812, 0.0)], [1.38818, -0.127422, -9.96262, 1.0)]])
1.38818, -0.127422, -9.96262
float3(-0.263098, -0.453183, -1.52378)
192200.475275625
normal
simd_float4x4([[-0.0988759, -0.971359, 0.216066, 0.0)], [0.849483, 0.0306927, 0.526722, 0.0)], [-0.518268, 0.235625, 0.822118, 0.0)], [1.43065, -0.132627, -10.0333, 1.0)]])
1.43065, -0.132627, -10.0333
float3(-0.237862, -0.562477, -1.53921)
192200.575326666
normal
simd_float4x4([[-0.138405, -0.980014, 0.142885, 0.0)], [0.780591, -0.0191537, 0.624748, 0.0)], [-0.609525, 0.198003, 0.767642, 0.0)], [1.47991, -0.128998, -10.0856, 1.0)]])
1.47991, -0.128998, -10.0856
float3(-0.19932, -0.671086, -1.59034)
192200.675377833
normal
simd_float4x4([[-0.176917, -0.972852, 0.149197, 0.0)], [0.667773, -0.00728709, 0.744329, 0.0)], [-0.723035, 0.231314, 0.650934, 0.0)], [1.52435, -0.116961, -10.1281, 1.0)]])
1.52435, -0.116961, -10.1281
float3(-0.233428, -0.837826, -1.57829)
192200.775429041
normal
simd_float4x4([[-0.193972, -0.97419, 0.115454, 0.0)], [0.50713, 0.00116747, 0.861869, 0.0)], [-0.839759, 0.225728, 0.493814, 0.0)], [1.54716, -0.105997, -10.1477, 1.0)]])
1.54716, -0.105997, -10.1477
float3(-0.227691, -1.03922, -1.5696)
192200.87548025
normal
simd_float4x4([[-0.198638, -0.976154, 0.0875575, 0.0)], [0.348942, 0.0130441, 0.937054, 0.0)], [-0.915851, 0.216687, 0.33803, 0.0)], [1.55299, -0.0991057, -10.1553, 1.0)]])
1.55299, -0.0991057, -10.1553
float3(-0.218419, -1.21722, -1.55743)
192200.975531541
normal
simd_float4x4([[-0.207862, -0.974616, 0.0831657, 0.0)], [0.18961, 0.0432632, 0.980906, 0.0)], [-0.959605, 0.219662, 0.175804, 0.0)], [1.54539, -0.0954103, -10.1533, 1.0)]])
1.54539, -0.0954103, -10.1533
float3(-0.221468, -1.3896, -1.52644)
192201.075582625
normal
simd_float4x4([[-0.214015, -0.975621, 0.0485972, 0.0)], [0.0212285, 0.0450929, 0.998757, 0.0)], [-0.9766, 0.214781, 0.0110604, 0.0)], [1.52337, -0.0975134, -10.1384, 1.0)]])
1.52337, -0.0975134, -10.1384
float3(-0.216468, -1.55947, -1.52461)
192201.175633833
normal
simd_float4x4([[-0.228743, -0.973477, 0.00428266, 0.0)], [-0.145067, 0.0384366, 0.988675, 0.0)], [-0.962617, 0.225531, -0.150011, 0.0)], [1.48847, -0.100108, -10.1132, 1.0)]])
1.48847, -0.100108, -10.1132
float3(-0.227488, -1.72539, -1.53133)
192201.275685
normal
simd_float4x4([[-0.233584, -0.971116, -0.0486985, 0.0)], [-0.304116, 0.0253947, 0.952296, 0.0)], [-0.923554, 0.237251, -0.301264, 0.0)], [1.44261, -0.104769, -10.0893, 1.0)]])
1.44261, -0.104769, -10.0893
float3(-0.239535, -1.88611, -1.54465)
192201.375736083
normal
simd_float4x4([[-0.264618, -0.959037, -0.101121, 0.0)], [-0.449652, 0.0299421, 0.892702, 0.0)], [-0.853106, 0.281694, -0.439156, 0.0)], [1.40172, -0.102367, -10.0676, 1.0)]])
1.40172, -0.102367, -10.0676
float3(-0.285559, -2.04619, -1.53959)
192201.475787375
normal
simd_float4x4([[-0.227316, -0.964467, -0.13465, 0.0)], [-0.578141, 0.0223914, 0.81563, 0.0)], [-0.783633, 0.263252, -0.562688, 0.0)], [1.35168, -0.0921004, -10.056, 1.0)]])
1.35168, -0.0921004, -10.056
float3(-0.266392, -2.19353, -1.54758)
192201.575838375
normal
simd_float4x4([[-0.183072, -0.97073, -0.15546, 0.0)], [-0.687664, 0.0134366, 0.725904, 0.0)], [-0.702568, 0.239797, -0.669996, 0.0)], [1.30756, -0.0841141, -10.0451, 1.0)]])
1.30756, -0.0841141, -10.0451
float3(-0.242157, -2.33247, -1.55696)
192201.675889625
normal
simd_float4x4([[-0.146776, -0.975042, -0.166581, 0.0)], [-0.773348, 0.0081112, 0.633929, 0.0)], [-0.616757, 0.221871, -0.755238, 0.0)], [1.27113, -0.0772289, -10.035, 1.0)]])
1.27113, -0.0772289, -10.035
float3(-0.223732, -2.45679, -1.56248)
192201.775940791
normal
simd_float4x4([[-0.124927, -0.97816, -0.166124, 0.0)], [-0.838974, 0.0147663, 0.543972, 0.0)], [-0.529638, 0.20733, -0.822495, 0.0)], [1.24517, -0.0713078, -10.032, 1.0)]])
1.24517, -0.0713078, -10.032
float3(-0.208845, -2.56949, -1.5557)
192201.875992041
normal
simd_float4x4([[-0.120866, -0.978216, -0.168774, 0.0)], [-0.869854, 0.0224534, 0.492798, 0.0)], [-0.478274, 0.206372, -0.853619, 0.0)], [1.23358, -0.0671069, -10.0323, 1.0)]])
1.23358, -0.0671069, -10.0323
float3(-0.207866, -2.63088, -1.54785)
192201.976043125
normal
simd_float4x4([[-0.106493, -0.979833, -0.169073, 0.0)], [-0.883937, 0.0154277, 0.467352, 0.0)], [-0.455319, 0.19922, -0.867753, 0.0)], [1.22839, -0.0658836, -10.0379, 1.0)]])
1.22839, -0.0658836, -10.0379
float3(-0.200562, -2.65837, -1.55505)
192202.076094291
normal
simd_float4x4([[-0.0935313, -0.979124, -0.180466, 0.0)], [-0.887845, 1.33652e-06, 0.460142, 0.0)], [-0.450536, 0.203264, -0.869311, 0.0)], [1.23534, -0.0673371, -10.0443, 1.0)]])
1.23534, -0.0673371, -10.0443
float3(-0.20469, -2.66344, -1.57079)
192202.176145458
normal
simd_float4x4([[-0.0848283, -0.978435, -0.188334, 0.0)], [-0.890748, -0.0102359, 0.454383, 0.0)], [-0.446512, 0.206302, -0.87067, 0.0)], [1.24827, -0.0704239, -10.053, 1.0)]])
1.24827, -0.0704239, -10.053
float3(-0.207795, -2.66773, -1.58126)
192202.276196583
normal
simd_float4x4([[-0.0787997, -0.976222, -0.201941, 0.0)], [-0.892812, -0.0210074, 0.449939, 0.0)], [-0.443483, 0.215751, -0.869928, 0.0)], [1.2636, -0.0743298, -10.0577, 1.0)]])
1.2636, -0.0743298, -10.0577
float3(-0.21746, -2.67014, -1.59231)
192202.376247916
normal
simd_float4x4([[-0.0778875, -0.975113, -0.207576, 0.0)], [-0.897682, -0.0219819, 0.440095, 0.0)], [-0.433706, 0.220615, -0.873629, 0.0)], [1.27736, -0.0762289, -10.0615, 1.0)]])
1.27736, -0.0762289, -10.0615
float3(-0.222445, -2.6808, -1.59334)
192202.476299083
normal
simd_float4x4([[-0.0736973, -0.975745, -0.206131, 0.0)], [-0.90457, -0.0216258, 0.425777, 0.0)], [-0.419907, 0.217838, -0.881036, 0.0)], [1.28956, -0.0779378, -10.0645, 1.0)]])
1.28956, -0.0779378, -10.0645
float3(-0.219599, -2.69683, -1.59296)
