ARKit Data
365.582654
limited(__ObjC.ARCamera.TrackingState.Reason.initializing)
simd_float4x4([[-0.018631, -0.997946, -0.0612881, 0.0)], [-0.964589, 0.00181027, 0.26375, 0.0)], [-0.263097, 0.0640327, -0.962642, 0.0)], [0.0, 0.0, 0.0, 1.0)]])
0.0, 0.0, 0.0
float3(-0.0640766, -2.8748, -1.56898)
365.9199265
notAvailable
simd_float4x4([[1.0, 0.0, 0.0, 0.0)], [0.0, 1.0, 0.0, 0.0)], [0.0, 0.0, 1.0, 0.0)], [0.0, 0.0, 0.0, 1.0)]])
0.0, 0.0, 0.0
float3(-0.0, 0.0, 0.0)
366.036576416
notAvailable
simd_float4x4([[1.0, 0.0, 0.0, 0.0)], [0.0, 1.0, 0.0, 0.0)], [0.0, 0.0, 1.0, 0.0)], [0.0, 0.0, 0.0, 1.0)]])
0.0, 0.0, 0.0
float3(-0.0, 0.0, 0.0)
366.15322625
limited(__ObjC.ARCamera.TrackingState.Reason.initializing)
simd_float4x4([[0.0187158, -0.996446, 0.0821294, 0.0)], [0.999802, 0.0192133, 0.00527124, 0.0)], [-0.00683048, 0.0820144, 0.996607, 0.0)], [0.0, 0.0, 0.0, 1.0)]])
0.0, 0.0, 0.0
float3(-0.0821067, -0.00685362, -1.55152)
366.269876041
limited(__ObjC.ARCamera.TrackingState.Reason.initializing)
simd_float4x4([[0.000468268, -0.996334, 0.0855467, 0.0)], [0.999996, 0.000235376, -0.00273248, 0.0)], [0.00270232, 0.0855477, 0.99633, 0.0)], [0.0, 0.0, 0.0, 1.0)]])
0.0, 0.0, 0.0
float3(-0.0856523, 0.00271227, -1.57056)
366.386526
limited(__ObjC.ARCamera.TrackingState.Reason.initializing)
simd_float4x4([[-0.00160303, -0.996056, 0.0887102, 0.0)], [0.999342, -0.00480943, -0.035943, 0.0)], [0.0362279, 0.0885943, 0.995408, 0.0)], [0.0, 0.0, 0.0, 1.0)]])
0.0, 0.0, 0.0
float3(-0.0887106, 0.0363789, -1.57562)
366.503175916
limited(__ObjC.ARCamera.TrackingState.Reason.initializing)
simd_float4x4([[0.00770932, -0.995136, 0.0982113, 0.0)], [0.998168, 0.00176417, -0.0604779, 0.0)], [0.0600104, 0.0984976, 0.993326, 0.0)], [0.0, 0.0, 0.0, 1.0)]])
0.0, 0.0, 0.0
float3(-0.0986576, 0.0603403, -1.56902)
366.619825583
limited(__ObjC.ARCamera.TrackingState.Reason.initializing)
simd_float4x4([[0.0209463, -0.992072, 0.123914, 0.0)], [0.99666, 0.0109342, -0.0809336, 0.0)], [0.0789371, 0.125195, 0.988987, 0.0)], [0.0, 0.0, 0.0, 1.0)]])
0.0, 0.0, 0.0
float3(-0.125524, 0.0796473, -1.55978)
366.736475375
limited(__ObjC.ARCamera.TrackingState.Reason.initializing)
simd_float4x4([[0.0380383, -0.989494, 0.13948, 0.0)], [0.992906, 0.0216906, -0.116904, 0.0)], [0.11265, 0.142937, 0.9833, 0.0)], [0.0, 0.0, 0.0, 1.0)]])
0.0, 0.0, 0.0
float3(-0.143429, 0.114066, -1.54888)
366.853125333
limited(__ObjC.ARCamera.TrackingState.Reason.initializing)
simd_float4x4([[0.0520586, -0.987598, 0.148121, 0.0)], [0.98664, 0.027936, -0.160501, 0.0)], [0.154373, 0.154498, 0.975858, 0.0)], [0.0, 0.0, 0.0, 1.0)]])
0.0, 0.0, 0.0
float3(-0.155119, 0.156892, -1.54252)
366.969775125
limited(__ObjC.ARCamera.TrackingState.Reason.initializing)
simd_float4x4([[0.0648354, -0.984893, 0.160568, 0.0)], [0.979266, 0.0318488, -0.200061, 0.0)], [0.191925, 0.17021, 0.966537, 0.0)], [0.0, 0.0, 0.0, 1.0)]])
0.0, 0.0, 0.0
float3(-0.171043, 0.19602, -1.53847)
367.086425041
limited(__ObjC.ARCamera.TrackingState.Reason.initializing)
simd_float4x4([[0.0766347, -0.981433, 0.17583, 0.0)], [0.972407, 0.0345968, -0.230711, 0.0)], [0.220344, 0.188658, 0.957004, 0.0)], [0.0, 0.0, 0.0, 1.0)]])
0.0, 0.0, 0.0
float3(-0.189796, 0.2263, -1.53556)
367.203074875
limited(__ObjC.ARCamera.TrackingState.Reason.initializing)
simd_float4x4([[0.0739148, -0.980495, 0.182115, 0.0)], [0.974895, 0.0325805, -0.22027, 0.0)], [0.21004, 0.193824, 0.958287, 0.0)], [0.0, 0.0, 0.0, 1.0)]])
0.0, 0.0, 0.0
float3(-0.195058, 0.215771, -1.53758)
367.319724875
limited(__ObjC.ARCamera.TrackingState.Reason.initializing)
simd_float4x4([[0.0640406, -0.981598, 0.179896, 0.0)], [0.980316, 0.0281432, -0.195418, 0.0)], [0.186759, 0.188869, 0.964079, 0.0)], [0.0, 0.0, 0.0, 1.0)]])
0.0, 0.0, 0.0
float3(-0.190011, 0.191347, -1.54213)
367.4363745
limited(__ObjC.ARCamera.TrackingState.Reason.initializing)
simd_float4x4([[0.0486777, -0.984422, 0.168945, 0.0)], [0.985922, 0.0202679, -0.165974, 0.0)], [0.159964, 0.174645, 0.97155, 0.0)], [0.0, 0.0, 0.0, 1.0)]])
0.0, 0.0, 0.0
float3(-0.175546, 0.163184, -1.55021)
367.5530245
limited(__ObjC.ARCamera.TrackingState.Reason.initializing)
simd_float4x4([[0.0361164, -0.985924, 0.163243, 0.0)], [0.991951, 0.0155304, -0.125665, 0.0)], [0.121361, 0.166468, 0.978549, 0.0)], [0.0, 0.0, 0.0, 1.0)]])
0.0, 0.0, 0.0
float3(-0.167246, 0.123392, -1.55505)
367.669674375
limited(__ObjC.ARCamera.TrackingState.Reason.initializing)
simd_float4x4([[0.0219968, -0.988245, 0.151284, 0.0)], [0.997778, 0.0121818, -0.0655017, 0.0)], [0.0628889, 0.152388, 0.986317, 0.0)], [0.0, 0.0, 0.0, 1.0)]])
0.0, 0.0, 0.0
float3(-0.152984, 0.0636752, -1.55847)
367.786324208
limited(__ObjC.ARCamera.TrackingState.Reason.initializing)
simd_float4x4([[0.00568365, -0.989033, 0.147582, 0.0)], [0.999979, 0.00514897, -0.00400473, 0.0)], [0.00320092, 0.147601, 0.989041, 0.0)], [0.0, 0.0, 0.0, 1.0)]])
0.0, 0.0, 0.0
float3(-0.148143, 0.00323638, -1.56559)
367.902974
limited(__ObjC.ARCamera.TrackingState.Reason.initializing)
simd_float4x4([[-0.0032149, -0.989154, 0.146841, 0.0)], [0.998579, 0.00463507, 0.0530859, 0.0)], [-0.0531908, 0.146803, 0.987734, 0.0)], [0.0, 0.0, 0.0, 1.0)]])
0.0, 0.0, 0.0
float3(-0.147335, -0.0537994, -1.56611)
368.019623833
limited(__ObjC.ARCamera.TrackingState.Reason.initializing)
simd_float4x4([[-0.012306, -0.988909, 0.148005, 0.0)], [0.993337, 0.0048717, 0.115144, 0.0)], [-0.114588, 0.148435, 0.98226, 0.0)], [0.0, 0.0, 0.0, 1.0)]])
0.0, 0.0, 0.0
float3(-0.148986, -0.116133, -1.56587)
368.136273708
limited(__ObjC.ARCamera.TrackingState.Reason.initializing)
simd_float4x4([[-0.0211028, -0.989563, 0.142547, 0.0)], [0.98331, 0.00522825, 0.181865, 0.0)], [-0.180712, 0.144006, 0.972936, 0.0)], [0.0, 0.0, 0.0, 1.0)]])
0.0, 0.0, 0.0
float3(-0.144508, -0.183647, -1.56551)
368.252923541
limited(__ObjC.ARCamera.TrackingState.Reason.initializing)
simd_float4x4([[-0.0316897, -0.990436, 0.134281, 0.0)], [0.967644, 0.00324568, 0.2523, 0.0)], [-0.250323, 0.137931, 0.958286, 0.0)], [0.0, 0.0, 0.0, 1.0)]])
0.0, 0.0, 0.0
float3(-0.138373, -0.25551, -1.56752)
368.369573583
limited(__ObjC.ARCamera.TrackingState.Reason.initializing)
simd_float4x4([[-0.0410947, -0.992363, 0.116305, 0.0)], [0.947935, -0.00193179, 0.318459, 0.0)], [-0.315802, 0.123336, 0.940774, 0.0)], [0.0, 0.0, 0.0, 1.0)]])
0.0, 0.0, 0.0
float3(-0.123651, -0.323864, -1.57274)
368.4862235
limited(__ObjC.ARCamera.TrackingState.Reason.initializing)
simd_float4x4([[-0.0430775, -0.993345, 0.106812, 0.0)], [0.932235, -0.00151877, 0.361849, 0.0)], [-0.359279, 0.115161, 0.926097, 0.0)], [0.0, 0.0, 0.0, 1.0)]])
0.0, 0.0, 0.0
float3(-0.115417, -0.370075, -1.57233)
368.602873375
limited(__ObjC.ARCamera.TrackingState.Reason.initializing)
simd_float4x4([[-0.0473609, -0.99325, 0.10588, 0.0)], [0.918195, -0.00155513, 0.396126, 0.0)], [-0.393287, 0.11598, 0.912071, 0.0)], [0.0, 0.0, 0.0, 1.0)]])
0.0, 0.0, 0.0
float3(-0.116241, -0.407112, -1.57236)
368.719523166
limited(__ObjC.ARCamera.TrackingState.Reason.initializing)
simd_float4x4([[-0.0516848, -0.992713, 0.108855, 0.0)], [0.902595, 0.000211984, 0.430491, 0.0)], [-0.427378, 0.120502, 0.896006, 0.0)], [0.0, 0.0, 0.0, 1.0)]])
0.0, 0.0, 0.0
float3(-0.120795, -0.445063, -1.57058)
368.836173125
limited(__ObjC.ARCamera.TrackingState.Reason.initializing)
simd_float4x4([[-0.0511582, -0.992453, 0.111446, 0.0)], [0.894318, 0.00414199, 0.447414, 0.0)], [-0.444498, 0.122557, 0.887356, 0.0)], [0.0, 0.0, 0.0, 1.0)]])
0.0, 0.0, 0.0
float3(-0.122866, -0.464387, -1.56662)
368.952823
limited(__ObjC.ARCamera.TrackingState.Reason.initializing)
simd_float4x4([[-0.0475516, -0.991457, 0.121456, 0.0)], [0.909893, 0.00717205, 0.414781, 0.0)], [-0.412108, 0.130236, 0.901779, 0.0)], [0.0, 0.0, 0.0, 1.0)]])
0.0, 0.0, 0.0
float3(-0.130607, -0.428655, -1.56356)
369.069473
limited(__ObjC.ARCamera.TrackingState.Reason.initializing)
simd_float4x4([[-0.0471022, -0.990358, 0.130281, 0.0)], [0.930151, 0.00406024, 0.367155, 0.0)], [-0.364144, 0.138474, 0.920991, 0.0)], [0.0, 0.0, 0.0, 1.0)]])
0.0, 0.0, 0.0
float3(-0.138921, -0.37652, -1.5667)
369.18612275
limited(__ObjC.ARCamera.TrackingState.Reason.initializing)
simd_float4x4([[-0.0446754, -0.989507, 0.137403, 0.0)], [0.948521, 0.00115383, 0.316712, 0.0)], [-0.313547, 0.144479, 0.938517, 0.0)], [0.0, 0.0, 0.0, 1.0)]])
0.0, 0.0, 0.0
float3(-0.144987, -0.32243, -1.56963)
369.302772666
limited(__ObjC.ARCamera.TrackingState.Reason.initializing)
simd_float4x4([[-0.0366839, -0.989518, 0.139671, 0.0)], [0.965536, 0.000941843, 0.260266, 0.0)], [-0.25767, 0.144405, 0.955381, 0.0)], [0.0, 0.0, 0.0, 1.0)]])
0.0, 0.0, 0.0
float3(-0.144911, -0.263435, -1.56984)
369.419422583
limited(__ObjC.ARCamera.TrackingState.Reason.initializing)
simd_float4x4([[-0.032303, -0.989156, 0.143268, 0.0)], [0.978414, -0.00202182, 0.206647, 0.0)], [-0.204116, 0.146851, 0.967869, 0.0)], [0.0, 0.0, 0.0, 1.0)]])
0.0, 0.0, 0.0
float3(-0.147384, -0.207847, -1.57284)
369.5360725
limited(__ObjC.ARCamera.TrackingState.Reason.initializing)
simd_float4x4([[-0.024057, -0.989816, 0.140296, 0.0)], [0.988298, -0.00240211, 0.152519, 0.0)], [-0.150629, 0.142324, 0.978291, 0.0)], [0.0, 0.0, 0.0, 1.0)]])
0.0, 0.0, 0.0
float3(-0.142809, -0.152772, -1.57322)
369.652722458
limited(__ObjC.ARCamera.TrackingState.Reason.initializing)
simd_float4x4([[-0.00944053, -0.991084, 0.132898, 0.0)], [0.996403, 0.00186849, 0.0847155, 0.0)], [-0.0842086, 0.13322, 0.987501, 0.0)], [0.0, 0.0, 0.0, 1.0)]])
0.0, 0.0, 0.0
float3(-0.133617, -0.0850686, -1.56891)
369.769372375
limited(__ObjC.ARCamera.TrackingState.Reason.initializing)
simd_float4x4([[0.0112403, -0.990159, 0.139487, 0.0)], [0.999894, 0.0124239, 0.00761693, 0.0)], [-0.00927494, 0.139387, 0.990193, 0.0)], [0.0, 0.0, 0.0, 1.0)]])
0.0, 0.0, 0.0
float3(-0.139842, -0.00936653, -1.55825)
369.88602225
normal
simd_float4x4([[0.0284839, -0.991686, 0.125487, 0.0)], [0.997381, 0.0198474, -0.0695439, 0.0)], [0.0664751, 0.12714, 0.989655, 0.0)], [-0.00356496, 0.000199672, -0.000972492, 1.0)]])
-0.00356496, 0.000199672, -0.000972492
float3(-0.127485, 0.0670692, -1.55079)
370.002672166
normal
simd_float4x4([[0.0356162, -0.99207, 0.120533, 0.0)], [0.992032, 0.0205123, -0.124304, 0.0)], [0.120846, 0.124, 0.984896, 0.0)], [-0.01599, 0.00069651, -0.00275909, 1.0)]])
-0.01599, 0.00069651, -0.00275909
float3(-0.12432, 0.122089, -1.55012)
370.119322041
normal
simd_float4x4([[0.0412895, -0.99285, 0.111998, 0.0)], [0.983575, 0.0206768, -0.179311, 0.0)], [0.175713, 0.117562, 0.977397, 0.0)], [-0.0267941, 0.00227313, -0.00298664, 1.0)]])
-0.0267941, 0.00227313, -0.00298664
float3(-0.117834, 0.177877, -1.54997)
370.235972125
normal
simd_float4x4([[0.0413844, -0.994259, 0.0986686, 0.0)], [0.978054, 0.0201303, -0.207376, 0.0)], [0.204199, 0.105085, 0.973273, 0.0)], [-0.0351012, 0.00516764, -0.000800251, 1.0)]])
-0.0351012, 0.00516764, -0.000800251
float3(-0.10528, 0.206807, -1.55055)
370.352621916
normal
simd_float4x4([[0.0304994, -0.99586, 0.0856335, 0.0)], [0.980861, 0.0133364, -0.194252, 0.0)], [0.192305, 0.0899191, 0.977207, 0.0)], [-0.0409246, 0.00741304, 0.00418354, 1.0)]])
-0.0409246, 0.00741304, 0.00418354
float3(-0.0900407, 0.194308, -1.55741)
370.469271875
normal
simd_float4x4([[0.0244634, -0.996473, 0.0802711, 0.0)], [0.986618, 0.0111177, -0.162667, 0.0)], [0.161201, 0.0831763, 0.98341, 0.0)], [-0.0375675, 0.00846218, 0.00864115, 1.0)]])
-0.0375675, 0.00846218, 0.00864115
float3(-0.0832725, 0.162476, -1.55964)
370.58592175
normal
simd_float4x4([[0.0189867, -0.996954, 0.0756401, 0.0)], [0.991494, 0.00903157, -0.12984, 0.0)], [0.128762, 0.0774619, 0.988646, 0.0)], [-0.0309847, 0.0087696, 0.0125066, 1.0)]])
-0.0309847, 0.0087696, 0.0125066
float3(-0.0775395, 0.129511, -1.56174)
370.702571833
normal
simd_float4x4([[0.0183236, -0.996918, 0.0762811, 0.0)], [0.994892, 0.0106053, -0.100385, 0.0)], [0.0992664, 0.0777309, 0.99202, 0.0)], [-0.0254012, 0.00931323, 0.0159122, 1.0)]])
-0.0254012, 0.00931323, 0.0159122
float3(-0.0778094, 0.0997329, -1.56016)
370.819221625
normal
simd_float4x4([[0.0140765, -0.996889, 0.0775532, 0.0)], [0.997406, 0.00852333, -0.0714751, 0.0)], [0.0705917, 0.0783581, 0.994423, 0.0)], [-0.0199077, 0.00916207, 0.0176826, 1.0)]])
-0.0199077, 0.00916207, 0.0176826
float3(-0.0784385, 0.0708687, -1.56225)
370.935871541
normal
simd_float4x4([[0.0124416, -0.996923, 0.0773965, 0.0)], [0.998646, 0.00847883, -0.0513208, 0.0)], [0.0505066, 0.0779303, 0.995679, 0.0)], [-0.0171381, 0.0089175, 0.0221702, 1.0)]])
-0.0171381, 0.0089175, 0.0221702
float3(-0.0780094, 0.0506824, -1.56229)
371.052521583
normal
simd_float4x4([[0.0156966, -0.996723, 0.0793558, 0.0)], [0.999021, 0.0123508, -0.0424785, 0.0)], [0.0413592, 0.0799449, 0.995941, 0.0)], [-0.0171644, 0.0092807, 0.0231119, 1.0)]])
-0.0171644, 0.0092807, 0.0231119
float3(-0.0800303, 0.0415039, -1.55841)
371.169171583
normal
simd_float4x4([[0.016568, -0.996584, 0.0809003, 0.0)], [0.999173, 0.0134983, -0.0383451, 0.0)], [0.0371221, 0.0814688, 0.995984, 0.0)], [-0.0167551, 0.00860009, 0.0224064, 1.0)]])
-0.0167551, 0.00860009, 0.0224064
float3(-0.0815592, 0.0372545, -1.55725)
371.285821416
normal
simd_float4x4([[0.018021, -0.996161, 0.085662, 0.0)], [0.999057, 0.014557, -0.040893, 0.0)], [0.039489, 0.0863182, 0.995485, 0.0)], [-0.0170252, 0.00755128, 0.0220366, 1.0)]])
-0.0170252, 0.00755128, 0.0220366
float3(-0.0864258, 0.0396473, -1.55618)
371.402471416
normal
simd_float4x4([[0.0156089, -0.996094, 0.0869034, 0.0)], [0.998994, 0.0118824, -0.0432335, 0.0)], [0.0420321, 0.0874908, 0.995278, 0.0)], [-0.0168583, 0.00766883, 0.0237666, 1.0)]])
-0.0168583, 0.00766883, 0.0237666
float3(-0.0876028, 0.0422064, -1.55887)
371.519121333
normal
simd_float4x4([[0.0122257, -0.996458, 0.0832007, 0.0)], [0.998415, 0.00759284, -0.0557733, 0.0)], [0.054944, 0.0837506, 0.994971, 0.0)], [-0.0102529, -0.00183824, 0.0270079, 1.0)]])
-0.0102529, -0.00183824, 0.0270079
float3(-0.0838488, 0.0551657, -1.56318)
371.635771208
normal
simd_float4x4([[0.0107475, -0.996486, 0.0830662, 0.0)], [0.998568, 0.00634244, -0.0531143, 0.0)], [0.0524008, 0.0835181, 0.995128, 0.0)], [-0.00855625, -0.00211478, 0.0287754, 1.0)]])
-0.00855625, -0.00211478, 0.0287754
float3(-0.0836155, 0.0526088, -1.56443)
371.752421083
normal
simd_float4x4([[0.00791558, -0.996327, 0.0852618, 0.0)], [0.998749, 0.00366631, -0.0498797, 0.0)], [0.0493839, 0.0855499, 0.995109, 0.0)], [-0.006137, -0.00104963, 0.029969, 1.0)]])
-0.006137, -0.00104963, 0.029969
float3(-0.0856546, 0.049586, -1.56712)
371.869071125
normal
simd_float4x4([[0.00614116, -0.996378, 0.0848081, 0.0)], [0.998789, 0.00197189, -0.0491578, 0.0)], [0.0488125, 0.0850073, 0.995184, 0.0)], [-0.00181651, -0.000561532, 0.0307889, 1.0)]])
-0.00181651, -0.000561532, 0.0307889
float3(-0.08511, 0.0490094, -1.56882)
371.985721208
normal
simd_float4x4([[0.00351725, -0.996068, 0.0885247, 0.0)], [0.998863, -0.000708612, -0.0476599, 0.0)], [0.0475352, 0.0885917, 0.994933, 0.0)], [0.00527286, -0.00052698, 0.0284426, 1.0)]])
0.00527286, -0.00052698, 0.0284426
float3(-0.088708, 0.047741, -1.57151)
372.102371083
normal
simd_float4x4([[0.00148188, -0.995969, 0.0896846, 0.0)], [0.998832, -0.00285697, -0.0482312, 0.0)], [0.048293, 0.0896513, 0.994802, 0.0)], [0.01296, -0.00158978, 0.0265086, 1.0)]])
0.01296, -0.00158978, 0.0265086
float3(-0.0897718, 0.0485073, -1.57366)
372.219021
normal
simd_float4x4([[0.000405338, -0.995794, 0.0916174, 0.0)], [0.998617, -0.00441393, -0.0523933, 0.0)], [0.0525774, 0.0915119, 0.994415, 0.0)], [0.0226564, -0.00243108, 0.0259443, 1.0)]])
0.0226564, -0.00243108, 0.0259443
float3(-0.0916401, 0.0528235, -1.57523)
372.335671083
normal
simd_float4x4([[-0.00312343, -0.995641, 0.0932179, 0.0)], [0.998309, -0.00851463, -0.0574928, 0.0)], [0.0580359, 0.0928807, 0.993984, 0.0)], [0.0325969, -0.00266302, 0.0243085, 1.0)]])
0.0325969, -0.00266302, 0.0243085
float3(-0.0930148, 0.0583209, -1.57935)
372.452321166
normal
simd_float4x4([[-0.00399717, -0.995712, 0.092419, 0.0)], [0.997697, -0.0102293, -0.067058, 0.0)], [0.0677158, 0.0919381, 0.99346, 0.0)], [0.0439267, -0.00347118, 0.0229023, 1.0)]])
0.0439267, -0.00347118, 0.0229023
float3(-0.0920681, 0.0680564, -1.58107)
372.568971
normal
simd_float4x4([[-0.00449793, -0.995473, 0.0949356, 0.0)], [0.996265, -0.0126477, -0.0854188, 0.0)], [0.0862328, 0.0941968, 0.991812, 0.0)], [0.0527927, -0.00454407, 0.0197834, 1.0)]])
0.0527927, -0.00454407, 0.0197834
float3(-0.0943367, 0.0867267, -1.5835)
372.685620958
normal
simd_float4x4([[-0.000224723, -0.994308, 0.106542, 0.0)], [0.992523, -0.0132258, -0.121337, 0.0)], [0.122055, 0.105718, 0.986877, 0.0)], [0.0561988, -0.00865004, 0.0131439, 1.0)]])
0.0561988, -0.00865004, 0.0131439
float3(-0.105916, 0.123054, -1.5841)
372.802270958
normal
simd_float4x4([[0.0140692, -0.992459, 0.121767, 0.0)], [0.985004, -0.00718653, -0.172383, 0.0)], [0.171959, 0.122366, 0.977475, 0.0)], [0.0478889, -0.016202, 0.00135827, 1.0)]])
0.0478889, -0.016202, 0.00135827
float3(-0.122673, 0.174139, -1.57804)
372.918920833
normal
simd_float4x4([[0.0315533, -0.989631, 0.140124, 0.0)], [0.974138, -0.000934097, -0.225954, 0.0)], [0.223742, 0.14363, 0.964007, 0.0)], [0.0256485, -0.0226486, -0.0178927, 1.0)]])
0.0256485, -0.0226486, -0.0178927
float3(-0.144129, 0.228058, -1.57174)
373.035570833
normal
simd_float4x4([[0.0590848, -0.98825, 0.14096, 0.0)], [0.956677, 0.0157288, -0.290727, 0.0)], [0.285094, 0.152031, 0.946366, 0.0)], [-0.0124597, -0.0270295, -0.0402968, 1.0)]])
-0.0124597, -0.0270295, -0.0402968
float3(-0.152623, 0.292605, -1.55488)
373.152220875
normal
simd_float4x4([[0.0698047, -0.986784, 0.146234, 0.0)], [0.938033, 0.0150491, -0.346218, 0.0)], [0.339442, 0.16134, 0.926687, 0.0)], [-0.0612419, -0.0331722, -0.0666704, 1.0)]])
-0.0612419, -0.0331722, -0.0666704
float3(-0.162049, 0.351118, -1.55555)
373.268870916
normal
simd_float4x4([[0.065825, -0.988607, 0.135366, 0.0)], [0.917591, 0.00667273, -0.397469, 0.0)], [0.392037, 0.150374, 0.907576, 0.0)], [-0.116842, -0.0345463, -0.0894527, 1.0)]])
-0.116842, -0.0345463, -0.0894527
float3(-0.150947, 0.407752, -1.56405)
373.385520708
normal
simd_float4x4([[0.0699078, -0.990169, 0.121153, 0.0)], [0.889679, 0.00695332, -0.456533, 0.0)], [0.451202, 0.139703, 0.881419, 0.0)], [-0.179392, -0.031163, -0.110416, 1.0)]])
-0.179392, -0.031163, -0.110416
float3(-0.140161, 0.473126, -1.56377)
373.502170916
normal
simd_float4x4([[0.065862, -0.991601, 0.111307, 0.0)], [0.850981, -0.00243061, -0.525191, 0.0)], [0.52105, 0.129311, 0.843674, 0.0)], [-0.241301, -0.0279999, -0.122943, 1.0)]])
-0.241301, -0.0279999, -0.122943
float3(-0.129674, 0.553258, -1.57325)
373.602200875
normal
simd_float4x4([[0.0697239, -0.992374, 0.101648, 0.0)], [0.799392, -0.00537305, -0.600786, 0.0)], [0.59675, 0.123146, 0.792921, 0.0)], [-0.291133, -0.0263082, -0.12154, 1.0)]])
-0.291133, -0.0263082, -0.12154
float3(-0.123459, 0.645161, -1.57621)
373.702252875
normal
simd_float4x4([[0.0835117, -0.993095, 0.0823951, 0.0)], [0.720286, 0.00301801, -0.693671, 0.0)], [0.688632, 0.117278, 0.715564, 0.0)], [-0.341773, -0.0218732, -0.112451, 1.0)]])
-0.341773, -0.0218732, -0.112451
float3(-0.117548, 0.766221, -1.56776)
373.802305041
normal
simd_float4x4([[0.0887507, -0.993449, 0.0719844, 0.0)], [0.616436, -0.00198447, -0.787402, 0.0)], [0.782387, 0.114256, 0.612222, 0.0)], [-0.389567, -0.0236636, -0.0980114, 1.0)]])
-0.389567, -0.0236636, -0.0980114
float3(-0.114506, 0.906814, -1.57279)
373.902357
normal
simd_float4x4([[0.11436, -0.990991, 0.069698, 0.0)], [0.49936, -0.0033084, -0.866388, 0.0)], [0.858814, 0.133885, 0.494483, 0.0)], [-0.439299, -0.0290562, -0.0870053, 1.0)]])
-0.439299, -0.0290562, -0.0870053
float3(-0.134288, 1.04838, -1.57413)
374.002408958
normal
simd_float4x4([[0.144793, -0.986945, 0.070534, 0.0)], [0.391008, -0.0084104, -0.920349, 0.0)], [0.908927, 0.160839, 0.384686, 0.0)], [-0.484964, -0.0370337, -0.0833101, 1.0)]])
-0.484964, -0.0370337, -0.0833101
float3(-0.161541, 1.17042, -1.57932)
374.102461166
normal
simd_float4x4([[0.177807, -0.982077, 0.0625274, 0.0)], [0.289015, -0.00862228, -0.957286, 0.0)], [0.940667, 0.188283, 0.282302, 0.0)], [-0.529098, -0.0475385, -0.0864476, 1.0)]])
-0.529098, -0.0475385, -0.0864476
float3(-0.189414, 1.27924, -1.57958)
374.202513208
normal
simd_float4x4([[0.197059, -0.979193, 0.0484596, 0.0)], [0.209775, -0.0061708, -0.97773, 0.0)], [0.957686, 0.202836, 0.204194, 0.0)], [-0.570194, -0.0559696, -0.0941214, 1.0)]])
-0.570194, -0.0559696, -0.0941214
float3(-0.204254, 1.36073, -1.5771)
374.302565333
normal
simd_float4x4([[0.201203, -0.978691, 0.0409974, 0.0)], [0.14852, -0.0108897, -0.98885, 0.0)], [0.968225, 0.205049, 0.143164, 0.0)], [-0.61302, -0.0607936, -0.113063, 1.0)]])
-0.61302, -0.0607936, -0.113063
float3(-0.206513, 1.424, -1.58192)
374.402617291
normal
simd_float4x4([[0.19145, -0.98081, 0.0368589, 0.0)], [0.101656, -0.0175368, -0.994665, 0.0)], [0.976224, 0.194175, 0.0963475, 0.0)], [-0.658023, -0.0556859, -0.140554, 1.0)]])
-0.658023, -0.0556859, -0.140554
float3(-0.195417, 1.47242, -1.58867)
374.502669375
normal
simd_float4x4([[0.18028, -0.983496, 0.0153389, 0.0)], [0.059949, -0.00457913, -0.998191, 0.0)], [0.981787, 0.180874, 0.0581341, 0.0)], [-0.70731, -0.0457844, -0.163152, 1.0)]])
-0.70731, -0.0457844, -0.163152
float3(-0.181875, 1.51165, -1.57545)
374.602721333
normal
simd_float4x4([[0.159672, -0.987082, -0.0131647, 0.0)], [0.0135685, 0.015529, -0.999787, 0.0)], [0.987077, 0.15946, 0.0158727, 0.0)], [-0.75506, -0.0441949, -0.173572, 1.0)]])
-0.75506, -0.0441949, -0.173572
float3(-0.160143, 1.55472, -1.55507)
374.702773375
normal
simd_float4x4([[0.17338, -0.984645, -0.0203466, 0.0)], [-0.0335113, 0.0147492, -0.99933, 0.0)], [0.984285, 0.173946, -0.0304395, 0.0)], [-0.815156, -0.0456161, -0.178791, 1.0)]])
-0.815156, -0.0456161, -0.178791
float3(-0.174835, 1.60171, -1.55582)
374.802825541
normal
simd_float4x4([[0.179285, -0.983133, -0.0361315, 0.0)], [-0.0801215, 0.0220133, -0.996542, 0.0)], [0.980529, 0.18156, -0.0748235, 0.0)], [-0.876181, -0.0485802, -0.170528, 1.0)]])
-0.876181, -0.0485802, -0.170528
float3(-0.182572, 1.64696, -1.54841)
374.902877625
normal
simd_float4x4([[0.183981, -0.980867, -0.0636485, 0.0)], [-0.104214, 0.0449234, -0.99354, 0.0)], [0.97739, 0.189425, -0.0939555, 0.0)], [-0.938786, -0.058827, -0.156238, 1.0)]])
-0.938786, -0.058827, -0.156238
float3(-0.190577, 1.66663, -1.52503)
375.00292975
normal
simd_float4x4([[0.175318, -0.98254, -0.0622849, 0.0)], [-0.10849, 0.0435987, -0.993141, 0.0)], [0.978516, 0.180873, -0.0989517, 0.0)], [-1.00147, -0.0682992, -0.138866, 1.0)]])
-1.00147, -0.0682992, -0.138866
float3(-0.181874, 1.67158, -1.52645)
375.102981666
normal
simd_float4x4([[0.166721, -0.983687, -0.0675616, 0.0)], [-0.0927749, 0.0525663, -0.994299, 0.0)], [0.98163, 0.172039, -0.0824975, 0.0)], [-1.06408, -0.0699727, -0.118767, 1.0)]])
-1.06408, -0.0699727, -0.118767
float3(-0.172899, 1.65464, -1.51741)
375.203033791
normal
simd_float4x4([[0.165821, -0.984137, -0.0630737, 0.0)], [-0.0828099, 0.0498374, -0.995318, 0.0)], [0.982673, 0.170268, -0.0732322, 0.0)], [-1.12365, -0.0626497, -0.101416, 1.0)]])
-1.12365, -0.0626497, -0.101416
float3(-0.171101, 1.64518, -1.5202)
375.303086
normal
simd_float4x4([[0.181147, -0.98286, -0.0342396, 0.0)], [-0.0778376, 0.0203778, -0.996758, 0.0)], [0.980371, 0.183225, -0.0728121, 0.0)], [-1.18064, -0.056804, -0.0924564, 1.0)]])
-1.18064, -0.056804, -0.0924564
float3(-0.184266, 1.64493, -1.55007)
375.403137833
normal
simd_float4x4([[0.183566, -0.98275, -0.0224816, 0.0)], [-0.0684736, 0.0100313, -0.997602, 0.0)], [0.98062, 0.184665, -0.0654511, 0.0)], [-1.23082, -0.0493617, -0.0912745, 1.0)]])
-1.23082, -0.0493617, -0.0912745
float3(-0.185731, 1.63744, -1.56059)
375.50319
normal
simd_float4x4([[0.183497, -0.983004, 0.00563667, 0.0)], [-0.0652684, -0.0179046, -0.997707, 0.0)], [0.980851, 0.182708, -0.0674445, 0.0)], [-1.28571, -0.051465, -0.0993483, 1.0)]])
-1.28571, -0.051465, -0.0993483
float3(-0.18374, 1.63945, -1.58901)
375.603242041
normal
simd_float4x4([[0.195964, -0.980606, 0.00322016, 0.0)], [-0.0700767, -0.0172794, -0.997392, 0.0)], [0.978104, 0.195227, -0.0721038, 0.0)], [-1.36138, -0.0620781, -0.101411, 1.0)]])
-1.36138, -0.0620781, -0.101411
float3(-0.196489, 1.64438, -1.58842)
375.70329425
normal
simd_float4x4([[0.188364, -0.982032, 0.0115229, 0.0)], [-0.0650555, -0.0241838, -0.997589, 0.0)], [0.979942, 0.18716, -0.0684419, 0.0)], [-1.43975, -0.072616, -0.110991, 1.0)]])
-1.43975, -0.072616, -0.110991
float3(-0.18827, 1.64053, -1.59542)
375.80334625
normal
simd_float4x4([[0.169981, -0.985363, 0.0129009, 0.0)], [-0.0661939, -0.0244787, -0.997506, 0.0)], [0.983222, 0.168703, -0.0693859, 0.0)], [-1.52305, -0.0743437, -0.122727, 1.0)]])
-1.52305, -0.0743437, -0.122727
float3(-0.169513, 1.64125, -1.59563)
375.903398291
normal
simd_float4x4([[0.124705, -0.992146, 0.00971772, 0.0)], [-0.0796064, -0.0197675, -0.99663, 0.0)], [0.988995, 0.123511, -0.0814463, 0.0)], [-1.60637, -0.0599165, -0.133564, 1.0)]])
-1.60637, -0.0599165, -0.133564
float3(-0.123827, 1.65296, -1.59072)
376.003450375
normal
simd_float4x4([[0.0967383, -0.995094, -0.0207305, 0.0)], [-0.101695, 0.0108371, -0.994757, 0.0)], [0.990101, 0.0983393, -0.100148, 0.0)], [-1.68819, -0.0471243, -0.134918, 1.0)]])
-1.68819, -0.0471243, -0.134918
float3(-0.0984985, 1.6716, -1.55991)
376.103502375
normal
simd_float4x4([[0.10672, -0.993849, -0.0295644, 0.0)], [-0.118424, 0.0168173, -0.992821, 0.0)], [0.987211, 0.109455, -0.115901, 0.0)], [-1.76504, -0.0447889, -0.132273, 1.0)]])
-1.76504, -0.0447889, -0.132273
float3(-0.109675, 1.68766, -1.55388)
376.203554708
normal
simd_float4x4([[0.125081, -0.991019, -0.0472776, 0.0)], [-0.12896, 0.0310079, -0.991165, 0.0)], [0.98373, 0.130073, -0.123923, 0.0)], [-1.84041, -0.0499448, -0.125165, 1.0)]])
-1.84041, -0.0499448, -0.125165
float3(-0.130442, 1.69611, -1.53952)
376.3036065
normal
simd_float4x4([[0.145588, -0.98688, -0.0698054, 0.0)], [-0.126473, 0.0514133, -0.990637, 0.0)], [0.981228, 0.153054, -0.117329, 0.0)], [-1.92444, -0.060702, -0.110073, 1.0)]])
-1.92444, -0.060702, -0.110073
float3(-0.153658, 1.6898, -1.51875)
376.40365875
normal
simd_float4x4([[0.146018, -0.986235, -0.077578, 0.0)], [-0.130916, 0.0584651, -0.989668, 0.0)], [0.980581, 0.154665, -0.120577, 0.0)], [-2.01235, -0.0703574, -0.0945392, 1.0)]])
-2.01235, -0.0703574, -0.0945392
float3(-0.155289, 1.69315, -1.51158)
376.503710875
normal
simd_float4x4([[0.158334, -0.985629, -0.058869, 0.0)], [-0.114604, 0.0408734, -0.99257, 0.0)], [0.980712, 0.163904, -0.106485, 0.0)], [-2.10397, -0.0757625, -0.0806678, 1.0)]])
-2.10397, -0.0757625, -0.0806678
float3(-0.164647, 1.67895, -1.52935)
376.603762791
normal
simd_float4x4([[0.151867, -0.988236, -0.0180796, 0.0)], [-0.10929, 0.00139016, -0.994009, 0.0)], [0.98234, 0.152933, -0.107793, 0.0)], [-2.19025, -0.0689061, -0.0792453, 1.0)]])
-2.19025, -0.0689061, -0.0792453
float3(-0.153535, 1.68009, -1.56939)
376.703815083
normal
simd_float4x4([[0.15531, -0.987494, -0.0270998, 0.0)], [-0.115916, 0.00902605, -0.993218, 0.0)], [0.981041, 0.157398, -0.113064, 0.0)], [-2.27352, -0.062687, -0.074782, 1.0)]])
-2.27352, -0.062687, -0.074782
float3(-0.158055, 1.68554, -1.56166)
376.803867125
normal
simd_float4x4([[0.176026, -0.983993, -0.0278091, 0.0)], [-0.112007, 0.00804593, -0.993675, 0.0)], [0.977992, 0.178027, -0.108798, 0.0)], [-2.36086, -0.0636968, -0.0720991, 1.0)]])
-2.36086, -0.0636968, -0.0720991
float3(-0.178981, 1.68159, -1.56262)
376.90391925
normal
simd_float4x4([[0.179287, -0.983484, -0.0248105, 0.0)], [-0.127106, 0.00185141, -0.991887, 0.0)], [0.975551, 0.180987, -0.124674, 0.0)], [-2.44911, -0.0759857, -0.0718273, 1.0)]])
-2.44911, -0.0759857, -0.0718273
float3(-0.181989, 1.69791, -1.56891)
377.003971208
normal
simd_float4x4([[0.168556, -0.985343, -0.0262377, 0.0)], [-0.166907, -0.00229721, -0.98597, 0.0)], [0.971458, 0.17057, -0.164847, 0.0)], [-2.54369, -0.0881626, -0.0766486, 1.0)]])
-2.54369, -0.0881626, -0.0766486
float3(-0.171408, 1.73889, -1.57313)
377.10402325
normal
simd_float4x4([[0.155964, -0.987448, -0.0249452, 0.0)], [-0.200168, -0.00686554, -0.979737, 0.0)], [0.967268, 0.157797, -0.198727, 0.0)], [-2.63536, -0.0848665, -0.0876379, 1.0)]])
-2.63536, -0.0848665, -0.0876379
float3(-0.15846, 1.77343, -1.57775)
377.2040755
normal
simd_float4x4([[0.140759, -0.989524, -0.0320653, 0.0)], [-0.219419, 0.000402899, -0.975631, 0.0)], [0.965423, 0.144365, -0.217063, 0.0)], [-2.72022, -0.0647841, -0.0975491, 1.0)]])
-2.72022, -0.0647841, -0.0975491
float3(-0.144871, 1.79196, -1.57039)
377.304127416
normal
simd_float4x4([[0.12748, -0.991407, -0.0293525, 0.0)], [-0.209143, 0.00205951, -0.977883, 0.0)], [0.96954, 0.130799, -0.207083, 0.0)], [-2.79341, -0.0556148, -0.102172, 1.0)]])
-2.79341, -0.0556148, -0.102172
float3(-0.131175, 1.78122, -1.56872)
377.404179666
normal
simd_float4x4([[0.129809, -0.989676, -0.0607547, 0.0)], [-0.200511, 0.0338062, -0.979108, 0.0)], [0.971053, 0.139279, -0.194053, 0.0)], [-2.87448, -0.0527061, -0.0964994, 1.0)]])
-2.87448, -0.0527061, -0.0964994
float3(-0.139733, 1.76804, -1.53665)
377.504231666
normal
simd_float4x4([[0.132292, -0.987861, -0.0814163, 0.0)], [-0.181895, 0.0565487, -0.981691, 0.0)], [0.974378, 0.144679, -0.172206, 0.0)], [-2.96128, -0.0631686, -0.0833805, 1.0)]])
-2.96128, -0.0631686, -0.0833805
float3(-0.145189, 1.74572, -1.51362)
377.604283916
normal
simd_float4x4([[0.121506, -0.988932, -0.0851417, 0.0)], [-0.181809, 0.0621524, -0.981368, 0.0)], [0.975798, 0.134721, -0.172245, 0.0)], [-3.05555, -0.0732489, -0.0629119, 1.0)]])
-3.05555, -0.0732489, -0.0629119
float3(-0.135132, 1.74551, -1.50803)
377.704335958
normal
simd_float4x4([[0.124428, -0.98929, -0.076311, 0.0)], [-0.170711, 0.0544177, -0.983817, 0.0)], [0.977433, 0.135442, -0.162112, 0.0)], [-3.15987, -0.0808838, -0.0395902, 1.0)]])
-3.15987, -0.0808838, -0.0395902
float3(-0.135859, 1.73516, -1.51584)
377.804388083
normal
simd_float4x4([[0.121943, -0.991085, -0.0536637, 0.0)], [-0.18581, 0.030316, -0.982118, 0.0)], [0.974989, 0.129734, -0.180457, 0.0)], [-3.2678, -0.0733464, -0.0226131, 1.0)]])
-3.2678, -0.0733464, -0.0226131
float3(-0.130101, 1.75381, -1.54022)
377.904440208
normal
simd_float4x4([[0.144525, -0.988149, -0.0517127, 0.0)], [-0.184857, 0.0243783, -0.982463, 0.0)], [0.97208, 0.15155, -0.179143, 0.0)], [-3.37317, -0.0642287, -0.00997637, 1.0)]])
-3.37317, -0.0642287, -0.00997637
float3(-0.152136, 1.75304, -1.54613)
378.004492166
normal
simd_float4x4([[0.155323, -0.987862, 0.00157347, 0.0)], [-0.177848, -0.02953, -0.983615, 0.0)], [0.971723, 0.152498, -0.180276, 0.0)], [-3.47697, -0.0666368, -0.00865944, 1.0)]])
-3.47697, -0.0666368, -0.00865944
float3(-0.153096, 1.75423, -1.60068)
378.104544375
normal
simd_float4x4([[0.159161, -0.987251, 0.00191236, 0.0)], [-0.187499, -0.0321296, -0.981739, 0.0)], [0.969284, 0.155896, -0.190222, 0.0)], [-3.57777, -0.0768599, -0.00067584, 1.0)]])
-3.57777, -0.0768599, -0.00067584
float3(-0.156535, 1.76458, -1.60333)
378.204596541
normal
simd_float4x4([[0.1387, -0.990272, -0.0111158, 0.0)], [-0.209356, -0.0183486, -0.977667, 0.0)], [0.967953, 0.137929, -0.209865, 0.0)], [-3.66466, -0.0872793, 0.00281353, 1.0)]])
-3.66466, -0.0872793, 0.00281353
float3(-0.138371, 1.7843, -1.58932)
378.304648458
normal
simd_float4x4([[0.123722, -0.992232, -0.0129906, 0.0)], [-0.253781, -0.0189828, -0.967076, 0.0)], [0.959316, 0.122945, -0.254158, 0.0)], [-3.75843, -0.088124, 0.0014961, 1.0)]])
-3.75843, -0.088124, 0.0014961
float3(-0.123257, 1.82978, -1.58993)
378.404700541
normal
simd_float4x4([[0.114983, -0.993354, -0.00518638, 0.0)], [-0.285091, -0.0279976, -0.958092, 0.0)], [0.951579, 0.111643, -0.286415, 0.0)], [-3.84343, -0.0725027, -0.00126755, 1.0)]])
-3.84343, -0.0725027, -0.00126755
float3(-0.111876, 1.86316, -1.59897)
378.504752708
normal
simd_float4x4([[0.107347, -0.994207, -0.00533328, 0.0)], [-0.300013, -0.0272779, -0.953545, 0.0)], [0.947876, 0.10396, -0.301203, 0.0)], [-3.91931, -0.0598673, 0.00751283, 1.0)]])
-3.91931, -0.0598673, 0.00751283
float3(-0.104148, 1.87847, -1.59823)
378.604804875
normal
simd_float4x4([[0.104336, -0.993966, -0.0338368, 0.0)], [-0.319361, -0.00126345, -0.947632, 0.0)], [0.941872, 0.109678, -0.317566, 0.0)], [-3.99781, -0.0523907, 0.0250394, 1.0)]])
-3.99781, -0.0523907, 0.0250394
float3(-0.109899, 1.89599, -1.57207)
378.704857
normal
simd_float4x4([[0.115737, -0.990784, -0.0703723, 0.0)], [-0.310618, 0.0311929, -0.950023, 0.0)], [0.943463, 0.131811, -0.304145, 0.0)], [-4.08019, -0.0596069, 0.0479806, 1.0)]])
-4.08019, -0.0596069, 0.0479806
float3(-0.132196, 1.88265, -1.53932)
378.804909125
normal
simd_float4x4([[0.0999671, -0.991966, -0.0775292, 0.0)], [-0.315217, 0.0423323, -0.948075, 0.0)], [0.94374, 0.119215, -0.308453, 0.0)], [-4.16628, -0.0728528, 0.0747213, 1.0)]])
-4.16628, -0.0728528, 0.0747213
float3(-0.119499, 1.88669, -1.52815)
378.904961166
normal
simd_float4x4([[0.105453, -0.991617, -0.0746662, 0.0)], [-0.315164, 0.0378873, -0.948281, 0.0)], [0.94316, 0.123531, -0.308526, 0.0)], [-4.26048, -0.0802047, 0.100649, 1.0)]])
-4.26048, -0.0802047, 0.100649
float3(-0.123847, 1.88694, -1.53261)
379.005013208
normal
simd_float4x4([[0.100831, -0.994004, -0.0423081, 0.0)], [-0.311917, 0.00879725, -0.950069, 0.0)], [0.944744, 0.108993, -0.30916, 0.0)], [-4.35144, -0.0742181, 0.119973, 1.0)]])
-4.35144, -0.0742181, 0.119973
float3(-0.10921, 1.88705, -1.56195)
379.105065416
normal
simd_float4x4([[0.0868198, -0.995892, -0.0257061, 0.0)], [-0.30745, -0.00224106, -0.951562, 0.0)], [0.947595, 0.0905177, -0.306382, 0.0)], [-4.43311, -0.0677208, 0.135067, 1.0)]])
-4.43311, -0.0677208, 0.135067
float3(-0.0906418, 1.88351, -1.57305)
379.205117541
normal
simd_float4x4([[0.106516, -0.993993, -0.0251438, 0.0)], [-0.278292, -0.00552562, -0.96048, 0.0)], [0.954572, 0.109304, -0.277209, 0.0)], [-4.52249, -0.0639236, 0.145591, 1.0)]])
-4.52249, -0.0639236, 0.145591
float3(-0.109523, 1.85342, -1.57636)
379.305169666
normal
simd_float4x4([[0.0969175, -0.995283, 0.00438941, 0.0)], [-0.27367, -0.0308888, -0.961328, 0.0)], [0.956928, 0.0919682, -0.275373, 0.0)], [-4.60808, -0.0720705, 0.146674, 1.0)]])
-4.60808, -0.0720705, 0.146674
float3(-0.0920983, 1.85099, -1.60182)
379.40522175
normal
simd_float4x4([[0.0952918, -0.995449, 0.000989142, 0.0)], [-0.267837, -0.0265963, -0.963097, 0.0)], [0.95874, 0.0915103, -0.269152, 0.0)], [-4.69689, -0.0851203, 0.149189, 1.0)]])
-4.69689, -0.0851203, 0.149189
float3(-0.0916385, 1.84449, -1.59751)
379.505273916
normal
simd_float4x4([[0.101211, -0.99485, -0.0054988, 0.0)], [-0.273342, -0.0224932, -0.961654, 0.0)], [0.956577, 0.0988331, -0.274211, 0.0)], [-4.79564, -0.0954119, 0.145612, 1.0)]])
-4.79564, -0.0954119, 0.145612
float3(-0.0989947, 1.84997, -1.5934)
379.605326083
normal
simd_float4x4([[0.110848, -0.993835, 0.002132, 0.0)], [-0.279019, -0.0331793, -0.959712, 0.0)], [0.953866, 0.105787, -0.280977, 0.0)], [-4.89118, -0.0903094, 0.13706, 1.0)]])
-4.89118, -0.0903094, 0.13706
float3(-0.105986, 1.85726, -1.60417)
379.705378083
normal
simd_float4x4([[0.109861, -0.993922, 0.00704795, 0.0)], [-0.271451, -0.0368242, -0.961747, 0.0)], [0.956161, 0.103746, -0.273847, 0.0)], [-4.97272, -0.0787792, 0.13299, 1.0)]])
-4.97272, -0.0787792, 0.13299
float3(-0.103933, 1.84973, -1.60783)
379.80543025
normal
simd_float4x4([[0.115139, -0.99333, 0.0061118, 0.0)], [-0.248581, -0.0347696, -0.967987, 0.0)], [0.961743, 0.109934, -0.250927, 0.0)], [-5.0501, -0.073477, 0.132758, 1.0)]])
-5.0501, -0.073477, 0.132758
float3(-0.110157, 1.82602, -1.60579)
379.905482333
normal
simd_float4x4([[0.129343, -0.990941, -0.0361335, 0.0)], [-0.219997, 0.00685434, -0.975477, 0.0)], [0.966888, 0.134121, -0.217117, 0.0)], [-5.13363, -0.0766017, 0.140152, 1.0)]])
-5.13363, -0.0766017, 0.140152
float3(-0.134526, 1.79169, -1.56388)
380.005534541
normal
simd_float4x4([[0.134238, -0.9905, -0.0298244, 0.0)], [-0.186039, 0.00437147, -0.982533, 0.0)], [0.973329, 0.137442, -0.183684, 0.0)], [-5.21861, -0.0893317, 0.141064, 1.0)]])
-5.21861, -0.0893317, 0.141064
float3(-0.137879, 1.75732, -1.56638)
380.105586541
normal
simd_float4x4([[0.126259, -0.991698, -0.0243728, 0.0)], [-0.171077, 0.00243367, -0.985255, 0.0)], [0.977134, 0.128566, -0.16935, 0.0)], [-5.31145, -0.0986079, 0.152574, 1.0)]])
-5.31145, -0.0986079, 0.152574
float3(-0.128923, 1.7424, -1.56834)
380.205638666
normal
simd_float4x4([[0.136423, -0.990586, -0.0113189, 0.0)], [-0.148038, -0.00908769, -0.98894, 0.0)], [0.979527, 0.136589, -0.147885, 0.0)], [-5.41299, -0.097158, 0.165721, 1.0)]])
-5.41299, -0.097158, 0.165721
float3(-0.137018, 1.72064, -1.57997)
380.305690916
normal
simd_float4x4([[0.128833, -0.991608, 0.0107644, 0.0)], [-0.125539, -0.027076, -0.991719, 0.0)], [0.983688, 0.126415, -0.127974, 0.0)], [-5.50873, -0.0922529, 0.173242, 1.0)]])
-5.50873, -0.0922529, 0.173242
float3(-0.126754, 1.70017, -1.59809)
380.405742875
normal
simd_float4x4([[0.159149, -0.987206, -0.00975725, 0.0)], [-0.107353, -0.0074803, -0.994193, 0.0)], [0.9814, 0.159273, -0.10717, 0.0)], [-5.60948, -0.0860576, 0.181005, 1.0)]])
-5.60948, -0.0860576, 0.181005
float3(-0.159954, 1.67957, -1.57837)
380.505795083
normal
simd_float4x4([[0.168358, -0.985723, 0.00245897, 0.0)], [-0.0883589, -0.0175759, -0.995934, 0.0)], [0.981758, 0.167456, -0.0900564, 0.0)], [-5.70765, -0.088593, 0.177835, 1.0)]])
-5.70765, -0.088593, 0.177835
float3(-0.168249, 1.66227, -1.58862)
380.605847208
normal
simd_float4x4([[0.175299, -0.984367, 0.0170521, 0.0)], [-0.0804386, -0.0315828, -0.996259, 0.0)], [0.981224, 0.173272, -0.0847176, 0.0)], [-5.80095, -0.100996, 0.170304, 1.0)]])
-5.80095, -0.100996, 0.170304
float3(-0.174151, 1.65692, -1.60287)
380.705899416
normal
simd_float4x4([[0.154511, -0.987932, 0.0108195, 0.0)], [-0.0973585, -0.0261226, -0.994906, 0.0)], [0.983182, 0.152671, -0.10022, 0.0)], [-5.89399, -0.106329, 0.164582, 1.0)]])
-5.89399, -0.106329, 0.164582
float3(-0.15327, 1.67238, -1.59723)
380.805951458
normal
simd_float4x4([[0.152494, -0.988249, 0.0104278, 0.0)], [-0.128453, -0.0302807, -0.991253, 0.0)], [0.979921, 0.149821, -0.131561, 0.0)], [-5.98873, -0.100288, 0.157412, 1.0)]])
-5.98873, -0.100288, 0.157412
float3(-0.150387, 1.70425, -1.60143)
380.906003541
normal
simd_float4x4([[0.158117, -0.987391, -0.00755592, 0.0)], [-0.149836, -0.0164292, -0.988575, 0.0)], [0.975986, 0.157443, -0.150544, 0.0)], [-6.07656, -0.086709, 0.155643, 1.0)]])
-6.07656, -0.086709, 0.155643
float3(-0.158101, 1.72384, -1.58743)
381.006055833
normal
simd_float4x4([[0.17489, -0.984539, -0.00976772, 0.0)], [-0.161503, -0.0188997, -0.986691, 0.0)], [0.971252, 0.17414, -0.162311, 0.0)], [-6.15808, -0.0848323, 0.157026, 1.0)]])
-6.15808, -0.0848323, 0.157026
float3(-0.175033, 1.73638, -1.58999)
381.106107833
normal
simd_float4x4([[0.170303, -0.984368, -0.0449024, 0.0)], [-0.177075, 0.0142547, -0.984094, 0.0)], [0.969351, 0.175546, -0.171879, 0.0)], [-6.2395, -0.0868362, 0.169361, 1.0)]])
-6.2395, -0.0868362, 0.169361
float3(-0.17646, 1.74629, -1.55632)
381.206160083
normal
simd_float4x4([[0.152876, -0.986255, -0.062692, 0.0)], [-0.178908, 0.0347692, -0.983251, 0.0)], [0.971916, 0.161531, -0.171134, 0.0)], [-6.32255, -0.0958509, 0.181329, 1.0)]])
-6.32255, -0.0958509, 0.181329
float3(-0.162242, 1.74509, -1.53556)
381.306212166
normal
simd_float4x4([[0.130245, -0.989713, -0.0591907, 0.0)], [-0.174022, 0.035953, -0.984085, 0.0)], [0.97609, 0.138473, -0.167549, 0.0)], [-6.41145, -0.0994461, 0.196807, 1.0)]])
-6.41145, -0.0994461, 0.196807
float3(-0.138919, 1.74079, -1.53449)
381.40626425
normal
simd_float4x4([[0.127171, -0.991624, -0.0225488, 0.0)], [-0.151379, 0.0030635, -0.988471, 0.0)], [0.980261, 0.129119, -0.149721, 0.0)], [-6.5001, -0.0989489, 0.208704, 1.0)]])
-6.5001, -0.0989489, 0.208704
float3(-0.12948, 1.72236, -1.56771)
381.506316458
normal
simd_float4x4([[0.114939, -0.993173, 0.0199312, 0.0)], [-0.129777, -0.034905, -0.990929, 0.0)], [0.984859, 0.111309, -0.132903, 0.0)], [-6.58768, -0.0893252, 0.215576, 1.0)]])
-6.58768, -0.0893252, 0.215576
float3(-0.11154, 1.70493, -1.60593)
381.606368583
normal
simd_float4x4([[0.122165, -0.992392, 0.0153121, 0.0)], [-0.0937381, -0.0268953, -0.995234, 0.0)], [0.988073, 0.120147, -0.0963105, 0.0)], [-6.67267, -0.0789439, 0.221684, 1.0)]])
-6.67267, -0.0789439, 0.221684
float3(-0.120438, 1.66796, -1.59789)
381.706420833
normal
simd_float4x4([[0.102184, -0.99391, 0.0412554, 0.0)], [-0.0627196, -0.0478271, -0.996885, 0.0)], [0.992786, 0.0992777, -0.0672248, 0.0)], [-6.75513, -0.0856247, 0.21973, 1.0)]])
-6.75513, -0.0856247, 0.21973
float3(-0.0994415, 1.63841, -1.61888)
381.806472916
normal
simd_float4x4([[0.111934, -0.993187, 0.0324023, 0.0)], [-0.0523948, -0.0384605, -0.997886, 0.0)], [0.992333, 0.109999, -0.0563429, 0.0)], [-6.85438, -0.102946, 0.225143, 1.0)]])
-6.85438, -0.102946, 0.225143
float3(-0.110222, 1.62751, -1.6095)
381.906525166
normal
simd_float4x4([[0.126332, -0.991984, 0.00289971, 0.0)], [-0.06511, -0.0112087, -0.997815, 0.0)], [0.989849, 0.125867, -0.0660041, 0.0)], [-6.9571, -0.11788, 0.22955, 1.0)]])
-6.9571, -0.11788, 0.22955
float3(-0.126202, 1.63738, -1.5821)
382.006577125
normal
simd_float4x4([[0.152061, -0.988331, -0.00890592, 0.0)], [-0.0921941, -0.00521205, -0.995727, 0.0)], [0.984062, 0.152232, -0.0919109, 0.0)], [-7.05739, -0.114021, 0.226157, 1.0)]])
-7.05739, -0.114021, 0.226157
float3(-0.152826, 1.66393, -1.57607)
382.106629208
normal
simd_float4x4([[0.137117, -0.990334, -0.0208946, 0.0)], [-0.102782, 0.00675557, -0.994681, 0.0)], [0.985208, 0.138536, -0.100862, 0.0)], [-7.13552, -0.0990112, 0.231138, 1.0)]])
-7.13552, -0.0990112, 0.231138
float3(-0.138983, 1.67282, -1.56397)
382.206681583
normal
simd_float4x4([[0.152055, -0.988352, -0.00626675, 0.0)], [-0.108503, -0.0103901, -0.994042, 0.0)], [0.982398, 0.151829, -0.108819, 0.0)], [-7.21689, -0.0967001, 0.236798, 1.0)]])
-7.21689, -0.0967001, 0.236798
float3(-0.152418, 1.68112, -1.58131)
382.306733625
normal
simd_float4x4([[0.160869, -0.985633, -0.0514563, 0.0)], [-0.114464, 0.0331522, -0.992874, 0.0)], [0.980316, 0.165613, -0.107486, 0.0)], [-7.30088, -0.102143, 0.255607, 1.0)]])
-7.30088, -0.102143, 0.255607
float3(-0.166379, 1.68, -1.53717)
382.406785875
normal
simd_float4x4([[0.149074, -0.986958, -0.0607575, 0.0)], [-0.114129, 0.0438601, -0.992497, 0.0)], [0.982218, 0.154889, -0.106102, 0.0)], [-7.39271, -0.116836, 0.268512, 1.0)]])
-7.39271, -0.116836, 0.268512
float3(-0.155516, 1.6784, -1.52639)
382.506837833
normal
simd_float4x4([[0.125387, -0.990153, -0.0622585, 0.0)], [-0.124924, 0.046497, -0.991076, 0.0)], [0.984211, 0.132045, -0.117864, 0.0)], [-7.48964, -0.119966, 0.28909, 1.0)]])
-7.48964, -0.119966, 0.28909
float3(-0.132432, 1.68998, -1.52387)
382.606890041
normal
simd_float4x4([[0.143156, -0.988102, -0.0562239, 0.0)], [-0.120755, 0.0389462, -0.991918, 0.0)], [0.982306, 0.148788, -0.113743, 0.0)], [-7.59456, -0.112542, 0.307334, 1.0)]])
-7.59456, -0.112542, 0.307334
float3(-0.149343, 1.68607, -1.5314)
382.706942291
normal
simd_float4x4([[0.15171, -0.987728, -0.0371239, 0.0)], [-0.113783, 0.0198571, -0.993307, 0.0)], [0.981854, 0.154919, -0.109374, 0.0)], [-7.69516, -0.0971728, 0.320056, 1.0)]])
-7.69516, -0.0971728, 0.320056
float3(-0.155545, 1.68173, -1.5507)
382.806994333
normal
simd_float4x4([[0.148677, -0.987925, -0.0435907, 0.0)], [-0.107939, 0.0276045, -0.993774, 0.0)], [0.982977, 0.152457, -0.102531, 0.0)], [-7.78945, -0.0896247, 0.331497, 1.0)]])
-7.78945, -0.0896247, 0.331497
float3(-0.153053, 1.67473, -1.54286)
382.907046625
normal
simd_float4x4([[0.128032, -0.991474, -0.0242279, 0.0)], [-0.109887, 0.010097, -0.993893, 0.0)], [0.985663, 0.129912, -0.107657, 0.0)], [-7.88534, -0.0979212, 0.333453, 1.0)]])
-7.88534, -0.0979212, 0.333453
float3(-0.13028, 1.67959, -1.56061)
383.007098833
normal
simd_float4x4([[0.116055, -0.993017, -0.0211784, 0.0)], [-0.112459, 0.00804821, -0.993624, 0.0)], [0.986856, 0.117696, -0.11074, 0.0)], [-7.9824, -0.111356, 0.33677, 1.0)]])
-7.9824, -0.111356, 0.33677
float3(-0.11797, 1.68254, -1.56269)
383.107151
normal
simd_float4x4([[0.0979244, -0.994794, -0.0281973, 0.0)], [-0.135212, 0.0147716, -0.990707, 0.0)], [0.985966, 0.100827, -0.133061, 0.0)], [-8.08447, -0.121251, 0.337873, 1.0)]])
-8.08447, -0.121251, 0.337873
float3(-0.100999, 1.70494, -1.55595)
383.207203041
normal
simd_float4x4([[0.0816218, -0.996195, -0.0305425, 0.0)], [-0.171323, 0.0161647, -0.985082, 0.0)], [0.981828, 0.0856368, -0.169352, 0.0)], [-8.18488, -0.111418, 0.339637, 1.0)]])
-8.18488, -0.111418, 0.339637
float3(-0.0857418, 1.7416, -1.55457)
383.307255041
normal
simd_float4x4([[0.0749328, -0.99645, -0.0383786, 0.0)], [-0.183924, 0.0240159, -0.982647, 0.0)], [0.98008, 0.0806912, -0.181472, 0.0)], [-8.27904, -0.104114, 0.349052, 1.0)]])
-8.27904, -0.104114, 0.349052
float3(-0.0807791, 1.75388, -1.5467)
383.407307416
normal
simd_float4x4([[0.0808942, -0.995821, -0.042388, 0.0)], [-0.176134, 0.027576, -0.98398, 0.0)], [0.981037, 0.0870642, -0.173167, 0.0)], [-8.37074, -0.0994383, 0.358369, 1.0)]])
-8.37074, -0.0994383, 0.358369
float3(-0.0871746, 1.74551, -1.54311)
383.507359416
normal
simd_float4x4([[0.080078, -0.994373, -0.0693472, 0.0)], [-0.160396, 0.0558097, -0.985474, 0.0)], [0.983799, 0.0900378, -0.155024, 0.0)], [-8.46597, -0.109692, 0.372787, 1.0)]])
-8.46597, -0.109692, 0.372787
float3(-0.0901599, 1.72709, -1.51473)
383.607411625
normal
simd_float4x4([[0.0738961, -0.995997, -0.050288, 0.0)], [-0.150652, 0.0386983, -0.987829, 0.0)], [0.985821, 0.0805727, -0.14719, 0.0)], [-8.5696, -0.127369, 0.383681, 1.0)]])
-8.5696, -0.127369, 0.383681
float3(-0.0806602, 1.71901, -1.53196)
383.707463875
normal
simd_float4x4([[0.0778653, -0.996316, -0.0359293, 0.0)], [-0.131657, 0.025447, -0.990969, 0.0)], [0.988232, 0.0818924, -0.129191, 0.0)], [-8.67167, -0.136361, 0.405029, 1.0)]])
-8.67167, -0.136361, 0.405029
float3(-0.0819843, 1.70079, -1.54526)
383.807516
normal
simd_float4x4([[0.1119, -0.99366, -0.0108315, 0.0)], [-0.115319, -0.00215871, -0.993326, 0.0)], [0.987005, 0.112403, -0.11483, 0.0)], [-8.78141, -0.125044, 0.418472, 1.0)]])
-8.78141, -0.125044, 0.418472
float3(-0.112641, 1.68662, -1.57297)
383.907568125
normal
simd_float4x4([[0.0989818, -0.995081, 0.00397662, 0.0)], [-0.102739, -0.0141943, -0.994607, 0.0)], [0.989771, 0.0980394, -0.103638, 0.0)], [-8.87221, -0.114391, 0.425751, 1.0)]])
-8.87221, -0.114391, 0.425751
float3(-0.0981972, 1.67513, -1.58506)
384.007620291
normal
simd_float4x4([[0.0992424, -0.994871, 0.0195504, 0.0)], [-0.0828745, -0.027843, -0.996171, 0.0)], [0.991606, 0.0972422, -0.0852127, 0.0)], [-8.96799, -0.112884, 0.432494, 1.0)]])
-8.96799, -0.112884, 0.432494
float3(-0.0973961, 1.65652, -1.59878)
384.1076725
normal
simd_float4x4([[0.095259, -0.995017, 0.0294529, 0.0)], [-0.0864421, -0.037744, -0.995542, 0.0)], [0.991692, 0.0922883, -0.0896068, 0.0)], [-9.06271, -0.122161, 0.439183, 1.0)]])
-9.06271, -0.122161, 0.439183
float3(-0.0924198, 1.66091, -1.60871)
384.207724583
normal
simd_float4x4([[0.091208, -0.995641, 0.0194782, 0.0)], [-0.117264, -0.0301618, -0.992643, 0.0)], [0.988903, 0.0882528, -0.119504, 0.0)], [-9.16036, -0.132035, 0.443882, 1.0)]])
-9.16036, -0.132035, 0.443882
float3(-0.0883678, 1.69106, -1.60108)
384.307776875
normal
simd_float4x4([[0.0952044, -0.995448, 0.00435867, 0.0)], [-0.150726, -0.0187431, -0.988398, 0.0)], [0.983981, 0.0934429, -0.151824, 0.0)], [-9.26331, -0.133825, 0.44011, 1.0)]])
-9.26331, -0.133825, 0.44011
float3(-0.0935794, 1.72388, -1.58962)
384.407829083
normal
simd_float4x4([[0.0613546, -0.998098, -0.00607406, 0.0)], [-0.166614, -0.00424152, -0.986013, 0.0)], [0.984111, 0.0615085, -0.166558, 0.0)], [-9.34768, -0.116901, 0.433672, 1.0)]])
-9.34768, -0.116901, 0.433672
float3(-0.0615473, 1.73845, -1.57505)
384.507881166
normal
simd_float4x4([[0.054812, -0.998438, -0.0108706, 0.0)], [-0.167785, 0.00152221, -0.985822, 0.0)], [0.984299, 0.0558589, -0.16744, 0.0)], [-9.43221, -0.107713, 0.432098, 1.0)]])
-9.43221, -0.107713, 0.432098
float3(-0.0558879, 1.73929, -1.56927)
384.607933458
normal
simd_float4x4([[0.043518, -0.99886, -0.0196285, 0.0)], [-0.178671, 0.0115491, -0.983841, 0.0)], [0.982946, 0.0463218, -0.177965, 0.0)], [-9.51649, -0.102838, 0.435045, 1.0)]])
-9.51649, -0.102838, 0.435045
float3(-0.0463384, 1.74991, -1.55923)
384.707985541
normal
simd_float4x4([[0.0478142, -0.997094, -0.0593089, 0.0)], [-0.180825, 0.0497552, -0.982256, 0.0)], [0.982352, 0.0576903, -0.17792, 0.0)], [-9.60864, -0.108717, 0.446991, 1.0)]])
-9.60864, -0.108717, 0.446991
float3(-0.0577223, 1.74997, -1.52094)
384.808037791
normal
simd_float4x4([[0.0354296, -0.997829, -0.0555102, 0.0)], [-0.191923, 0.0477176, -0.980249, 0.0)], [0.98077, 0.0453835, -0.189816, 0.0)], [-9.70108, -0.118601, 0.45194, 1.0)]])
-9.70108, -0.118601, 0.45194
float3(-0.0453991, 1.76197, -1.52301)
384.908089833
normal
simd_float4x4([[0.042341, -0.997702, -0.0528931, 0.0)], [-0.195258, 0.0436564, -0.97978, 0.0)], [0.979837, 0.0518127, -0.192961, 0.0)], [-9.804, -0.125717, 0.464834, 1.0)]])
-9.804, -0.125717, 0.464834
float3(-0.0518359, 1.76524, -1.52707)
385.008142166
normal
simd_float4x4([[0.0701084, -0.996857, -0.0369031, 0.0)], [-0.199141, 0.0222632, -0.979718, 0.0)], [0.97746, 0.0760353, -0.196954, 0.0)], [-9.90728, -0.121703, 0.4729, 1.0)]])
-9.90728, -0.121703, 0.4729
float3(-0.0761088, 1.76963, -1.54847)
385.108194291
normal
simd_float4x4([[0.0736645, -0.996804, -0.030922, 0.0)], [-0.202702, 0.0153936, -0.979119, 0.0)], [0.976466, 0.0783943, -0.20092, 0.0)], [-9.99732, -0.11374, 0.47991, 1.0)]])
-9.99732, -0.11374, 0.47991
float3(-0.0784748, 1.77373, -1.55535)
385.208246458
normal
simd_float4x4([[0.0827058, -0.996386, -0.0193551, 0.0)], [-0.198597, 0.00255357, -0.980078, 0.0)], [0.976585, 0.084902, -0.197668, 0.0)], [-10.0877, -0.112544, 0.483288, 1.0)]])
-10.0877, -0.112544, 0.483288
float3(-0.0850044, 1.77051, -1.56823)
385.308298541
normal
simd_float4x4([[0.0877621, -0.996113, -0.00750084, 0.0)], [-0.20627, -0.0108056, -0.978436, 0.0)], [0.974551, 0.0874168, -0.206416, 0.0)], [-10.1748, -0.121502, 0.481889, 1.0)]])
-10.1748, -0.121502, 0.481889
float3(-0.0875285, 1.77952, -1.58164)
385.408350708
normal
simd_float4x4([[0.0766272, -0.997041, -0.0060924, 0.0)], [-0.215939, -0.01063, -0.976349, 0.0)], [0.973395, 0.0761305, -0.216115, 0.0)], [-10.2601, -0.135679, 0.478081, 1.0)]])
-10.2601, -0.135679, 0.478081
float3(-0.0762042, 1.78927, -1.58146)
385.508403041
normal
simd_float4x4([[0.0579531, -0.998288, -0.00788487, 0.0)], [-0.26079, -0.00751463, -0.965366, 0.0)], [0.963655, 0.0580022, -0.260779, 0.0)], [-10.3533, -0.143254, 0.472197, 1.0)]])
-10.3533, -0.143254, 0.472197
float3(-0.0580348, 1.83508, -1.57832)
385.60845525
normal
simd_float4x4([[0.0604629, -0.99812, -0.0100544, 0.0)], [-0.298769, -0.00848561, -0.954288, 0.0)], [0.952408, 0.0607029, -0.29872, 0.0)], [-10.4454, -0.132883, 0.46315, 1.0)]])
-10.4454, -0.132883, 0.46315
float3(-0.0607403, 1.87473, -1.5793)
385.708507375
normal
simd_float4x4([[0.0483962, -0.998732, -0.0138912, 0.0)], [-0.308666, -0.0017276, -0.951169, 0.0)], [0.949938, 0.0503207, -0.308358, 0.0)], [-10.5248, -0.123504, 0.460322, 1.0)]])
-10.5248, -0.123504, 0.460322
float3(-0.050342, 1.88467, -1.57253)
385.808559541
normal
simd_float4x4([[0.0649254, -0.997828, -0.0111373, 0.0)], [-0.299449, -0.00883528, -0.954072, 0.0)], [0.951901, 0.0652786, -0.299372, 0.0)], [-10.6076, -0.120784, 0.45915, 1.0)]])
-10.6076, -0.120784, 0.45915
float3(-0.065325, 1.8755, -1.57965)
385.908611666
normal
simd_float4x4([[0.0775831, -0.994841, -0.0653598, 0.0)], [-0.28869, 0.040332, -0.956573, 0.0)], [0.954274, 0.0930826, -0.284072, 0.0)], [-10.6935, -0.124427, 0.471288, 1.0)]])
-10.6935, -0.124427, 0.471288
float3(-0.0932176, 1.86013, -1.53028)
386.008663958
normal
simd_float4x4([[0.0901599, -0.992826, -0.0785308, 0.0)], [-0.278468, 0.0505761, -0.959113, 0.0)], [0.956204, 0.108342, -0.27191, 0.0)], [-10.7815, -0.138983, 0.478875, 1.0)]])
-10.7815, -0.138983, 0.478875
float3(-0.108555, 1.84785, -1.5199)
386.108716083
normal
simd_float4x4([[0.0865704, -0.993861, -0.0688953, 0.0)], [-0.276381, 0.0424814, -0.960109, 0.0)], [0.957141, 0.102158, -0.271006, 0.0)], [-10.8761, -0.151217, 0.493241, 1.0)]])
-10.8761, -0.151217, 0.493241
float3(-0.102337, 1.84672, -1.52808)
386.208768333
normal
simd_float4x4([[0.105713, -0.992449, -0.0622108, 0.0)], [-0.270074, 0.0315547, -0.962322, 0.0)], [0.957019, 0.118532, -0.264699, 0.0)], [-10.9803, -0.155455, 0.512907, 1.0)]])
-10.9803, -0.155455, 0.512907
float3(-0.118811, 1.84064, -1.53901)
386.3088205
normal
simd_float4x4([[0.136567, -0.990072, -0.0332729, 0.0)], [-0.250889, -0.00207505, -0.968014, 0.0)], [0.958334, 0.140546, -0.248681, 0.0)], [-11.0843, -0.151229, 0.521684, 1.0)]])
-11.0843, -0.151229, 0.521684
float3(-0.141013, 1.82469, -1.57289)
386.408872583
normal
simd_float4x4([[0.154532, -0.987098, -0.0419206, 0.0)], [-0.224937, 0.00616503, -0.974354, 0.0)], [0.962041, 0.159999, -0.221082, 0.0)], [-11.1821, -0.140847, 0.531775, 1.0)]])
-11.1821, -0.140847, 0.531775
float3(-0.160689, 1.79668, -1.56455)
386.508924875
normal
simd_float4x4([[0.138579, -0.990273, -0.0124665, 0.0)], [-0.207217, -0.016684, -0.978153, 0.0)], [0.96843, 0.138134, -0.207514, 0.0)], [-11.2794, -0.144763, 0.530908, 1.0)]])
-11.2794, -0.144763, 0.530908
float3(-0.138577, 1.78188, -1.58764)
386.608977
normal
simd_float4x4([[0.141054, -0.989969, 0.00801103, 0.0)], [-0.199032, -0.0362835, -0.979321, 0.0)], [0.969789, 0.136543, -0.202153, 0.0)], [-11.3761, -0.161196, 0.531063, 1.0)]])
-11.3761, -0.161196, 0.531063
float3(-0.136971, 1.7763, -1.60743)
386.709029208
normal
simd_float4x4([[0.121527, -0.992587, 0.00167747, 0.0)], [-0.188979, -0.0247966, -0.981668, 0.0)], [0.974432, 0.118982, -0.190592, 0.0)], [-11.4723, -0.17285, 0.533337, 1.0)]])
-11.4723, -0.17285, 0.533337
float3(-0.119265, 1.76395, -1.59577)
386.809081375
normal
simd_float4x4([[0.128546, -0.991699, -0.00305803, 0.0)], [-0.200052, -0.0229106, -0.979517, 0.0)], [0.971316, 0.126525, -0.201336, 0.0)], [-11.5762, -0.169018, 0.533221, 1.0)]])
-11.5762, -0.169018, 0.533221
float3(-0.126865, 1.77518, -1.59389)
386.90913375
normal
simd_float4x4([[0.10665, -0.99422, -0.0123738, 0.0)], [-0.20361, -0.0096568, -0.979004, 0.0)], [0.973226, 0.10693, -0.203463, 0.0)], [-11.6669, -0.150853, 0.53884, 1.0)]])
-11.6669, -0.150853, 0.53884
float3(-0.107135, 1.77689, -1.58051)
387.009185833
normal
simd_float4x4([[0.146458, -0.988827, -0.0277739, 0.0)], [-0.183699, 0.000401465, -0.982983, 0.0)], [0.972011, 0.149068, -0.181588, 0.0)], [-11.7638, -0.14375, 0.550656, 1.0)]])
-11.7638, -0.14375, 0.550656
float3(-0.149625, 1.75548, -1.57039)
387.109237916
normal
simd_float4x4([[0.153841, -0.985275, -0.0746012, 0.0)], [-0.200829, 0.0427454, -0.978693, 0.0)], [0.967471, 0.165545, -0.191296, 0.0)], [-11.8563, -0.14553, 0.57092, 1.0)]])
-11.8563, -0.14553, 0.57092
float3(-0.166311, 1.76601, -1.52744)
387.209290166
normal
simd_float4x4([[0.152546, -0.984512, -0.0864025, 0.0)], [-0.199697, 0.0549165, -0.978318, 0.0)], [0.96791, 0.166493, -0.188227, 0.0)], [-11.9542, -0.160563, 0.586761, 1.0)]])
-11.9542, -0.160563, 0.586761
float3(-0.167272, 1.76287, -1.51507)
387.309342333
normal
simd_float4x4([[0.125397, -0.98919, -0.076022, 0.0)], [-0.194004, 0.0506986, -0.97969, 0.0)], [0.972953, 0.137599, -0.185549, 0.0)], [-12.0455, -0.167492, 0.605528, 1.0)]])
-12.0455, -0.167492, 0.605528
float3(-0.138037, 1.75924, -1.51959)
387.409394625
normal
simd_float4x4([[0.110393, -0.992701, -0.0485594, 0.0)], [-0.188128, 0.0271041, -0.981771, 0.0)], [0.975921, 0.117515, -0.183762, 0.0)], [-12.1401, -0.168036, 0.624503, 1.0)]])
-12.1401, -0.168036, 0.624503
float3(-0.117788, 1.75691, -1.5435)
387.50944675
normal
simd_float4x4([[0.108784, -0.993829, -0.0216951, 0.0)], [-0.191154, 0.000503578, -0.98156, 0.0)], [0.975513, 0.110925, -0.18992, 0.0)], [-12.2397, -0.16272, 0.642142, 1.0)]])
-12.2397, -0.16272, 0.642142
float3(-0.111154, 1.76308, -1.57029)
387.609499
normal
simd_float4x4([[0.147297, -0.988475, -0.0349382, 0.0)], [-0.186962, 0.00686159, -0.982343, 0.0)], [0.971262, 0.151228, -0.183796, 0.0)], [-12.3365, -0.15317, 0.655832, 1.0)]])
-12.3365, -0.15317, 0.655832
float3(-0.15181, 1.75782, -1.56385)
387.709551166
normal
simd_float4x4([[0.151743, -0.988411, -0.00425315, 0.0)], [-0.178734, -0.023207, -0.983624, 0.0)], [0.972126, 0.150018, -0.180184, 0.0)], [-12.4276, -0.158672, 0.657264, 1.0)]])
-12.4276, -0.158672, 0.657264
float3(-0.150586, 1.75407, -1.59427)
387.809603416
normal
simd_float4x4([[0.155494, -0.987827, -0.00429421, 0.0)], [-0.169214, -0.0223527, -0.985326, 0.0)], [0.973236, 0.153939, -0.17063, 0.0)], [-12.516, -0.170087, 0.662567, 1.0)]])
-12.516, -0.170087, 0.662567
float3(-0.154554, 1.74435, -1.59342)
387.909655791
normal
simd_float4x4([[0.132982, -0.991049, -0.0117073, 0.0)], [-0.170692, -0.0112651, -0.98526, 0.0)], [0.976309, 0.13302, -0.170663, 0.0)], [-12.6076, -0.180644, 0.665466, 1.0)]])
-12.6076, -0.180644, 0.665466
float3(-0.133416, 1.74385, -1.58216)
388.009707791
normal
simd_float4x4([[0.120023, -0.992728, -0.00926681, 0.0)], [-0.183373, -0.0129946, -0.982958, 0.0)], [0.975689, 0.119677, -0.183599, 0.0)], [-12.6995, -0.173199, 0.660549, 1.0)]])
-12.6995, -0.173199, 0.660549
float3(-0.119964, 1.75679, -1.58389)
388.109760166
normal
simd_float4x4([[0.0821388, -0.996574, -0.00965264, 0.0)], [-0.18644, -0.00585074, -0.982449, 0.0)], [0.979027, 0.0824968, -0.186282, 0.0)], [-12.7785, -0.156163, 0.659785, 1.0)]])
-12.7785, -0.156163, 0.659785
float3(-0.0825906, 1.75882, -1.57667)
388.209812208
normal
simd_float4x4([[0.100138, -0.994952, 0.00650903, 0.0)], [-0.176887, -0.0242399, -0.983933, 0.0)], [0.979124, 0.0973776, -0.178421, 0.0)], [-12.8629, -0.150997, 0.659205, 1.0)]])
-12.8629, -0.150997, 0.659205
float3(-0.0975321, 1.75104, -1.59515)
388.309864416
normal
simd_float4x4([[0.0941944, -0.995204, -0.0263868, 0.0)], [-0.163501, 0.0106806, -0.986485, 0.0)], [0.982036, 0.0972357, -0.161711, 0.0)], [-12.9402, -0.147859, 0.671571, 1.0)]])
-12.9402, -0.147859, 0.671571
float3(-0.0973896, 1.734, -1.56006)
388.409916708
normal
simd_float4x4([[0.0898447, -0.995453, -0.0316395, 0.0)], [-0.14509, 0.0183472, -0.989248, 0.0)], [0.985331, 0.0934693, -0.142782, 0.0)], [-13.0258, -0.159925, 0.683509, 1.0)]])
-13.0258, -0.159925, 0.683509
float3(-0.0936059, 1.7147, -1.55237)
388.50996875
normal
simd_float4x4([[0.0751957, -0.9966, -0.0336654, 0.0)], [-0.124458, 0.0241171, -0.991932, 0.0)], [0.989371, 0.0787789, -0.122222, 0.0)], [-13.1164, -0.169849, 0.705224, 1.0)]])
-13.1164, -0.169849, 0.705224
float3(-0.0788606, 1.69371, -1.5466)
388.610021125
normal
simd_float4x4([[0.0846416, -0.995962, -0.0299354, 0.0)], [-0.0997351, 0.0214241, -0.994783, 0.0)], [0.991407, 0.0871857, -0.0975189, 0.0)], [-13.2126, -0.173767, 0.726794, 1.0)]])
-13.2126, -0.173767, 0.726794
float3(-0.0872965, 1.66885, -1.54929)
388.71007325
normal
simd_float4x4([[0.0992971, -0.995018, -0.00895305, 0.0)], [-0.084846, 0.00049829, -0.996394, 0.0)], [0.991434, 0.0996987, -0.0843737, 0.0)], [-13.3063, -0.168192, 0.740894, 1.0)]])
-13.3063, -0.168192, 0.740894
float3(-0.0998646, 1.65569, -1.5703)
388.810125458
normal
simd_float4x4([[0.134278, -0.99075, -0.0196098, 0.0)], [-0.07709, 0.00928501, -0.996981, 0.0)], [0.98794, 0.135385, -0.0751301, 0.0)], [-13.4023, -0.158295, 0.755679, 1.0)]])
-13.4023, -0.158295, 0.755679
float3(-0.135802, 1.6467, -1.56142)
388.910177583
normal
simd_float4x4([[0.142894, -0.989712, 0.00719537, 0.0)], [-0.0670528, -0.0169338, -0.997606, 0.0)], [0.987464, 0.142069, -0.0687827, 0.0)], [-13.4959, -0.161766, 0.763579, 1.0)]])
-13.4959, -0.161766, 0.763579
float3(-0.142552, 1.64034, -1.5879)
389.010229875
normal
simd_float4x4([[0.159936, -0.987064, 0.0111979, 0.0)], [-0.0740287, -0.0233055, -0.996984, 0.0)], [0.984347, 0.158625, -0.0767985, 0.0)], [-13.5927, -0.177021, 0.770955, 1.0)]])
-13.5927, -0.177021, 0.770955
float3(-0.159298, 1.64866, -1.5944)
389.110282083
normal
simd_float4x4([[0.153203, -0.988185, 0.00435064, 0.0)], [-0.0953295, -0.0191611, -0.995261, 0.0)], [0.983586, 0.152062, -0.0971388, 0.0)], [-13.6902, -0.189908, 0.774864, 1.0)]])
-13.6902, -0.189908, 0.774864
float3(-0.152654, 1.66924, -1.59018)
389.21033425
normal
simd_float4x4([[0.154965, -0.98792, 0.000880642, 0.0)], [-0.12864, -0.0210622, -0.991468, 0.0)], [0.979509, 0.153529, -0.13035, 0.0)], [-13.7879, -0.184193, 0.772643, 1.0)]])
-13.7879, -0.184193, 0.772643
float3(-0.154139, 1.7031, -1.59211)
389.310386708
normal
simd_float4x4([[0.128494, -0.99154, -0.0183904, 0.0)], [-0.142634, -0.000126308, -0.989776, 0.0)], [0.981399, 0.129803, -0.141444, 0.0)], [-13.8692, -0.164993, 0.775838, 1.0)]])
-13.8692, -0.164993, 0.775838
float3(-0.13017, 1.71394, -1.57092)
389.410438833
normal
simd_float4x4([[0.147933, -0.988829, -0.0182661, 0.0)], [-0.135559, -0.0019783, -0.990767, 0.0)], [0.979663, 0.149044, -0.134337, 0.0)], [-13.9552, -0.159633, 0.781047, 1.0)]])
-13.9552, -0.159633, 0.781047
float3(-0.149601, 1.70707, -1.5728)
389.510490958
normal
simd_float4x4([[0.153898, -0.986319, -0.0590823, 0.0)], [-0.130533, 0.038976, -0.990678, 0.0)], [0.979427, 0.160176, -0.122749, 0.0)], [-14.0383, -0.160291, 0.795492, 1.0)]])
-14.0383, -0.160291, 0.795492
float3(-0.160869, 1.69547, -1.5313)
389.610543166
normal
simd_float4x4([[0.15097, -0.986287, -0.066685, 0.0)], [-0.111452, 0.0500459, -0.992509, 0.0)], [0.982236, 0.157271, -0.102368, 0.0)], [-14.1234, -0.177083, 0.806288, 1.0)]])
-14.1234, -0.177083, 0.806288
float3(-0.157927, 1.67464, -1.5201)
389.710595333
normal
simd_float4x4([[0.144112, -0.987534, -0.0633187, 0.0)], [-0.0997488, 0.0491639, -0.993797, 0.0)], [0.984521, 0.149534, -0.0914202, 0.0)], [-14.2167, -0.191161, 0.824264, 1.0)]])
-14.2167, -0.191161, 0.824264
float3(-0.150097, 1.66339, -1.52105)
389.810647708
normal
simd_float4x4([[0.165569, -0.984622, -0.0557416, 0.0)], [-0.0765531, 0.0435195, -0.996115, 0.0)], [0.983222, 0.169193, -0.0681703, 0.0)], [-14.3162, -0.194477, 0.84262, 1.0)]])
-14.3162, -0.194477, 0.84262
float3(-0.170011, 1.64002, -1.52663)
389.910699875
normal
simd_float4x4([[0.167967, -0.985423, -0.0269839, 0.0)], [-0.061901, 0.0167755, -0.997941, 0.0)], [0.983847, 0.169292, -0.058181, 0.0)], [-14.4116, -0.186041, 0.853452, 1.0)]])
-14.4116, -0.186041, 0.853452
float3(-0.170111, 1.62986, -1.55377)
390.010718875
normal
simd_float4x4([[0.190695, -0.981258, -0.0277148, 0.0)], [-0.0399273, 0.0204564, -0.998993, 0.0)], [0.980837, 0.19161, -0.0352781, 0.0)], [-14.5058, -0.178364, 0.861971, 1.0)]])
-14.5058, -0.178364, 0.861971
float3(-0.192802, 1.60675, -1.54995)
390.127369208
normal
simd_float4x4([[0.1989, -0.980018, 0.00187864, 0.0)], [-0.0191377, -0.00580068, -0.9998, 0.0)], [0.979833, 0.198825, -0.019909, 0.0)], [-14.6078, -0.183777, 0.862916, 1.0)]])
-14.6078, -0.183777, 0.862916
float3(-0.200158, 1.59111, -1.57672)
390.244019333
normal
simd_float4x4([[0.200354, -0.979688, 0.00831145, 0.0)], [-0.0085686, -0.0102354, -0.999911, 0.0)], [0.979686, 0.200265, -0.0104453, 0.0)], [-14.7082, -0.197536, 0.867769, 1.0)]])
-14.7082, -0.197536, 0.867769
float3(-0.201628, 1.58146, -1.58124)
390.3606695
normal
simd_float4x4([[0.197949, -0.980207, 0.00305611, 0.0)], [-0.0265466, -0.0084776, -0.999612, 0.0)], [0.979853, 0.197791, -0.0276993, 0.0)], [-14.8155, -0.209325, 0.868869, 1.0)]])
-14.8155, -0.209325, 0.868869
float3(-0.199104, 1.59906, -1.57944)
390.477319583
normal
simd_float4x4([[0.186321, -0.982489, -0.00087038, 0.0)], [-0.056548, -0.00983945, -0.998352, 0.0)], [0.98086, 0.186063, -0.057391, 0.0)], [-14.9186, -0.201614, 0.868451, 1.0)]])
-14.9186, -0.201614, 0.868451
float3(-0.187154, 1.62924, -1.58081)
390.593969916
normal
simd_float4x4([[0.222314, -0.974971, 0.00281905, 0.0)], [-0.0639434, -0.0174656, -0.997801, 0.0)], [0.972876, 0.221645, -0.0662258, 0.0)], [-15.0176, -0.19664, 0.87217, 1.0)]])
-15.0176, -0.19664, 0.87217
float3(-0.223501, 1.63876, -1.58871)
390.710620125
normal
simd_float4x4([[0.225845, -0.973591, -0.0333698, 0.0)], [-0.0769059, 0.0163289, -0.996905, 0.0)], [0.971123, 0.227713, -0.0711871, 0.0)], [-15.1053, -0.193612, 0.888072, 1.0)]])
-15.1053, -0.193612, 0.888072
float3(-0.229728, 1.64397, -1.55403)
390.827270333
normal
simd_float4x4([[0.22119, -0.973811, -0.0526048, 0.0)], [-0.0746778, 0.0368696, -0.996526, 0.0)], [0.972367, 0.22435, -0.0645669, 0.0)], [-15.1946, -0.207258, 0.902964, 1.0)]])
-15.1946, -0.207258, 0.902964
float3(-0.226276, 1.6371, -1.53295)
390.943920333
normal
simd_float4x4([[0.200034, -0.97904, -0.0382987, 0.0)], [-0.0821166, 0.0221991, -0.996375, 0.0)], [0.976342, 0.202454, -0.0759549, 0.0)], [-15.2888, -0.224001, 0.922293, 1.0)]])
-15.2888, -0.224001, 0.922293
float3(-0.203863, 1.64844, -1.54813)
391.060570625
normal
simd_float4x4([[0.207852, -0.978106, -0.0103439, 0.0)], [-0.0851885, -0.00756627, -0.996336, 0.0)], [0.974444, 0.207972, -0.084896, 0.0)], [-15.3945, -0.228799, 0.951623, 1.0)]])
-15.3945, -0.228799, 0.951623
float3(-0.209501, 1.6577, -1.57853)
391.177220875
normal
simd_float4x4([[0.214562, -0.976643, 0.0115038, 0.0)], [-0.110743, -0.0360284, -0.993196, 0.0)], [0.970412, 0.211828, -0.115887, 0.0)], [-15.4926, -0.222768, 0.978338, 1.0)]])
-15.4926, -0.222768, 0.978338
float3(-0.213445, 1.68965, -1.60767)
391.293870958
normal
simd_float4x4([[0.217007, -0.97617, 0.000680003, 0.0)], [-0.146152, -0.0331791, -0.988706, 0.0)], [0.965167, 0.214457, -0.14987, 0.0)], [-15.5792, -0.215029, 1.00918, 1.0)]])
-15.5792, -0.215029, 1.00918
float3(-0.216135, 1.72484, -1.60477)
391.41052125
normal
simd_float4x4([[0.20262, -0.979257, 0.000376206, 0.0)], [-0.222719, -0.0464573, -0.973775, 0.0)], [0.953594, 0.197223, -0.227512, 0.0)], [-15.6651, -0.220116, 1.04429, 1.0)]])
-15.6651, -0.220116, 1.04429
float3(-0.198524, 1.805, -1.6182)
391.527171458
normal
simd_float4x4([[0.183194, -0.982541, -0.0324569, 0.0)], [-0.323416, -0.029057, -0.945811, 0.0)], [0.928355, 0.183764, -0.323093, 0.0)], [-15.7503, -0.229905, 1.08916, 1.0)]])
-15.7503, -0.229905, 1.08916
float3(-0.184814, 1.90571, -1.60036)
391.643821791
normal
simd_float4x4([[0.162475, -0.984655, -0.0636828, 0.0)], [-0.452423, -0.0169857, -0.891642, 0.0)], [0.876878, 0.173681, -0.44824, 0.0)], [-15.8336, -0.228116, 1.12989, 1.0)]])
-15.8336, -0.228116, 1.12989
float3(-0.174566, 2.04335, -1.58805)
391.760471833
normal
simd_float4x4([[0.137539, -0.985785, -0.0964896, 0.0)], [-0.578562, -0.000887029, -0.815638, 0.0)], [0.803958, 0.168007, -0.57046, 0.0)], [-15.9159, -0.214108, 1.17095, 1.0)]])
-15.9159, -0.214108, 1.17095
float3(-0.168808, 2.18791, -1.5717)
391.877122
normal
simd_float4x4([[0.116777, -0.985105, -0.126219, 0.0)], [-0.673029, 0.0149632, -0.739464, 0.0)], [0.730339, 0.171301, -0.661257, 0.0)], [-16.0011, -0.211182, 1.21656, 1.0)]])
-16.0011, -0.211182, 1.21656
float3(-0.17215, 2.30659, -1.55561)
391.977174208
normal
simd_float4x4([[0.0931969, -0.98533, -0.142965, 0.0)], [-0.729053, 0.0302565, -0.683788, 0.0)], [0.678083, 0.167956, -0.715538, 0.0)], [-16.0675, -0.209128, 1.26075, 1.0)]])
-16.0675, -0.209128, 1.26075
float3(-0.168756, 2.38306, -1.5401)
392.0772265
normal
simd_float4x4([[0.0704648, -0.983427, -0.167049, 0.0)], [-0.766078, 0.0539039, -0.640483, 0.0)], [0.638873, 0.173104, -0.749584, 0.0)], [-16.1404, -0.215134, 1.31387, 1.0)]])
-16.1404, -0.215134, 1.31387
float3(-0.173981, 2.43576, -1.51604)
392.177278625
normal
simd_float4x4([[0.0630904, -0.984763, -0.162055, 0.0)], [-0.790855, 0.0497125, -0.609981, 0.0)], [0.608743, 0.166646, -0.775668, 0.0)], [-16.1969, -0.22356, 1.36362, 1.0)]])
-16.1969, -0.22356, 1.36362
float3(-0.167427, 2.47619, -1.52036)
392.277331083
normal
simd_float4x4([[0.0550519, -0.987514, -0.147601, 0.0)], [-0.805402, 0.0434556, -0.591133, 0.0)], [0.590166, 0.151421, -0.792954, 0.0)], [-16.2291, -0.230185, 1.41492, 1.0)]])
-16.2291, -0.230185, 1.41492
float3(-0.152006, 2.50177, -1.52682)
392.377383125
normal
simd_float4x4([[0.0516098, -0.987741, -0.147323, 0.0)], [-0.823616, 0.041332, -0.56564, 0.0)], [0.564795, 0.15053, -0.811386, 0.0)], [-16.2467, -0.230538, 1.4723, 1.0)]])
-16.2467, -0.230538, 1.4723
float3(-0.151105, 2.5335, -1.52898)
392.477435541
normal
simd_float4x4([[0.0626822, -0.988145, -0.140146, 0.0)], [-0.84283, 0.0227959, -0.537697, 0.0)], [0.534517, 0.151823, -0.831409, 0.0)], [-16.26, -0.225673, 1.52619, 1.0)]])
-16.26, -0.225673, 1.52619
float3(-0.152413, 2.57022, -1.54773)
392.577487708
normal
simd_float4x4([[0.0768599, -0.987093, -0.140496, 0.0)], [-0.869094, 0.00273158, -0.494639, 0.0)], [0.488638, 0.160122, -0.857668, 0.0)], [-16.2705, -0.220463, 1.57651, 1.0)]])
-16.2705, -0.220463, 1.57651
float3(-0.160815, 2.62373, -1.56803)
392.677539916
normal
simd_float4x4([[0.0874986, -0.984534, -0.151781, 0.0)], [-0.888537, -0.00824643, -0.458732, 0.0)], [0.450385, 0.175002, -0.875516, 0.0)], [-16.2794, -0.217683, 1.62537, 1.0)]])
-16.2794, -0.217683, 1.62537
float3(-0.175907, 2.66647, -1.57917)
392.777592208
normal
simd_float4x4([[0.0916675, -0.984196, -0.15151, 0.0)], [-0.906675, -0.0195795, -0.421375, 0.0)], [0.411749, 0.175997, -0.894141, 0.0)], [-16.2911, -0.220459, 1.66965, 1.0)]])
-16.2911, -0.220459, 1.66965
float3(-0.176918, 2.71004, -1.59069)
392.877644416
normal
simd_float4x4([[0.0882648, -0.984108, -0.154079, 0.0)], [-0.914689, -0.0188297, -0.403719, 0.0)], [0.394402, 0.176568, -0.901815, 0.0)], [-16.3095, -0.227126, 1.72649, 1.0)]])
-16.3095, -0.227126, 1.72649
float3(-0.177499, 2.72932, -1.58993)
392.977696791
normal
simd_float4x4([[0.0796524, -0.984253, -0.157801, 0.0)], [-0.926091, -0.0144994, -0.377022, 0.0)], [0.368797, 0.176169, -0.912663, 0.0)], [-16.3376, -0.235185, 1.79178, 1.0)]])
-16.3376, -0.235185, 1.79178
float3(-0.177093, 2.75757, -1.58553)
393.077748916
normal
simd_float4x4([[0.0650439, -0.984677, -0.161805, 0.0)], [-0.939025, -0.0055336, -0.343803, 0.0)], [0.33764, 0.174301, -0.924996, 0.0)], [-16.37, -0.232307, 1.8627, 1.0)]])
-16.37, -0.232307, 1.8627
float3(-0.175196, 2.7916, -1.57642)
393.17780125
normal
simd_float4x4([[0.0548759, -0.987986, -0.144476, 0.0)], [-0.951616, -0.00793522, -0.307186, 0.0)], [0.302349, 0.154343, -0.940619, 0.0)], [-16.4026, -0.221498, 1.93462, 1.0)]])
-16.4026, -0.221498, 1.93462
float3(-0.154962, 2.83059, -1.57883)
393.277853541
normal
simd_float4x4([[0.0539636, -0.986123, -0.157001, 0.0)], [-0.964702, -0.0109001, -0.263119, 0.0)], [0.257757, 0.165658, -0.951903, 0.0)], [-16.4258, -0.216497, 2.00709, 1.0)]])
-16.4258, -0.216497, 2.00709
float3(-0.166425, 2.87715, -1.58185)
393.377905625
normal
simd_float4x4([[0.0361559, -0.98414, -0.173669, 0.0)], [-0.972092, 0.00567391, -0.234531, 0.0)], [0.231797, 0.177302, -0.95647, 0.0)], [-16.4385, -0.213455, 2.07855, 1.0)]])
-16.4385, -0.213455, 2.07855
float3(-0.178244, 2.90383, -1.56503)
393.477957958
normal
simd_float4x4([[0.0125021, -0.982931, -0.183548, 0.0)], [-0.977423, 0.0267071, -0.209597, 0.0)], [0.210921, 0.182024, -0.960406, 0.0)], [-16.4421, -0.218318, 2.14834, 1.0)]])
-16.4421, -0.218318, 2.14834
float3(-0.183045, 2.92541, -1.54363)
393.578010041
normal
simd_float4x4([[0.0139474, -0.985024, -0.171853, 0.0)], [-0.980217, 0.0204667, -0.196864, 0.0)], [0.197433, 0.171199, -0.965252, 0.0)], [-16.4456, -0.226014, 2.22024, 1.0)]])
-16.4456, -0.226014, 2.22024
float3(-0.172047, 2.93984, -1.55002)
393.6780625
normal
simd_float4x4([[0.0308661, -0.986703, -0.159577, 0.0)], [-0.981515, 0.000248571, -0.191386, 0.0)], [0.188881, 0.162534, -0.968456, 0.0)], [-16.4462, -0.232844, 2.29581, 1.0)]])
-16.4462, -0.232844, 2.29581
float3(-0.163259, 2.94898, -1.57054)
393.778114625
normal
simd_float4x4([[0.0465877, -0.986301, -0.158243, 0.0)], [-0.98103, -0.0153339, -0.193248, 0.0)], [0.188174, 0.164244, -0.968305, 0.0)], [-16.443, -0.231081, 2.37167, 1.0)]])
-16.443, -0.231081, 2.37167
float3(-0.164992, 2.94965, -1.58634)
393.878166708
normal
simd_float4x4([[0.0613522, -0.989215, -0.133006, 0.0)], [-0.982114, -0.0360646, -0.184799, 0.0)], [0.178009, 0.141964, -0.973735, 0.0)], [-16.437, -0.228753, 2.44132, 1.0)]])
-16.437, -0.228753, 2.44132
float3(-0.142446, 2.96078, -1.60724)
393.978219166
normal
simd_float4x4([[0.0720217, -0.985855, -0.151337, 0.0)], [-0.984815, -0.0462588, -0.167332, 0.0)], [0.157964, 0.161091, -0.974216, 0.0)], [-16.4337, -0.22726, 2.51467, 1.0)]])
-16.4337, -0.22726, 2.51467
float3(-0.161796, 2.98085, -1.61768)
394.078271375
normal
simd_float4x4([[0.0864014, -0.983716, -0.157598, 0.0)], [-0.98745, -0.0635673, -0.144576, 0.0)], [0.132204, 0.168111, -0.976863, 0.0)], [-16.4336, -0.226996, 2.58228, 1.0)]])
-16.4336, -0.226996, 2.58228
float3(-0.168913, 3.00707, -1.63533)
394.178323666
normal
simd_float4x4([[0.0909564, -0.982505, -0.162512, 0.0)], [-0.99135, -0.0738278, -0.108506, 0.0)], [0.0946093, 0.170976, -0.980722, 0.0)], [-16.4368, -0.233194, 2.65404, 1.0)]])
-16.4368, -0.233194, 2.65404
float3(-0.17182, 3.04542, -1.6458)
394.278375875
normal
simd_float4x4([[0.0863515, -0.983776, -0.157253, 0.0)], [-0.993557, -0.073408, -0.0863458, 0.0)], [0.0734013, 0.163696, -0.983776, 0.0)], [-16.4415, -0.240895, 2.7266, 1.0)]])
-16.4415, -0.240895, 2.7266
float3(-0.164436, 3.06712, -1.64528)
394.378428291
normal
simd_float4x4([[0.0876755, -0.984648, -0.150932, 0.0)], [-0.995264, -0.0802001, -0.0549345, 0.0)], [0.0419864, 0.155033, -0.987017, 0.0)], [-16.4547, -0.248704, 2.80731, 1.0)]])
-16.4547, -0.248704, 2.80731
float3(-0.155661, 3.09908, -1.65207)
394.4784805
normal
simd_float4x4([[0.0678781, -0.985885, -0.153046, 0.0)], [-0.997661, -0.0658387, -0.0183602, 0.0)], [0.00802466, 0.153934, -0.988048, 0.0)], [-16.4653, -0.24193, 2.89357, 1.0)]])
-16.4653, -0.24193, 2.89357
float3(-0.154549, 3.13347, -1.63748)
394.578532666
normal
simd_float4x4([[0.0415672, -0.987313, -0.153247, 0.0)], [-0.998938, -0.0441174, 0.0132767, 0.0)], [-0.0198691, 0.152532, -0.988099, 0.0)], [-16.4712, -0.23434, 2.97632, 1.0)]])
-16.4712, -0.23434, 2.97632
float3(-0.15313, -3.12149, -1.61545)
394.678585
normal
simd_float4x4([[0.0320377, -0.986266, -0.162025, 0.0)], [-0.99927, -0.034984, 0.0153633, 0.0)], [-0.0208206, 0.161415, -0.986667, 0.0)], [-16.4742, -0.228555, 3.05756, 1.0)]])
-16.4742, -0.228555, 3.05756
float3(-0.162124, -3.12049, -1.60625)
394.77863725
normal
simd_float4x4([[-0.00428621, -0.984207, -0.17697, 0.0)], [-0.999804, 0.000797395, 0.0197806, 0.0)], [-0.019327, 0.17702, -0.984017, 0.0)], [-16.471, -0.230432, 3.1359, 1.0)]])
-16.471, -0.230432, 3.1359
float3(-0.177958, -3.12195, -1.56999)
394.878689666
normal
simd_float4x4([[-0.0132925, -0.984277, -0.176129, 0.0)], [-0.99983, 0.0108309, 0.0149303, 0.0)], [-0.0127879, 0.176297, -0.984254, 0.0)], [-16.4665, -0.239552, 3.21476, 1.0)]])
-16.4665, -0.239552, 3.21476
float3(-0.177224, -3.1286, -1.55979)
394.978741791
normal
simd_float4x4([[-0.00525553, -0.986796, -0.161881, 0.0)], [-0.999884, 0.00287176, 0.0149559, 0.0)], [-0.0142936, 0.16194, -0.986697, 0.0)], [-16.4597, -0.250514, 3.29375, 1.0)]])
-16.4597, -0.250514, 3.29375
float3(-0.162657, -3.12711, -1.56789)
395.078794
normal
simd_float4x4([[-0.0119752, -0.985103, -0.171546, 0.0)], [-0.999827, 0.00935892, 0.0160518, 0.0)], [-0.0142072, 0.171708, -0.985045, 0.0)], [-16.4455, -0.255436, 3.3818, 1.0)]])
-16.4455, -0.255436, 3.3818
float3(-0.172563, -3.12717, -1.5613)
395.178846458
normal
simd_float4x4([[-0.0127884, -0.98287, -0.183855, 0.0)], [-0.99965, 0.00830974, 0.0251099, 0.0)], [-0.023152, 0.184112, -0.982633, 0.0)], [-16.4337, -0.249432, 3.46804, 1.0)]])
-16.4337, -0.249432, 3.46804
float3(-0.185168, -3.11804, -1.56234)
395.278898541
normal
simd_float4x4([[-0.00948936, -0.980138, -0.198092, 0.0)], [-0.999074, 0.000980227, 0.0430095, 0.0)], [-0.041961, 0.198316, -0.97924, 0.0)], [-16.4291, -0.243726, 3.54773, 1.0)]])
-16.4291, -0.243726, 3.54773
float3(-0.19964, -3.09877, -1.5698)
395.378950875
normal
simd_float4x4([[0.00886298, -0.980392, -0.196856, 0.0)], [-0.998977, -0.0174119, 0.0417392, 0.0)], [-0.0443484, 0.196285, -0.979544, 0.0)], [-16.4321, -0.243677, 3.62116, 1.0)]])
-16.4321, -0.243677, 3.62116
float3(-0.197567, -3.09635, -1.58855)
395.479003083
normal
simd_float4x4([[0.0349475, -0.978671, -0.202441, 0.0)], [-0.997804, -0.0455722, 0.0480604, 0.0)], [-0.056261, 0.200317, -0.978114, 0.0)], [-16.4386, -0.253381, 3.70031, 1.0)]])
-16.4386, -0.253381, 3.70031
float3(-0.201682, -3.08414, -1.61733)
395.579055541
normal
simd_float4x4([[0.0362522, -0.979396, -0.198666, 0.0)], [-0.997744, -0.0467116, 0.0482151, 0.0)], [-0.0565017, 0.19647, -0.97888, 0.0)], [-16.4394, -0.263229, 3.78852, 1.0)]])
-16.4394, -0.263229, 3.78852
float3(-0.197757, -3.08394, -1.61845)
395.679107708
normal
simd_float4x4([[0.0290527, -0.980956, -0.192044, 0.0)], [-0.996868, -0.0425722, 0.0666503, 0.0)], [-0.0735567, 0.189506, -0.97912, 0.0)], [-16.4465, -0.267468, 3.88057, 1.0)]])
-16.4465, -0.267468, 3.88057
float3(-0.190659, -3.06661, -1.61417)
395.77916
normal
simd_float4x4([[0.017907, -0.983554, -0.179726, 0.0)], [-0.994247, -0.036502, 0.100696, 0.0)], [-0.1056, 0.176889, -0.978549, 0.0)], [-16.4512, -0.260205, 3.96917, 1.0)]])
-16.4512, -0.260205, 3.96917
float3(-0.177825, -3.03409, -1.60789)
395.879212416
normal
simd_float4x4([[0.00928789, -0.985364, -0.170211, 0.0)], [-0.992403, -0.0299662, 0.119324, 0.0)], [-0.122679, 0.167809, -0.978156, 0.0)], [-16.4529, -0.250296, 4.047, 1.0)]])
-16.4529, -0.250296, 4.047
float3(-0.168607, -3.01683, -1.6012)
395.979264583
normal
simd_float4x4([[0.0216859, -0.98533, -0.169279, 0.0)], [-0.993441, -0.0402507, 0.107022, 0.0)], [-0.112266, 0.165848, -0.97974, 0.0)], [-16.4533, -0.244503, 4.11385, 1.0)]])
-16.4533, -0.244503, 4.11385
float3(-0.166618, -3.0275, -1.61162)
396.079316916
normal
simd_float4x4([[-0.00577574, -0.984436, -0.175646, 0.0)], [-0.995157, -0.0115783, 0.0976162, 0.0)], [-0.0981307, 0.175359, -0.979602, 0.0)], [-16.4461, -0.24508, 4.18221, 1.0)]])
-16.4461, -0.24508, 4.18221
float3(-0.176271, -3.04175, -1.58256)
396.179369166
normal
simd_float4x4([[-0.0197232, -0.984256, -0.175645, 0.0)], [-0.997392, 0.00717053, 0.0718161, 0.0)], [-0.0694259, 0.176604, -0.981831, 0.0)], [-16.4383, -0.252957, 4.25145, 1.0)]])
-16.4383, -0.252957, 4.25145
float3(-0.177535, -3.071, -1.56351)
396.279421458
normal
simd_float4x4([[-0.00941092, -0.986926, -0.160897, 0.0)], [-0.999193, 0.0029977, 0.0400557, 0.0)], [-0.0390497, 0.161144, -0.986158, 0.0)], [-16.4321, -0.262048, 4.32086, 1.0)]])
-16.4321, -0.262048, 4.32086
float3(-0.161849, -3.10202, -1.56776)
396.379473666
normal
simd_float4x4([[-0.00813443, -0.98728, -0.158786, 0.0)], [-0.999954, 0.00723887, 0.0062176, 0.0)], [-0.00498909, 0.158829, -0.987293, 0.0)], [-16.4214, -0.266089, 4.39314, 1.0)]])
-16.4214, -0.266089, 4.39314
float3(-0.159505, -3.13654, -1.56346)
396.479525958
normal
simd_float4x4([[0.0122475, -0.987004, -0.160228, 0.0)], [-0.999729, -0.0089168, -0.0214898, 0.0)], [0.0197818, 0.160448, -0.986846, 0.0)], [-16.4165, -0.258385, 4.46123, 1.0)]])
-16.4165, -0.258385, 4.46123
float3(-0.161145, 3.12155, -1.57983)
396.579578375
normal
simd_float4x4([[0.0277817, -0.986188, -0.163283, 0.0)], [-0.999306, -0.0233475, -0.0290131, 0.0)], [0.0248001, 0.163976, -0.986153, 0.0)], [-16.4174, -0.247763, 4.51648, 1.0)]])
-16.4174, -0.247763, 4.51648
float3(-0.16472, 3.11645, -1.59447)
396.679630583
normal
simd_float4x4([[0.0444373, -0.988213, -0.146493, 0.0)], [-0.999012, -0.0439954, -0.00625696, 0.0)], [-0.000261814, 0.146627, -0.989192, 0.0)], [-16.4163, -0.243492, 4.56128, 1.0)]])
-16.4163, -0.243492, 4.56128
float3(-0.147157, -3.14133, -1.61529)
396.779682875
normal
simd_float4x4([[0.0410633, -0.988685, -0.14428, 0.0)], [-0.996503, -0.0510422, 0.0661562, 0.0)], [-0.072772, 0.141058, -0.987323, 0.0)], [-16.4085, -0.243705, 4.60623, 1.0)]])
-16.4085, -0.243705, 4.60623
float3(-0.14153, -3.06802, -1.62238)
396.879735208
normal
simd_float4x4([[0.0084748, -0.98859, -0.15039, 0.0)], [-0.981378, -0.0370845, 0.188474, 0.0)], [-0.1919, 0.145992, -0.970495, 0.0)], [-16.3927, -0.246232, 4.6551, 1.0)]])
-16.3927, -0.246232, 4.6551
float3(-0.146515, -2.94638, -1.60829)
396.979787458
normal
simd_float4x4([[-0.0292737, -0.989266, -0.14316, 0.0)], [-0.937612, -0.0224642, 0.346957, 0.0)], [-0.346449, 0.144385, -0.926891, 0.0)], [-16.3741, -0.24928, 4.69817, 1.0)]])
-16.3741, -0.24928, 4.69817
float3(-0.144892, -2.7839, -1.5935)
397.079839666
normal
simd_float4x4([[-0.0543499, -0.991405, -0.119005, 0.0)], [-0.855983, -0.0151072, 0.516784, 0.0)], [-0.51414, 0.129953, -0.847804, 0.0)], [-16.3587, -0.249522, 4.72712, 1.0)]])
-16.3587, -0.249522, 4.72712
float3(-0.130322, -2.59645, -1.58603)
397.179891958
normal
simd_float4x4([[-0.139134, -0.983713, -0.113796, 0.0)], [-0.738076, 0.0264001, 0.674201, 0.0)], [-0.660216, 0.177795, -0.729728, 0.0)], [-16.337, -0.246992, 4.74546, 1.0)]])
-16.337, -0.246992, 4.74546
float3(-0.178745, -2.40616, -1.54397)
397.279944375
normal
simd_float4x4([[-0.147214, -0.985038, -0.0896019, 0.0)], [-0.605706, 0.0181637, 0.795481, 0.0)], [-0.781952, 0.171379, -0.599317, 0.0)], [-16.3304, -0.241801, 4.74402, 1.0)]])
-16.3304, -0.241801, 4.74402
float3(-0.172229, -2.22473, -1.55236)
397.396594458
normal
simd_float4x4([[-0.143236, -0.987774, -0.0615312, 0.0)], [-0.441198, 0.00807784, 0.897373, 0.0)], [-0.885905, 0.155684, -0.436961, 0.0)], [-16.3338, -0.235014, 4.72718, 1.0)]])
-16.3338, -0.235014, 4.72718
float3(-0.15632, -2.02902, -1.56262)
397.496602625
normal
simd_float4x4([[-0.132297, -0.989596, -0.0565345, 0.0)], [-0.313566, -0.012323, 0.949486, 0.0)], [-0.940305, 0.143342, -0.308674, 0.0)], [-16.3441, -0.227668, 4.71023, 1.0)]])
-16.3441, -0.227668, 4.71023
float3(-0.143837, -1.88798, -1.58325)
397.596655083
normal
simd_float4x4([[-0.111512, -0.992584, -0.0483899, 0.0)], [-0.203874, -0.0248079, 0.978683, 0.0)], [-0.972625, 0.119001, -0.199595, 0.0)], [-16.3653, -0.219051, 4.68806, 1.0)]])
-16.3653, -0.219051, 4.68806
float3(-0.119283, -1.7732, -1.59578)
397.696707166
normal
simd_float4x4([[-0.0875071, -0.995155, -0.0448163, 0.0)], [-0.129566, -0.0332366, 0.991014, 0.0)], [-0.987702, 0.0925274, -0.12603, 0.0)], [-16.3918, -0.21105, 4.6696, 1.0)]])
-16.3918, -0.21105, 4.6696
float3(-0.0926599, -1.69771, -1.60418)
397.813368625
normal
simd_float4x4([[-0.0871984, -0.995439, -0.0386999, 0.0)], [-0.0645983, -0.033116, 0.997362, 0.0)], [-0.994094, 0.0894683, -0.061416, 0.0)], [-16.42, -0.203531, 4.64222, 1.0)]])
-16.42, -0.203531, 4.64222
float3(-0.0895881, -1.6325, -1.60405)
397.930018833
normal
simd_float4x4([[-0.0934909, -0.99455, -0.0461497, 0.0)], [-0.00831775, -0.0455709, 0.998927, 0.0)], [-0.995585, 0.0937744, -0.00401195, 0.0)], [-16.4494, -0.193871, 4.60918, 1.0)]])
-16.4494, -0.193871, 4.60918
float3(-0.0939124, -1.57483, -1.61658)
398.046669333
normal
simd_float4x4([[-0.103983, -0.993914, -0.0363615, 0.0)], [0.0284449, -0.0395166, 0.998814, 0.0)], [-0.994172, 0.102825, 0.0323808, 0.0)], [-16.4745, -0.186007, 4.5637, 1.0)]])
-16.4745, -0.186007, 4.5637
float3(-0.103007, -1.53824, -1.61053)
398.163319625
normal
simd_float4x4([[-0.0924317, -0.994684, -0.0453967, 0.0)], [0.0613923, -0.0511982, 0.9968, 0.0)], [-0.993825, 0.0893489, 0.0657983, 0.0)], [-16.4888, -0.184504, 4.51878, 1.0)]])
-16.4888, -0.184504, 4.51878
float3(-0.0894682, -1.50469, -1.62222)
398.279969625
normal
simd_float4x4([[-0.0959094, -0.99467, -0.0378495, 0.0)], [0.0927441, -0.0467892, 0.99459, 0.0)], [-0.99106, 0.0918802, 0.0967373, 0.0)], [-16.5045, -0.184329, 4.48512, 1.0)]])
-16.5045, -0.184329, 4.48512
float3(-0.09201, -1.47349, -1.6178)
398.39662
normal
simd_float4x4([[-0.0882233, -0.995539, -0.0334533, 0.0)], [0.126297, -0.0444928, 0.990994, 0.0)], [-0.988062, 0.0832038, 0.129659, 0.0)], [-16.5158, -0.184976, 4.45831, 1.0)]])
-16.5158, -0.184976, 4.45831
float3(-0.0833001, -1.44032, -1.61546)
398.5132705
normal
simd_float4x4([[-0.0836311, -0.995999, -0.0314779, 0.0)], [0.171249, -0.0454835, 0.984178, 0.0)], [-0.981672, 0.0769173, 0.174367, 0.0)], [-16.5223, -0.18692, 4.43944, 1.0)]])
-16.5223, -0.18692, 4.43944
float3(-0.0769933, -1.39501, -1.61643)
398.629920666
normal
simd_float4x4([[-0.0837569, -0.996276, -0.0204449, 0.0)], [0.231781, -0.0394319, 0.971968, 0.0)], [-0.969155, 0.0766704, 0.234221, 0.0)], [-16.5273, -0.188191, 4.41873, 1.0)]])
-16.5273, -0.188191, 4.41873
float3(-0.0767457, -1.33367, -1.61036)
398.746570958
normal
simd_float4x4([[-0.0806797, -0.996693, -0.00972577, 0.0)], [0.303161, -0.0338331, 0.952338, 0.0)], [-0.949518, 0.0738859, 0.304888, 0.0)], [-16.532, -0.188806, 4.40099, 1.0)]])
-16.532, -0.188806, 4.40099
float3(-0.0739533, -1.2601, -1.60473)
398.863221375
normal
simd_float4x4([[-0.0828324, -0.996561, 0.00217016, 0.0)], [0.377794, -0.0293863, 0.925423, 0.0)], [-0.922177, 0.0774749, 0.378929, 0.0)], [-16.5309, -0.191146, 4.38844, 1.0)]])
-16.5309, -0.191146, 4.38844
float3(-0.0775526, -1.18092, -1.60028)
398.979871583
normal
simd_float4x4([[-0.0846623, -0.996315, 0.0137445, 0.0)], [0.458989, -0.026752, 0.888039, 0.0)], [-0.884399, 0.081492, 0.459563, 0.0)], [-16.5386, -0.192116, 4.36786, 1.0)]])
-16.5386, -0.192116, 4.36786
float3(-0.0815825, -1.09157, -1.59764)
399.096521875
normal
simd_float4x4([[-0.0838666, -0.996321, 0.0176187, 0.0)], [0.549755, -0.0315152, 0.834731, 0.0)], [-0.831105, 0.079692, 0.550376, 0.0)], [-16.5513, -0.193149, 4.34309, 1.0)]])
-16.5513, -0.193149, 4.34309
float3(-0.0797766, -0.985877, -1.60242)
399.213172208
normal
simd_float4x4([[-0.0895485, -0.995606, 0.0273693, 0.0)], [0.63588, -0.036, 0.770948, 0.0)], [-0.766575, 0.0864408, 0.63631, 0.0)], [-16.5614, -0.194727, 4.31928, 1.0)]])
-16.5614, -0.194727, 4.31928
float3(-0.0865488, -0.877987, -1.60694)
399.3298225
normal
simd_float4x4([[-0.0926237, -0.995149, 0.0331678, 0.0)], [0.709486, -0.0425905, 0.703432, 0.0)], [-0.698606, 0.0886865, 0.709988, 0.0)], [-16.5692, -0.194782, 4.30057, 1.0)]])
-16.5692, -0.194782, 4.30057
float3(-0.0888032, -0.777318, -1.61357)
399.446472875
normal
simd_float4x4([[-0.0886307, -0.995334, 0.038137, 0.0)], [0.771952, -0.0444423, 0.634126, 0.0)], [-0.629472, 0.0856429, 0.772289, 0.0)], [-16.5743, -0.192352, 4.28471, 1.0)]])
-16.5743, -0.192352, 4.28471
float3(-0.085748, -0.683865, -1.61542)
399.563122958
normal
simd_float4x4([[-0.0820347, -0.995759, 0.0416407, 0.0)], [0.824788, -0.0443766, 0.563698, 0.0)], [-0.55946, 0.0805876, 0.82493, 0.0)], [-16.5727, -0.189787, 4.27286, 1.0)]])
-16.5727, -0.189787, 4.27286
float3(-0.0806751, -0.595938, -1.61533)
399.679773458
normal
simd_float4x4([[-0.0793879, -0.995715, 0.0474344, 0.0)], [0.869016, -0.0458167, 0.492658, 0.0)], [-0.488374, 0.0803324, 0.868929, 0.0)], [-16.5686, -0.188279, 4.26031, 1.0)]])
-16.5686, -0.188279, 4.26031
float3(-0.0804191, -0.512041, -1.61678)
399.796423875
normal
simd_float4x4([[-0.0705262, -0.995868, 0.057212, 0.0)], [0.902994, -0.0393696, 0.427845, 0.0)], [-0.423825, 0.0818364, 0.90204, 0.0)], [-16.56, -0.184885, 4.25028, 1.0)]])
-16.56, -0.184885, 4.25028
float3(-0.081928, -0.439239, -1.61031)
399.913074
normal
simd_float4x4([[-0.0615887, -0.996116, 0.0629253, 0.0)], [0.931209, -0.0346551, 0.362835, 0.0)], [-0.359245, 0.0809432, 0.929726, 0.0)], [-16.5477, -0.182443, 4.24459, 1.0)]])
-16.5477, -0.182443, 4.24459
float3(-0.0810318, -0.368726, -1.60557)
400.029724375
normal
simd_float4x4([[-0.0499413, -0.996219, 0.0710825, 0.0)], [0.955786, -0.0270211, 0.292819, 0.0)], [-0.289791, 0.0825634, 0.953522, 0.0)], [-16.5371, -0.181127, 4.23899, 1.0)]])
-16.5371, -0.181127, 4.23899
float3(-0.0826575, -0.295046, -1.59791)
400.146374708
normal
simd_float4x4([[-0.0451905, -0.996267, 0.073548, 0.0)], [0.9746, -0.0278025, 0.222221, 0.0)], [-0.219347, 0.0817222, 0.972218, 0.0)], [-16.5272, -0.180744, 4.2365, 1.0)]])
-16.5272, -0.180744, 4.2365
float3(-0.0818134, -0.2219, -1.5987)
400.263025125
normal
simd_float4x4([[-0.0467526, -0.99554, 0.0819359, 0.0)], [0.987601, -0.0337617, 0.153313, 0.0)], [-0.149863, 0.0880878, 0.984775, 0.0)], [-16.5178, -0.183, 4.23565, 1.0)]])
-16.5178, -0.183, 4.23565
float3(-0.0882021, -0.151021, -1.6047)
400.379675333
normal
simd_float4x4([[-0.041624, -0.994548, 0.0956115, 0.0)], [0.995445, -0.0330648, 0.0894225, 0.0)], [-0.0857736, 0.098898, 0.991394, 0.0)], [-16.5093, -0.185422, 4.23568, 1.0)]])
-16.5093, -0.185422, 4.23568
float3(-0.09906, -0.0863032, -1.60403)
400.479683375
normal
simd_float4x4([[-0.0389869, -0.993993, 0.10226, 0.0)], [0.998312, -0.0343369, 0.0468455, 0.0)], [-0.0430529, 0.103913, 0.993654, 0.0)], [-16.5054, -0.187972, 4.23883, 1.0)]])
-16.5054, -0.187972, 4.23883
float3(-0.104101, -0.0433008, -1.60533)
400.579735791
normal
simd_float4x4([[-0.0397486, -0.993205, 0.109381, 0.0)], [0.99921, -0.0394887, 0.00454244, 0.0)], [-0.000192286, 0.109475, 0.99399, 0.0)], [-16.5009, -0.189906, 4.242, 1.0)]])
-16.5009, -0.189906, 4.242
float3(-0.109695, -0.000193448, -1.61053)
400.679788
normal
simd_float4x4([[-0.0385769, -0.993086, 0.110867, 0.0)], [0.998667, -0.0421223, -0.0298157, 0.0)], [0.0342795, 0.109569, 0.993388, 0.0)], [-16.5004, -0.190914, 4.24749, 1.0)]])
-16.5004, -0.190914, 4.24749
float3(-0.109789, 0.034494, -1.61319)
400.779840458
normal
simd_float4x4([[-0.0354313, -0.992939, 0.113208, 0.0)], [0.997409, -0.0422304, -0.0582354, 0.0)], [0.0626051, 0.110852, 0.991863, 0.0)], [-16.5019, -0.191002, 4.25286, 1.0)]])
-16.5019, -0.191002, 4.25286
float3(-0.11108, 0.063035, -1.6133)
400.879892833
normal
simd_float4x4([[-0.033818, -0.992984, 0.113305, 0.0)], [0.996404, -0.0423099, -0.0734014, 0.0)], [0.0776804, 0.110415, 0.990845, 0.0)], [-16.5035, -0.190992, 4.25766, 1.0)]])
-16.5035, -0.190992, 4.25766
float3(-0.110641, 0.0782381, -1.61338)
400.979945083
normal
simd_float4x4([[-0.0325722, -0.993528, 0.108814, 0.0)], [0.995973, -0.0413639, -0.0795416, 0.0)], [0.0835278, 0.105785, 0.990875, 0.0)], [-16.5064, -0.191151, 4.2616, 1.0)]])
-16.5064, -0.191151, 4.2616
float3(-0.105983, 0.0840982, -1.61241)
401.0799975
normal
simd_float4x4([[-0.0279244, -0.993657, 0.108928, 0.0)], [0.995612, -0.0373837, -0.0857876, 0.0)], [0.0893156, 0.106054, 0.990341, 0.0)], [-16.5128, -0.190074, 4.259, 1.0)]])
-16.5128, -0.190074, 4.259
float3(-0.106254, 0.0899434, -1.6084)
401.180049666
normal
simd_float4x4([[-0.0268906, -0.993055, 0.114533, 0.0)], [0.995812, -0.036626, -0.0837633, 0.0)], [0.0873765, 0.111801, 0.989882, 0.0)], [-16.5223, -0.190461, 4.24828, 1.0)]])
-16.5223, -0.190461, 4.24828
float3(-0.112035, 0.0880414, -1.60766)
401.280102125
normal
simd_float4x4([[-0.0257774, -0.99186, 0.124694, 0.0)], [0.997228, -0.0342236, -0.0660744, 0.0)], [0.069804, 0.122645, 0.989993, 0.0)], [-16.5324, -0.192379, 4.23643, 1.0)]])
-16.5324, -0.192379, 4.23643
float3(-0.122955, 0.0703931, -1.60529)
401.380154458
normal
simd_float4x4([[-0.0274311, -0.99161, 0.126321, 0.0)], [0.998915, -0.0319501, -0.033888, 0.0)], [0.0376396, 0.125254, 0.99141, 0.0)], [-16.5431, -0.193271, 4.22342, 1.0)]])
-16.5431, -0.193271, 4.22342
float3(-0.125584, 0.0379475, -1.60301)
401.480206958
normal
simd_float4x4([[-0.0227361, -0.992362, 0.121244, 0.0)], [0.999741, -0.0227053, 0.0016359, 0.0)], [0.00112947, 0.12125, 0.992621, 0.0)], [-16.5597, -0.192872, 4.21095, 1.0)]])
-16.5597, -0.192872, 4.21095
float3(-0.121549, 0.00113787, -1.59367)
401.580259208
normal
simd_float4x4([[-0.00741286, -0.992208, 0.124376, 0.0)], [0.999453, -0.00334308, 0.0328984, 0.0)], [-0.0322263, 0.124552, 0.99169, 0.0)], [-16.5792, -0.194573, 4.19428, 1.0)]])
-16.5792, -0.194573, 4.19428
float3(-0.124876, -0.0324849, -1.57417)
401.680311541
normal
simd_float4x4([[-0.0221943, -0.9926, 0.119381, 0.0)], [0.998287, -0.0155373, 0.056407, 0.0)], [-0.0541347, 0.120429, 0.991245, 0.0)], [-16.5961, -0.19817, 4.17538, 1.0)]])
-16.5961, -0.19817, 4.17538
float3(-0.120722, -0.0545586, -1.58645)
401.780363958
normal
simd_float4x4([[-0.034838, -0.992154, 0.120066, 0.0)], [0.996995, -0.0261853, 0.0729052, 0.0)], [-0.0691893, 0.122245, 0.990085, 0.0)], [-16.6116, -0.200919, 4.15064, 1.0)]])
-16.6116, -0.200919, 4.15064
float3(-0.122552, -0.0697687, -1.59718)
401.88041625
normal
simd_float4x4([[-0.0353461, -0.99174, 0.123299, 0.0)], [0.996355, -0.0253858, 0.0814377, 0.0)], [-0.077635, 0.125728, 0.989022, 0.0)], [-16.6246, -0.202698, 4.12136, 1.0)]])
-16.6246, -0.202698, 4.12136
float3(-0.126062, -0.078336, -1.59639)
401.980468583
normal
simd_float4x4([[-0.0353182, -0.991024, 0.128937, 0.0)], [0.995819, -0.0240223, 0.0881352, 0.0)], [-0.0842467, 0.131511, 0.987728, 0.0)], [-16.6325, -0.207631, 4.08224, 1.0)]])
-16.6325, -0.207631, 4.08224
float3(-0.131893, -0.0850874, -1.59503)
402.080520833
normal
simd_float4x4([[-0.0392831, -0.988951, 0.142944, 0.0)], [0.995845, -0.0269863, 0.0869692, 0.0)], [-0.0821508, 0.145767, 0.985902, 0.0)], [-16.6322, -0.217623, 4.03094, 1.0)]])
-16.6322, -0.217623, 4.03094
float3(-0.146288, -0.0831334, -1.59808)
402.180573166
normal
simd_float4x4([[-0.041507, -0.986403, 0.159018, 0.0)], [0.995529, -0.0273135, 0.0904256, 0.0)], [-0.0848527, 0.162061, 0.983126, 0.0)], [-16.6273, -0.228771, 3.96481, 1.0)]])
-16.6273, -0.228771, 3.96481
float3(-0.162779, -0.0860958, -1.59848)
402.280625583
normal
simd_float4x4([[-0.0413926, -0.985626, 0.163796, 0.0)], [0.994834, -0.0254485, 0.0982695, 0.0)], [-0.0926885, 0.167017, 0.981588, 0.0)], [-16.6148, -0.233552, 3.89248, 1.0)]])
-16.6148, -0.233552, 3.89248
float3(-0.167803, -0.094148, -1.59661)
402.380677833
normal
simd_float4x4([[-0.0419289, -0.988289, 0.146723, 0.0)], [0.994711, -0.0275101, 0.0989571, 0.0)], [-0.0937618, 0.150096, 0.984215, 0.0)], [-16.5962, -0.229046, 3.82092, 1.0)]])
-16.5962, -0.229046, 3.82092
float3(-0.150666, -0.0949789, -1.59863)
402.48073025
normal
simd_float4x4([[-0.0307563, -0.98993, 0.138177, 0.0)], [0.996975, -0.0205115, 0.0749636, 0.0)], [-0.0713745, 0.140065, 0.987567, 0.0)], [-16.4691, -0.207472, 3.92263, 1.0)]])
-16.4691, -0.207472, 3.92263
float3(-0.140527, -0.0721476, -1.59151)
402.580782625
normal
simd_float4x4([[-0.0263127, -0.988748, 0.147256, 0.0)], [0.996168, -0.0136433, 0.0863942, 0.0)], [-0.083413, 0.148965, 0.985318, 0.0)], [-16.4597, -0.201347, 3.85545, 1.0)]])
-16.4597, -0.201347, 3.85545
float3(-0.149521, -0.0844546, -1.58459)
402.680835125
normal
simd_float4x4([[-0.0173268, -0.989631, 0.142585, 0.0)], [0.994246, -0.00197577, 0.107107, 0.0)], [-0.105715, 0.143621, 0.98397, 0.0)], [-16.4524, -0.198074, 3.79152, 1.0)]])
-16.4524, -0.198074, 3.79152
float3(-0.144119, -0.107026, -1.57279)
402.780887416
normal
simd_float4x4([[-0.00492073, -0.989339, 0.145547, 0.0)], [0.991758, 0.0138064, 0.127377, 0.0)], [-0.128029, 0.144974, 0.981117, 0.0)], [-16.4474, -0.201889, 3.72296, 1.0)]])
-16.4474, -0.201889, 3.72296
float3(-0.145487, -0.12976, -1.55684)
402.880939708
normal
simd_float4x4([[-0.00624793, -0.989026, 0.14761, 0.0)], [0.987812, 0.0168535, 0.154734, 0.0)], [-0.155524, 0.146778, 0.976867, 0.0)], [-16.4447, -0.21125, 3.64715, 1.0)]])
-16.4447, -0.21125, 3.64715
float3(-0.14731, -0.157882, -1.55376)
402.980992208
normal
simd_float4x4([[-0.0212333, -0.990881, 0.133059, 0.0)], [0.982157, 0.00420079, 0.188014, 0.0)], [-0.186858, 0.134677, 0.973112, 0.0)], [-16.4437, -0.220449, 3.57016, 1.0)]])
-16.4437, -0.220449, 3.57016
float3(-0.135087, -0.189712, -1.56656)
403.081044291
normal
simd_float4x4([[-0.0235523, -0.991916, 0.12469, 0.0)], [0.974651, 0.0049749, 0.223674, 0.0)], [-0.222486, 0.126798, 0.966655, 0.0)], [-16.4499, -0.222869, 3.4877, 1.0)]])
-16.4499, -0.222869, 3.4877
float3(-0.12714, -0.226221, -1.56578)
403.181096875
normal
simd_float4x4([[-0.0342179, -0.990853, 0.130532, 0.0)], [0.971624, -0.00239595, 0.236517, 0.0)], [-0.234041, 0.134921, 0.96282, 0.0)], [-16.4546, -0.218988, 3.3992, 1.0)]])
-16.4546, -0.218988, 3.3992
float3(-0.135334, -0.238454, -1.57321)
403.281149166
normal
simd_float4x4([[-0.0520265, -0.987696, 0.147479, 0.0)], [0.970088, -0.0149203, 0.242295, 0.0)], [-0.237114, 0.155674, 0.958928, 0.0)], [-16.4539, -0.211088, 3.31912, 1.0)]])
-16.4539, -0.211088, 3.31912
float3(-0.156309, -0.242407, -1.5859)
403.381201458
normal
simd_float4x4([[-0.0576069, -0.98667, 0.152197, 0.0)], [0.973365, -0.0216236, 0.228239, 0.0)], [-0.221905, 0.161291, 0.961636, 0.0)], [-16.4502, -0.208811, 3.24535, 1.0)]])
-16.4502, -0.208811, 3.24535
float3(-0.161999, -0.226788, -1.59271)
403.481253875
normal
simd_float4x4([[-0.0678633, -0.985528, 0.155336, 0.0)], [0.976774, -0.0339136, 0.211569, 0.0)], [-0.20324, 0.166086, 0.96494, 0.0)], [-16.4457, -0.217176, 3.16652, 1.0)]])
-16.4457, -0.217176, 3.16652
float3(-0.166859, -0.20759, -1.60519)
403.581306125
normal
simd_float4x4([[-0.0593231, -0.9844, 0.165645, 0.0)], [0.982817, -0.0285414, 0.182364, 0.0)], [-0.174791, 0.173617, 0.969178, 0.0)], [-16.4391, -0.229894, 3.08257, 1.0)]])
-16.4391, -0.229894, 3.08257
float3(-0.174501, -0.178432, -1.59978)
403.681358625
normal
simd_float4x4([[-0.0481507, -0.984079, 0.171083, 0.0)], [0.987261, -0.0208848, 0.157731, 0.0)], [-0.151647, 0.176498, 0.972549, 0.0)], [-16.4237, -0.240958, 2.9938, 1.0)]])
-16.4237, -0.240958, 2.9938
float3(-0.177428, -0.154682, -1.59202)
403.781410875
normal
simd_float4x4([[-0.0494318, -0.987261, 0.151238, 0.0)], [0.992597, -0.0317407, 0.11723, 0.0)], [-0.110936, 0.155913, 0.981521, 0.0)], [-16.4049, -0.239239, 2.9088, 1.0)]])
-16.4049, -0.239239, 2.9088
float3(-0.156552, -0.112547, -1.60294)
403.881463291
normal
simd_float4x4([[-0.0290383, -0.986689, 0.160005, 0.0)], [0.995664, -0.0143997, 0.0918998, 0.0)], [-0.0883725, 0.16198, 0.982829, 0.0)], [-16.3932, -0.230067, 2.82451, 1.0)]])
-16.3932, -0.230067, 2.82451
float3(-0.162696, -0.0896753, -1.58539)
403.981515541
normal
simd_float4x4([[-0.0199911, -0.986096, 0.164968, 0.0)], [0.996771, -0.00682267, 0.0800074, 0.0)], [-0.0777695, 0.166035, 0.983049, 0.0)], [-16.3844, -0.221968, 2.75356, 1.0)]])
-16.3844, -0.221968, 2.75356
float3(-0.166808, -0.0789461, -1.57772)
