USER POSITION
510.482344208	31.0881390114	6.40447177034
510.5323705	31.0893365645	6.39658732136
510.582396625	31.0929653536	6.3978399805
510.632422958	31.091784421	6.39267357172
510.682449166	31.0951046318	6.38784198954
510.732475375	31.0954458771	6.3847845455
510.7825015	31.1005789741	6.38329862656
510.832527666	31.1008658987	6.382135775
510.882554	31.1039154392	6.3792781741
510.93258025	31.1068244291	6.38006435583
510.982606541	31.1068820009	6.37938845793
511.032632625	31.1058573481	6.37790408925
511.082658875	31.106124436	6.38105472199
511.132684958	31.106883766	6.38217954719
511.182711375	31.1058756329	6.3820755944
511.232737541	31.1030840722	6.38222689141
511.282763708	31.1027441752	6.3914847427
511.332789916	31.1031651185	6.39196263349
511.382816208	31.0980042561	6.39803280554
511.4328425	31.0922607294	6.39359139611
511.482868708	31.0894805157	6.40599175656
511.532894958	31.0862612813	6.41180492883
511.582921083	31.0801538225	6.41071682042
511.632947166	31.0776307337	6.42007496362
511.682973541	31.076257002	6.43587762053
511.732999666	31.0670206571	6.47968471133
511.783025875	31.0669274706	6.49431853097
511.833052083	31.0694375849	6.50646200365
511.883078541	31.0736053323	6.52118224686
511.93310475	31.0806748997	6.5338993692
511.983130833	31.0881176938	6.547412824
512.033156958	31.0984169181	6.55928404984
512.08318325	31.1094450111	6.57066288753
512.133209666	31.1239763915	6.57835756916
512.183235708	31.1411708926	6.58518061116
512.233261875	31.1658572741	6.58539215837
512.283288208	31.1913129294	6.59117037712
512.333314333	31.2155239386	6.58609872092
512.383340625	31.2418476441	6.59169423284
512.43336675	31.2684093552	6.57889791055
512.483393041	31.2959808382	6.5789132694
512.533419125	31.3222287659	6.56895062745
512.583445416	31.3479213529	6.57048693364
512.63347175	31.3722466936	6.56041679434
512.683497875	31.3988089061	6.55822551619
512.733524083	31.4223397838	6.54876128845
512.78355025	31.4452099302	6.54556684161
512.833576625	31.4690702641	6.53908467613
512.883602791	31.491354017	6.53870988619
512.933628958	31.5171979789	6.53837378655
512.98365525	31.5423352537	6.54185174838
513.033681333	31.57389373	6.54765745667
513.083707708	31.600792966	6.55690078282
513.133733916	31.6344266425	6.56947527734
513.183760041	31.6650302931	6.58382849601
513.23378625	31.707709084	6.59777454355
513.2838125	31.7436287084	6.61279793231
513.33383875	31.789329536	6.62475330388
513.383865	31.8264743986	6.63703282305
513.433891125	31.8763734003	6.64646646922
513.483917458	31.9136687467	6.65790857414
513.533943583	31.9507866576	6.67028103202
513.58397	31.9869476026	6.67921115792
513.633996125	32.0361722829	6.69086123108
513.684022333	32.0760002709	6.69539311629
513.734048416	32.1145778067	6.69996223179
513.78407475	32.1533379596	6.70327264521
513.834100958	32.1936196672	6.70296394816
513.884127083	32.2346684228	6.70467707044
513.9341535	32.2748657096	6.70362875382
513.984179583	32.3172685371	6.70453281163
514.034206	32.3582316486	6.70334518071
514.084232083	32.4030832948	6.70356616388
514.13425825	32.4419175647	6.70578654258
514.184284541	32.4816508184	6.70796126945
514.234310666	32.522670456	6.70939820132
514.284337	32.5642632218	6.71395493977
514.334363125	32.5959872357	6.71962251755
514.384389375	32.638549595	6.7256681107
514.434415541	32.677528228	6.73287343958
514.484441916	32.7226196758	6.74218745916
514.534468166	32.7685974002	6.74833955293
514.58449425	32.8127170921	6.75791974241
514.634520541	32.8538486983	6.76669697148
514.684546583	32.8962706698	6.77394684543
514.734572958	32.9404528373	6.77783588452
514.784599166	32.9773597325	6.78259516118
514.834625416	33.022522924	6.7828578997
514.8846515	33.06708244	6.78574996128
514.934677625	33.1119540285	6.78869976953
514.984704125	33.1563756752	6.79014158698
515.034730208	33.207164711	6.79504043776
515.084756333	33.2544862171	6.79582332912
515.1347825	33.3005604683	6.79367573335
515.184808791	33.3473939263	6.79209842682
515.234835083	33.3938927659	6.78765559148
515.284861333	33.439429152	6.78345760788
515.334887541	33.4866228556	6.78370241883
515.384913791	33.5271288092	6.78412572913
515.43494	33.5737349464	6.78657810315
515.484966208	33.6183203861	6.7884357485
515.534992291	33.6704874455	6.79689311794
515.585018625	33.7180435118	6.80327231903
515.635044833	33.770646712	6.80917792884
515.685071	33.8179484586	6.81451994792
515.735097375	33.8644947922	6.82153076899
515.785123416	33.9109668529	6.82932346252
515.835149708	33.9682612334	6.83731160039
515.885175875	34.0114597429	6.84353332417
515.935202166	34.06422314	6.84762166736
515.985228333	34.1090129328	6.85142863689
516.035254541	34.1539570337	6.85627408512
516.085280833	34.1969909007	6.8584130171
516.135307	34.2480060139	6.85894104301
516.18533325	34.2899149841	6.85761216352
516.235359541	34.3311544147	6.85752202234
516.285385708	34.373236876	6.85659964607
516.335411875	34.4033255208	6.85060078207
516.385438083	34.4467875404	6.84812509712
516.43546425	34.4810244671	6.8417022915
516.4854905	34.5232931681	6.83611124146
516.535516666	34.5521548259	6.82779655624
516.585542916	34.5937330399	6.82462957874
516.635569041	34.6187079227	6.82466952485
516.6855955	34.6554008249	6.82324249348
516.735621583	34.6850864488	6.82535131559
516.785647916	34.7225885665	6.83116955124
516.835674083	34.7465319507	6.8384634319
516.885700375	34.783725138	6.84280204497
516.9357265	34.8137789627	6.84879484238
516.98575275	34.8536768943	6.85383970116
517.035778916	34.8972676828	6.86285501442
517.085805125	34.9390571243	6.87246601668
517.135831375	34.9800517092	6.88012215246
517.185857625	35.0190618636	6.88889029144
517.235883916	35.0646161275	6.89373062829
517.285909916	35.0981122449	6.89943282318
517.335936208	35.1428378495	6.90432749895
517.402593666	35.1993329016	6.9132594923
517.46925125	35.2570251899	6.91541234694
517.535908375	35.3099476014	6.9197715968
517.602566041	35.3652979807	6.92584976394
517.66922325	35.4270005004	6.93006757854
517.73588075	35.4830375551	6.93208891184
517.869195541	35.5927408835	6.94039502612
517.935852791	35.6445947381	6.94238820623
518.002510333	35.7036479063	6.94666936762
518.069167708	35.7553391915	6.95829713891
518.135825	35.8154040029	6.96655612122
518.202482458	35.8765667046	6.97685703047
518.26913975	35.9367487435	6.98745742127
518.335797291	35.9942294757	7.00049015794
518.402454541	36.0615579297	7.00965024815
518.469112041	36.1314599577	7.01796606469
518.535769416	36.1848345498	7.02511492775
518.602426875	36.247232552	7.0297910709
518.669084333	36.306809182	7.03234804444
518.735741708	36.3704856686	7.03119188557
518.802399083	36.4362468473	7.03166090612
518.8690565	36.5010137925	7.02837665398
518.935713916	36.5743108779	7.02738352593
519.002371375	36.6448860994	7.02455810469
519.069028833	36.7118976891	7.0238052528
519.135686	36.7699164306	7.03282407841
519.202343541	36.825559337	7.03958097367
519.269001041	36.8744419178	7.0512943555
519.335658333	36.9406454791	7.05911078794
519.40231575	37.0140130693	7.06662795913
519.468973041	37.0776822896	7.07708534823
519.535630666	37.1482287323	7.08946913708
519.602287916	37.2275926122	7.09980922716
519.668945458	37.3020550304	7.10806171647
519.735602833	37.3606975631	7.10899259095
519.802260208	37.4300087819	7.1097077496
519.868917791	37.4934223473	7.10725355051
519.935575	37.560918967	7.10603846282
520.002232541	37.6315434136	7.10622305435
520.068889791	37.6997677848	7.10401744473
520.135547333	37.7699438321	7.10183052556
520.202204625	37.8500146828	7.09537819495
520.268862125	37.916143693	7.09092041695
520.335519416	37.9710348782	7.08701729551
520.402177	38.0230941721	7.08765496882
520.468834375	38.0757010417	7.09215469402
520.53549175	38.1338801257	7.09662976719
520.60214925	38.2009332922	7.09986871344
520.668806583	38.2661939086	7.105183863
520.735464083	38.3338052628	7.11260668623
520.802121375	38.4014732493	7.11901609258
520.868778833	38.4617315317	7.1200947985
520.93543625	38.5214203936	7.12211077944
521.00209375	38.5903902471	7.1273416411
521.068751166	38.6562721756	7.1281348583
521.135408458	38.724519458	7.13542365099
521.202066125	38.7900416381	7.14108536868
521.268723291	38.8585981727	7.14561547108
521.33538075	38.9268162039	7.14928626247
521.402038	38.9966226729	7.15197317065
521.468695708	39.0624088022	7.1598744061
521.535352916	39.1220919287	7.16626795396
521.602010375	39.181906715	7.17665433173
521.668668041	39.24037712	7.19148142731
521.751989708	42.4927771876	9.88439521839
521.985290541	42.554878874	9.60372428653
522.0686125	42.4308977493	9.5269459914
522.13527	42.5273181679	9.50075518524
522.20192725	42.3843171161	9.43633888014
522.26858475	42.4513891934	9.38475941541
522.335241958	42.409549455	9.3153240853
522.401899583	42.9168811406	9.22241511487
522.468556833	42.7358124619	9.18013742106
522.535214333	42.8136541881	9.10286645423
522.60187175	42.8134578576	9.03948145348
522.668529208	42.4864625224	8.95417688327
522.735186708	42.5881667057	8.95073836302
522.801844083	42.5589888738	8.88537655444
522.868501541	42.6915194239	8.82369404253
523.86888225	43.1694546045	8.08146861253
523.918908708	43.1950414837	8.06551481011
523.968935	43.2263123098	8.04412232702
524.018961166	43.2564312217	8.02481253294
524.068987416	43.2885614714	8.01053905899
524.1190135	43.3183850467	7.99771698226
524.169039958	43.3515996074	7.98639504513
524.219066041	43.3850900553	7.97614585504
524.269092333	43.4212848665	7.96350365028
524.319118458	43.4565992872	7.95892148971
524.369144791	43.4925802829	7.95120205683
524.419171041	43.5270960452	7.94421507926
524.469197333	43.5684714695	7.93100520552
524.519223416	43.5926056902	7.92612500159
524.569249583	43.6212072524	7.91621240656
524.619275791	43.6536896445	7.90791550317
524.669302291	43.6913655263	7.89667790865
524.71932825	43.7246468392	7.88966573302
524.769354625	43.7609539735	7.88002545822
524.819380791	43.7881319741	7.87474474968
524.869406916	43.8256396414	7.86585067897
524.919433291	43.8577367836	7.8579891863
524.969459375	43.8922197642	7.85031038118
525.019485666	43.9292576729	7.83673710895
525.069511791	43.9658069863	7.823431558
525.119538208	44.0017135285	7.81112086639
525.169564416	44.0345894512	7.80476881099
525.219590458	44.0651280063	7.80397915729
525.269616708	44.0899476842	7.80567635774
525.319642916	44.1221099733	7.8101165786
525.36966925	44.1473088234	7.81559704859
525.419695416	44.1920096819	7.8218775619
525.469721583	44.2207741536	7.82768428812
525.519747708	41.6605964605	8.76574503929
525.569774	41.6629027654	8.8254730381
525.619800291	41.6592665988	8.88341801883
525.669826583	41.6599348924	8.92744893393
525.719852583	41.6287782106	8.98402296519
525.769878833	41.6282794893	9.0273500396
525.819905041	41.6292630403	9.07237280526
525.869931291	41.6198041401	9.13747649976
525.919957583	41.6225439959	9.19703022752
525.969983666	41.6303062153	9.24086603993
526.020009916	41.6370971106	9.3039037853
526.070036166	41.647574408	9.3462448899
526.120062458	41.6501866582	9.41212603552
526.170088583	41.6597820993	9.4535531765
526.220114833	41.6595137588	9.5277944655
526.270141	41.6682391272	9.57488056162
526.320167333	41.6656501523	9.64019060456
526.3701935	41.6713833314	9.69079716992
526.420219666	41.6725181523	9.7311575847
526.470245916	41.6778715026	9.76608251334
526.520272041	41.677974989	9.80726800339
526.570298375	41.6777074862	9.84725843402
526.620324583	41.676767083	9.89502926342
526.670350791	41.673632709	9.93883764504
526.720377	41.6754880064	9.98571849797
526.770403125	41.6727760972	10.0288332489
526.820429458	41.6679570103	10.0785667839
526.870455541	41.6648385362	10.124064706
526.920481791	41.6595723356	10.1782500484
526.970507958	41.6575986125	10.2270878127
527.020534416	41.6606273905	10.2608140488
527.070560416	41.6641824631	10.301294803
527.12058675	41.6640257295	10.3457726304
527.170612833	41.665110555	10.3858771147
527.220639041	41.668774384	10.4250464299
527.270665375	41.6701358291	10.4642427393
527.320691625	41.6719581322	10.4998816746
527.37071775	41.6735987069	10.5440591973
527.420743875	41.6752961972	10.581303412
527.470770208	41.6788115558	10.6254132188
527.5207965	41.6854730607	10.6662866289
527.570822625	41.6874607802	10.7103330393
527.620848875	41.6861031436	10.7442589412
527.670875125	41.6870858308	10.7848686658
527.720901125	41.6876803328	10.8287957254
527.770927583	41.68621199	10.8721278298
527.820953666	41.6860588785	10.912235796
527.870979791	41.6830986537	10.9553795183
527.921006166	41.6832104223	10.9976715034
527.971032208	41.6794673544	11.0438564354
528.021058708	41.6739730082	11.0922894609
528.071084708	41.6709523747	11.1387122761
528.121110958	41.6688470697	11.1931530383
528.171137208	41.6678482103	11.2367122667
528.221163416	41.6690497668	11.2817867081
528.27118975	41.6730678915	11.3279621688
528.321215916	41.6708165354	11.3732985162
528.371242125	41.6748238898	11.4173106499
528.421268208	41.6735450935	11.4603689439
528.471294583	41.6754328223	11.5039034931
528.521320791	41.6767871798	11.5498561439
528.571346916	41.6804315059	11.5959342666
528.621373166	41.6810576346	11.641599371
528.671399375	41.6890612166	11.6853466164
528.721425666	41.6958314916	11.7279289352
528.771451791	41.6980711489	11.7675765131
528.821478041	41.7004501733	11.8026370357
528.871504166	41.7014272064	11.8375892989
528.921530416	41.6993701722	11.8770837683
528.971556666	41.6966481437	11.9155382942
529.021583041	41.6930985766	11.9573412794
529.071609208	41.6890298658	11.9995270044
529.121635333	41.6879658114	12.0495171153
529.171661666	41.6831728563	12.0939519224
529.221687958	41.6820817061	12.1557044211
529.271714	41.6781277491	12.2049141714
529.321740208	41.6761973071	12.2700869755
529.3717665	41.6728473893	12.3126519581
529.42179275	41.6770589187	12.3697183828
529.471818875	41.6792451233	12.413308719
529.521845208	41.6786909747	12.4700854635
529.571871333	41.6808220597	12.5151017947
529.6218975	41.6803622643	12.5703573563
529.671923916	41.6777808111	12.6151080111
529.721950083	41.6795866402	12.6684682508
529.77197625	41.6779049286	12.7155805501
529.822002375	41.6808395759	12.763342257
529.872028458	41.6842849393	12.8140143881
529.922054916	41.6867338875	12.8632221228
529.972081166	41.6878684035	12.909361508
530.022107291	41.6896354387	12.9502220279
530.072133541	41.6886143854	12.9913474307
530.122159791	41.6813404158	13.0338467103
530.172186083	41.6754474135	13.0764466343
530.222212291	41.6664036405	13.1246595026
530.2722385	41.661582376	13.1687653742
530.322264625	41.6573242725	13.2086374591
530.372290916	41.6502300952	13.2537132624
530.422317125	41.6435648717	13.3053133128
530.472343291	41.6367402099	13.3526128655
530.522369458	41.6327583113	13.4096083091
530.572395708	41.6279724714	13.45332747
530.622422083	41.6242883512	13.5026064164
530.672448291	41.6219398437	13.5529779462
530.722474458	41.6167745978	13.6012114899
530.772500625	41.6151418793	13.6465864062
530.822526916	41.6136993937	13.697043518
530.872553166	41.6123790517	13.7413852737
530.922579458	41.6140540762	13.7892234676
530.972605583	41.6133290492	13.8378047987
531.022631833	41.6132317631	13.8860712626
531.072658	41.6148612682	13.9350725678
531.12268425	41.6135179469	13.986293333
531.1727105	41.6099344601	14.031775034
531.222736666	41.6080724316	14.0701795617
531.272762875	41.6067199521	14.1096723725
531.322789208	41.5983954145	14.1462736603
531.372815458	41.5900379428	14.1849225603
531.422841625	41.5805370741	14.2267151433
531.472867875	41.5719357629	14.2668120564
531.522894	41.5645134603	14.3080399599
531.572920291	41.5524110728	14.3504884395
531.622946541	41.538543866	14.4025763802
531.67297275	41.5234181596	14.4468978367
531.722998916	41.5095242993	14.4987573271
531.773025125	41.4939650421	14.5449717796
531.823051458	41.4830447717	14.5804664185
531.873077708	41.4722165724	14.6222729132
531.923103958	41.4586613797	14.6664212037
531.973130083	41.4439687078	14.704530625
532.023156333	41.4337581382	14.743174236
532.073182625	41.4192824765	14.7773620879
532.123208875	41.4084437871	14.8057896593
532.173234916	41.3923059085	14.8419534502
532.22326125	41.3793965975	14.8705823323
532.273287583	41.3646944763	14.9057631172
532.32331375	41.3542569063	14.9356439963
532.37334	41.338356911	14.9710853527
532.423366041	41.3261461627	14.992585251
532.473392375	41.3108641101	15.0208969619
532.52341875	41.2927805298	15.0428001516
532.573444833	41.2718231087	15.0648372795
532.623471041	41.2522932947	15.0773648995
532.67348625	41.2297567262	15.0939784866
532.7401435	41.1991720585	15.1064165977
532.806801041	41.1610916056	15.1277835162
532.873458541	41.1213010851	15.1492492721
532.940115791	41.0804626657	15.1693271131
533.006773416	41.0321097491	15.1971378729
533.07343075	40.9856380368	15.2169970561
533.140088166	40.9447845578	15.238153912
533.206745375	40.9014282328	15.2618479045
533.273403	40.8620662981	15.2817232787
533.340060333	40.8190589358	15.304611402
533.40671775	40.7716418226	15.3288798501
533.473375291	40.7261034586	15.351388724
533.540032541	40.6788230899	15.376829222
533.606690083	40.6294209728	15.4082458628
533.673347416	40.5813678282	15.4299104744
533.740004916	40.5319259312	15.4504584991
533.80666225	40.4783600116	15.4723333765
533.873319708	40.4365171969	15.4834572859
533.939977083	40.3896852052	15.490995207
534.006634416	40.3389390724	15.4936337099
534.073291875	40.2855396074	15.4973469356
534.13994925	40.2331717791	15.493852046
534.206606833	40.1825991006	15.488657675
534.273264	40.12515885	15.4867311709
534.339921625	40.0759247611	15.4819645592
534.406579	40.0246723774	15.4806954016
534.473236416	39.9731013203	15.4791110501
534.539893708	39.9271095843	15.4767650059
534.606551291	39.8804988867	15.4759308765
534.673208666	39.8335372574	15.479768893
534.739865875	39.7834932049	15.484369253
534.8065235	39.7276900445	15.4883629208
534.873180833	39.6739346554	15.4910102112
534.923206958	39.6312455382	15.4928093702
534.973233416	39.5976279074	15.4977182293
535.023259625	39.5527640531	15.5022780075
535.07328575	39.5176538647	15.5040587567
535.123311958	39.4705245121	15.501885711
535.173338083	39.4308140157	15.5015150731
535.223364458	39.385803789	15.4991249897
535.273390708	39.3458481212	15.4985513962
535.323416916	39.2992880781	15.497288508
535.373443125	39.2561731624	15.4947477712
535.423469458	39.2106285539	15.4909702672
535.47349575	39.1658615077	15.4878168601
535.523521958	39.1244735481	15.4858397922
535.573548166	39.087584269	15.4896302519
535.62357425	39.0450595522	15.4948232247
535.673600625	39.004113453	15.4981003513
535.723626916	38.9583998388	15.4975340678
535.773653125	38.9207901106	15.5008447847
535.82367925	38.8762099774	15.5007603942
535.873705458	38.8387182791	15.5034432027
535.923731791	38.7947624185	15.5048263557
535.973758	38.7544235358	15.5084756221
536.02378425	38.7063555816	15.5133588876
536.073810541	38.6656038318	15.5168348314
536.123836958	38.6133641499	15.516768189
536.173863125	38.5745143209	15.5174750721
536.223889291	38.5299163106	15.5177552093
536.273915375	38.4900917524	15.5169246911
536.323941583	38.4377371629	15.5124214738
536.373967875	38.3990159418	15.5087942527
536.423994291	38.3393401858	15.5066050407
536.474020375	38.2955450431	15.502462339
536.524046666	38.247068492	15.4997014532
536.574072833	38.2001904264	15.495626473
536.62409925	38.1439391087	15.4930175917
536.674125375	38.0988045554	15.4899070621
536.724151541	38.0414730667	15.4878772581
536.77417775	37.9954498797	15.4860382749
536.824203916	37.9401890236	15.4862234384
536.874230333	37.8874881461	15.488244306
536.924256541	37.8334380763	15.4881069845
536.974282833	37.7836669994	15.4913364746
537.024309041	37.7323053732	15.4937044816
537.074335375	37.6828852446	15.495886243
537.1243615	37.6383321356	15.5047490013
537.174387791	37.5863929315	15.5081207033
537.224414041	37.5369446773	15.5140308436
537.274440125	37.4870605382	15.5181896973
537.324466375	37.444844392	15.5226620563
537.37449275	37.3987134619	15.5265441037
537.424518875	37.3592325939	15.5303852316
537.474545166	37.3185996923	15.5311692663
537.524571291	37.2825091342	15.5287755005
537.57459775	37.2405399443	15.525527224
537.624623958	37.2037224893	15.5244968807
537.674650166	37.1605257949	15.5219455494
537.724676291	37.1141910552	15.5202838651
537.774702541	37.0707073005	15.5161350369
537.824728916	37.0193218135	15.513552455
537.874755041	36.9708765432	15.5092475415
537.924781166	36.9239907061	15.5071769663
537.974807541	36.8795973128	15.5085205563
538.024833791	36.8307100776	15.5124221504
538.074860083	36.7856316654	15.5141074261
538.12488625	36.7407997619	15.5188547653
538.17489025	36.6974042722	15.5213303397
538.24154775	36.6437708866	15.523470072
538.308205083	36.5870593838	15.5267542231
538.374862708	36.5302209153	15.5314526159
538.441520083	36.4763985077	15.5399974064
538.508177416	36.4215076578	15.5436128025
538.574834875	36.3697576816	15.549469317
538.641492208	36.3118645422	15.5561734439
538.70814975	36.262917195	15.5557629519
538.774807041	36.210941369	15.5510544585
538.841464458	36.1483767072	15.5488700603
538.908122125	36.0852276764	15.5468545196
538.974779333	36.0227969225	15.5408991973
539.041436791	35.9598458768	15.5377329603
539.108094125	35.8875775172	15.5325428265
539.174751583	35.8332749851	15.5306730897
539.241408958	35.7660660201	15.5350209077
539.308066458	35.7063585083	15.5391177271
539.37472375	35.6525930163	15.5407292096
539.441381291	34.0877412288	16.3263978191
539.50803875	34.0197733305	16.3263756518
539.574695958	33.9574812196	16.3261618177
539.6413535	33.884101646	16.330253465
539.708010833	33.8070598866	16.3274869132
539.774668291	33.7426563821	16.3240199242
539.841325583	33.6758228111	16.3224393277
539.907983083	33.6137903426	16.3174326671
539.974640458	33.5530122372	16.3098626936
540.041297916	33.483165003	16.3026002985
540.107955375	33.406919068	16.2946410342
540.174612708	33.3396728075	16.2841614609
540.24127025	33.2605832732	16.2759571597
540.3079275	33.1877776311	16.2664017487
540.374584958	33.1230456405	16.2626331028
540.441242416	33.0529649843	16.2567874696
540.507899708	32.989054804	16.2552238017
540.574557166	32.9259191638	16.2527868711
540.641214583	32.8576213857	16.251669953
540.707872041	32.7915044559	16.2525749399
540.774529416	32.7237990152	16.2544568776
540.841186916	32.6523571709	16.2563250805
540.907844166	32.588370393	16.2558025335
540.974501791	32.5218152787	16.2549699088
541.041158958	32.4684914845	16.2464450822
541.1078165	32.4074066994	16.2367038999
541.174473708	32.3420897473	16.2262407324
541.24113125	32.2700529541	16.2163045702
541.307788708	32.2002260167	16.2066004364
541.374446125	32.1327939824	16.1981759271
541.441103583	32.0579238679	16.1925523036
541.507760958	31.9855355326	16.1882807788
541.574418333	31.9148922705	16.1883196741
541.641075625	31.8408496795	16.1905635
541.707733208	31.7708097197	16.1885899215
541.774390541	31.7041271567	16.1889134619
541.841047958	31.6246652117	16.1883537138
541.907705416	31.5467057926	16.1883208593
541.974362791	31.4731129848	16.1836762369
542.041020166	31.4020597216	16.1769345125
542.107677458	31.3338624557	16.1726858342
542.174335083	31.2727804261	16.1633861962
542.240992333	31.2072837921	16.1547566455
542.307649791	31.1361656969	16.1480308212
542.374307041	31.0673623337	16.1388868273
542.440964625	30.9948818768	16.1274746083
542.507622166	30.9156079032	16.1177206182
542.5742795	30.8388903548	16.1079866004
542.640936958	30.7748630472	16.1012524869
542.707594166	30.7049020328	16.0922934462
542.77425175	30.6378970678	16.0867722812
542.840909083	30.5776827773	16.0828965537
542.9075665	30.5152533405	16.0795523736
542.974223958	30.4474342733	16.0769664024
543.040881291	30.3855131321	16.0732248565
543.107538708	30.328214148	16.0730316652
543.174196083	30.2648633122	16.0698912491
543.240853541	30.2009746359	16.0690987761
543.307510833	30.1354510618	16.0624597304
543.374168375	30.0730224131	16.0519363366
543.44082575	30.0094007198	16.0454768277
543.507483208	29.9379409475	16.0375368298
543.574140416	29.8695267534	16.0274439542
543.640798	29.7961567244	16.0137324739
543.707455416	29.7227194883	16.0000772714
543.774112708	29.6581748407	15.9878273343
543.840770291	29.5935402673	15.9795817464
543.924091958	29.5096467277	15.9699942483
543.990749208	29.4487757931	15.9650633433
544.05740675	29.3895995556	15.955219954
544.124064125	29.3229582923	15.9477682147
544.190721541	29.2559583741	15.9405697869
544.257379041	29.185903792	15.9367901934
544.324036291	29.1212474414	15.9286369406
544.390693916	29.0624027089	15.923683562
544.457351166	29.0009126071	15.9185676384
544.524019625	28.9420837008	15.9059015269
544.574045833	28.8956908991	15.8947421336
544.624072	28.8477363577	15.8853002877
544.674098375	28.799025105	15.8738182731
544.724124583	28.7476217641	15.8597681539
544.77415075	28.6984152715	15.8431398263
544.824176875	28.6492440577	15.8265685548
544.874203041	28.5943505701	15.807341576
544.924229458	28.5463547406	15.7903327296
544.974255625	28.5033630627	15.7745885836
545.024281916	28.4563988295	15.7619948034
545.074308041	28.4090786425	15.7462402327
545.1243345	28.3639717662	15.7327556521
545.174360708	28.3195002594	15.7196353595
545.224386791	28.2787750867	15.7048611382
545.2910885	28.2178665234	15.6888486366
545.341114625	28.1756934326	15.6762736728
545.391140791	28.131262315	15.6638224606
545.441167166	28.0839259251	15.6513326008
545.491193375	28.0362665954	15.6366027165
545.541219583	27.9999247811	15.6225568974
545.591245708	27.9554899762	15.6085095379
545.641271916	27.9137007442	15.5925161457
545.691298333	27.8765187399	15.5750621188
545.741324375	27.8431004626	15.555591124
545.791350666	27.8048886329	15.5355191667
545.841376791	27.7638879375	15.5126970769
545.891403	27.7226076529	15.4895588703
545.941429375	27.6905937107	15.4664065248
545.991455625	27.6504393626	15.4387285421
546.041481791	27.612310432	15.4142411994
546.091507916	27.5671406367	15.3878398491
546.158209625	27.5233616161	15.3611621909
546.208235958	27.4799717081	15.3400119453
546.258262125	27.438975048	15.3215672616
546.30828825	27.394579501	15.3017328771
546.358314541	27.3626060628	15.2859166654
546.40834075	27.321491081	15.2634964943
546.458366916	27.2928477146	15.2456422635
546.508393375	27.2506316524	15.2218154929
546.575094833	27.2036344372	15.1927478087
546.625121166	27.1613494431	15.1691582056
546.675147208	27.1299315549	15.1488236464
546.725173416	27.0910083978	15.1247695523
546.775199666	27.0631977887	15.1072416882
546.825226	27.027360944	15.0850071754
546.87525225	27.0002249329	15.0638337911
546.925278333	26.9634399413	15.0403294682
546.975304625	26.9302829903	15.0163064729
547.025330791	26.8927202361	14.9911956367
547.075357166	26.8493570145	14.9588977372
547.125383375	26.8124529754	14.9310766068
547.175409541	26.7657413898	14.8977258261
547.242111125	26.7065696013	14.8536028849
547.292137291	26.6672355537	14.8275576933
547.34216375	26.6271404673	14.8059791358
547.392189875	26.5826043281	14.7814784644
547.442216041	26.5424322961	14.7581597691
547.49224225	26.4986411666	14.735569794
547.5422685	26.4602211475	14.715416245
547.592294791	26.4216777841	14.6887875137
547.642320916	26.3807960501	14.6652819415
547.692347166	26.342479749	14.6407211663
547.809074916	26.2425526192	14.5823789722
547.859101208	26.2009157417	14.5572949646
547.909127583	26.1611772207	14.5291074843
547.959153791	26.1288196939	14.5033755943
548.009179958	26.1004794961	14.4754331233
548.059206	26.0687373631	14.4432898146
548.109232333	26.0395718425	14.4077708773
548.159258583	26.0016895479	14.3687925108
548.209284875	25.9734856185	14.331359248
548.259311	25.9150101477	14.2801649249
548.309337125	25.8858563293	14.2413314796
548.359363416	25.8331828951	14.1908979924
548.409389833	25.7962941606	14.1494702509
548.459416	25.7535079182	14.1097804102
548.526117583	25.7121254298	14.0675137548
548.576143791	25.67139547	14.0325781229
548.626169916	25.6382968832	14.0008686724
548.676196166	25.6028878015	13.9674803791
548.726222541	25.571678453	13.9362327493
548.77624875	25.5390946203	13.9001090459
548.826263958	25.5076008922	13.8656037899
548.89292125	25.4692828823	13.8184715439
548.959578708	25.4310036931	13.7749906254
549.026235958	25.3920929386	13.7290766789
549.092893458	25.359037299	13.68284441
549.15955075	25.3287205824	13.6413648982
549.22620825	25.3005650865	13.5979128435
549.29286575	25.2738693265	13.5521700966
549.359523	25.2445165543	13.5025808986
549.426180583	25.2170788916	13.4541841583
549.492837875	25.1913063381	13.4003253662
549.559495291	25.1661999906	13.3467276675
549.626152583	25.1395749065	13.2905461847
549.692810083	25.1151370866	13.2431233763
549.759467291	25.0866398946	13.1917800453
549.826124791	25.0580546357	13.1409065485
549.89278225	25.031720928	13.0936149251
549.959439541	25.0073818601	13.0460627025
550.026097083	24.9806577904	12.9973404089
550.09275425	24.9561371895	12.9437801379
550.159411875	24.9287084124	12.8922599187
550.226069125	24.8989867368	12.8365892397
550.292726583	24.8742337301	12.7842347827
550.359384041	24.8476446215	12.7302288932
550.426041291	24.8231803796	12.6779587864
550.492698875	24.8037513006	12.6230748444
550.559356166	24.7851965593	12.5652000608
550.626013625	24.7670209145	12.5060760831
550.692670833	24.7493128984	12.4409054681
550.759328375	24.7351980794	12.3760527127
550.825985666	24.7203188827	12.3134077224
550.892643041	24.6978234989	12.2479267679
550.9593005	24.6772183392	12.1913618636
551.025957833	24.6569664328	12.1379278717
551.092615458	24.6356554332	12.0789968969
551.159272666	24.6149104945	12.0162193554
551.225930083	24.5950172731	11.9573108548
551.292587416	24.5675628892	11.8890650461
551.359244958	24.5416299716	11.8216556826
551.425902208	24.5148213506	11.7615548104
551.492559625	24.4889012089	11.6939535178
551.559216875	24.466055212	11.6358139236
551.6258745	24.4415829283	11.576455768
551.692531875	24.4278524597	11.5192996595
551.759189166	24.4113548157	11.4577447739
551.825846583	24.3947592036	11.3965501691
551.892503916	24.3832831039	11.3358969447
551.959161375	24.3756294719	11.2699883192
552.02581875	24.3685767431	11.2062845554
552.092476208	24.357083688	11.1365560176
552.159133583	24.349941004	11.0786338201
552.225790916	24.3402589611	11.0238328653
552.292448375	24.3307083657	10.9652647867
552.35910575	24.3213124446	10.9138518305
552.425763125	24.3153726413	10.8600179551
552.492420458	24.3081100959	10.8027692806
552.559077958	24.3004491749	10.7421126306
552.62573525	24.2895181135	10.6797132581
552.692392666	24.2712265563	10.6206399194
552.759050083	24.2581933048	10.5598663688
552.8257075	24.2466787898	10.5016766022
552.892365041	24.2326139395	10.4502639064
552.959022208	24.2267384807	10.3945867568
553.02567975	24.2237700369	10.3356346471
553.092337	24.2242411896	10.2729678535
553.1589945	24.2241783672	10.2099476897
553.225651833	24.225604897	10.1468531644
553.292309166	24.2301561533	10.0900027232
553.358966583	24.230882389	10.02604774
553.425623958	24.2300487726	9.96194255234
553.492281375	24.2336174731	9.90899640162
553.558938833	24.2403558499	9.85257081807
553.625596166	24.2424050882	9.79669956318
553.692253541	24.2486206391	9.7428213809
553.758910958	24.2502799501	9.68985702414
553.825568291	24.250600463	9.62785649453
553.892225708	24.251163108	9.56853504537
553.958883166	24.2480431243	9.51023924019
554.025540458	24.2469322992	9.44817729881
554.092198041	24.2489028785	9.3921022971
554.15885525	24.2500909629	9.33136881906
554.225512791	24.2560155723	9.27293834581
554.29217	24.2645916483	9.21684871111
554.358827458	24.2708690183	9.15732203536
554.425485	24.2775043991	9.09497970475
554.492142333	24.2887980583	9.03429680961
554.558799708	24.2978258761	8.97809505763
554.625457041	24.3079459519	8.91442567593
554.692114458	24.3186908063	8.85800247119
554.75877175	24.324103671	8.79757595854
554.825429166	24.3279864111	8.73521733231
554.892086458	24.3341326842	8.68412770549
554.958743916	24.3423783895	8.62804885185
555.025401458	24.3493318373	8.57067003989
555.092058625	24.35474377	8.51012211829
555.158716125	24.3601681377	8.45571098855
555.225373541	24.3667843248	8.39715575862
555.292031	24.3743804298	8.34177721957
555.358688208	24.3825782501	8.29394515246
555.425345708	24.3914939346	8.24227970811
555.492003	24.4086633893	8.19728299634
555.558660375	24.4212647024	8.14529167857
555.625317708	24.4354255092	8.09144686382
555.691975208	24.4494509597	8.02866093798
555.775296875	24.4738348455	7.94917042005
555.841954416	24.496679589	7.8945333312
555.908611666	24.515886543	7.83175262936
555.975269166	24.5339828735	7.77779169912
556.0419265	24.5530318726	7.72115113988
556.108583833	24.5708503892	7.66022795423
556.175241125	24.5908983708	7.60941914754
556.241898708	24.6146548752	7.55964874472
556.325220458	24.6470521729	7.49272192402
556.391877875	24.669410876	7.4428167931
556.458535208	24.6935903	7.39850347449
556.525192416	24.7226891462	7.34940693251
556.591849916	24.7469189213	7.30765046073
556.65850725	24.7751139709	7.27021761786
556.725164708	24.8101382875	7.23180207029
556.791822083	24.8416839016	7.19777947988
556.858479458	24.875878534	7.16851475987
556.925136833	24.9133943927	7.14266896834
556.991794208	24.9513889228	7.12489686429
557.058451625	24.9961915058	7.10757377688
557.125109041	25.0422296349	7.09592249921
557.191766416	25.0830693302	7.08918910591
557.258423833	25.1231207814	7.0784002014
557.325081208	25.1629935428	7.07341092361
557.391738541	25.1974424634	7.0698456367
557.458395916	25.2325942056	7.06061408631
557.525053333	25.2675678971	7.05596717309
557.591710583	25.30807028	7.04505718784
557.658368125	25.2622781884	6.44042050411
557.725025583	25.3338364067	6.52257614959
557.791682791	25.3553888153	6.39082706747
557.85834025	25.3917004743	6.33699677837
557.924997625	25.456563833	6.32026041709
557.991655	25.5031072898	6.36037105238
558.058312208	25.543556708	6.31101803884
558.124969791	25.5675039043	6.25600967557
558.191627208	25.6520402421	6.28310545232
558.258284541	25.6932311488	6.27115357915
558.324942083	25.7712790412	6.32544113091
558.391599333	25.8376743009	6.32527512779
558.458256708	25.8820772702	6.25880316565
558.524914	25.8973585654	6.23427192121
558.591571541	26.0206537429	6.2830494289
558.658228875	26.0702049841	6.35455508291
558.724886291	26.1223873161	6.30140436081
558.791543625	26.1888139438	6.32356854118
558.858201083	26.2519863883	6.35337882752
558.924858416	26.3043059087	6.36042477453
558.99151575	26.3777660494	6.37928764134
559.058173208	26.4349118536	6.37492664774
559.124830458	26.4934178531	6.36711017029
559.191487916	26.553500959	6.35985077047
559.25814525	26.6072583506	6.35654867256
559.324802708	26.6568117568	6.35287199864
559.39146	26.7084079826	6.35407768978
559.458117458	26.7534739197	6.35988948894
559.524774958	26.8064054919	6.36384635254
559.591432125	26.8540535173	6.36817177362
559.658089666	26.9049209682	6.37525520132
559.724746916	26.9634469922	6.38381267025
559.791404291	27.0203604937	6.39244470599
559.858061708	27.0769675117	6.4034880343
559.924719208	27.1394303481	6.41237541767
559.991376458	27.1927757859	6.41769081696
560.058033875	27.2466703861	6.42279768627
560.124691291	27.303881204	6.42742227408
560.191348625	27.35804799	6.43320666819
560.258006041	27.4112124223	6.43843993343
560.324663375	27.4729549828	6.44280983482
560.391320875	27.5321361432	6.44732018412
560.457978125	27.5934764783	6.45144199139
560.5246355	27.6476133344	6.45444333084
560.59129275	27.700821558	6.46257582674
560.65795025	27.7547941069	6.47145905739
560.72460775	27.8116555613	6.4790640259
560.774611833	27.8488971294	6.48766746874
560.824637875	27.8936562129	6.49673152708
560.874664208	27.9398467537	6.50226210963
560.9246905	27.9878795376	6.50964346935
560.991392041	28.0515364332	6.52119515219
561.04141825	28.0973704282	6.53116524272
561.091444458	28.1426665824	6.5403414622
561.141470708	28.1944841622	6.54762271779
561.19149675	28.2307112396	6.55042449106
561.241523208	28.272749012	6.55119856861
561.30822475	28.3281357646	6.55117049246
561.358251041	28.371960112	6.55113420041
561.408277083	28.4041654009	6.54782944302
561.458303333	28.4452553393	6.54589272238
561.508329666	28.4828408499	6.54573068334
561.558355875	28.5280942257	6.54146530418
561.608382041	28.5711764687	6.5397672284
561.65840825	29.2052800513	6.47709971194
561.725109791	29.2741298139	6.47076682241
561.775136083	29.3103824366	6.47433219658
561.841837625	29.3563643446	6.47468985034
561.891863875	29.4892480055	6.42816790966
561.941890041	29.5281008465	6.4324026956
561.991916458	29.5903377127	6.43272179189
562.041942458	29.6314898026	6.43698531118
562.09196875	29.6910048817	6.44886997541
562.141995	29.7111268249	6.47216616853
562.208696583	29.7739206407	6.48309892987
562.258722791	29.8184621312	6.49085291354
562.308749083	29.8713026551	6.49804722754
562.35877525	29.9577187667	6.47149022982
562.4088015	30.0040584278	6.47455772168
562.458827708	30.0514033003	6.47638150503
562.508853958	30.1189846015	6.47082296533
562.558880125	30.1748189858	6.487392927
562.62558175	30.2250643898	6.48293937213
562.675607958	30.2704021586	6.48169522865
562.725634208	30.3169315825	6.47493667256
562.775660291	30.3637823549	6.47032771273
562.825686625	30.3997634546	6.46479198691
562.875712916	30.4879787725	6.44602921542
562.925739	30.5375681852	6.43463124355
562.975765166	30.5774817301	6.45566121387
563.025791583	30.6277677402	6.42178135224
563.075817791	30.6691708536	6.41587871675
563.142519416	30.7222162953	6.4201531201
563.192545625	30.7623383521	6.42162351384
563.242571791	30.8103686527	6.41974659305
563.292597958	30.8526471209	6.41843006939
563.342624291	30.8954759254	6.41894970202
563.392650541	30.9380453374	6.42111209804
563.442676666	30.9890683986	6.42480495298
563.49270275	31.0311655156	6.42830190983
563.542728958	31.0791827066	6.43067316747
563.592755458	31.1190521057	6.43337808829
563.642781583	31.159239927	6.43544699938
563.692807708	31.202992262	6.43615382744
563.759509416	31.2671268108	6.43428338105
563.8095355	31.3093777282	6.42953759191
563.85956175	31.3497281886	6.42874249942
563.909588166	31.2449243585	6.83661709432
563.959614291	31.2884688898	6.83357659633
564.009640458	31.3331492596	6.82871587944
564.059666625	31.3791491928	6.82383593038
564.109692833	31.4249478765	6.81689261072
564.159719166	31.4692327088	6.8124686994
564.209745416	31.516059364	6.81096064861
564.259771625	31.5561850642	6.80882467946
564.309797791	31.5923512065	6.8088063308
564.359824	31.6305825197	6.80954761845
564.40985025	31.6644354369	6.815939811
564.4598765	31.6909652425	6.82379978912
564.526578041	31.7339024827	6.83062778274
564.576604208	31.7633994809	6.83875976375
564.626630541	31.809568292	6.84552772839
564.676656791	31.8431282512	6.85549097417
564.726683083	31.8893100459	6.86337687359
564.77670925	31.9221744609	6.87480830127
564.826735416	31.9676142277	6.88496451889
564.8767615	32.0005407297	6.89553274101
564.926787833	32.0344848784	6.90524597339
564.976814125	32.0627428173	6.91536813054
565.043515833	32.1038817102	6.92951076
565.093542	32.1266822166	6.93889921741
565.143568208	32.1518312923	6.94492226464
565.193594375	32.1724491233	6.95214114504
565.24362075	32.1938094579	6.95454437508
565.293646791	32.2160061123	6.95966572822
565.343673041	32.2399320008	6.96313489176
565.393699125	32.2649828194	6.96705630879
565.4437255	32.2877195003	6.96566531861
565.49375175	32.3127312968	6.9647890173
565.543778	32.3408961779	6.96391788386
565.593804208	31.9110150563	6.59972199408
565.643830375	31.9370136055	6.59646883541
565.693856583	31.9785666059	6.54527568688
565.743882916	31.9915291436	6.53656125129
565.793909125	31.9816472144	6.50510459933
565.843935208	32.0332541945	6.55813300799
565.8939615	32.0443026144	6.57368995386
565.943987833	32.0700289868	6.57636952249
565.994014041	32.0836236086	6.57184891126
566.044040208	32.1036086056	6.57375246611
566.094066375	32.1149086191	6.5702713205
566.144092541	32.1255921196	6.57669544902
566.194118875	32.1338146688	6.57773970254
566.244145166	32.1361829959	6.58493194334
566.29417125	32.14259814	6.58966442786
566.344197541	32.1386657978	6.60103633155
566.410899166	32.1421431565	6.60333826049
566.460925333	32.1330017712	6.61219258467
566.510951625	32.132943941	6.6173292533
566.560977875	32.1571745125	6.58101891235
566.611003958	32.1565166541	6.58575165847
566.661030166	32.1487030379	6.59354550872
566.711056458	32.1367015662	6.62506417459
566.761082791	32.1319264652	6.63091113164
566.811108958	32.139637943	6.61090898151
566.861135208	32.1310625416	6.61360430193
566.911161416	32.123476365	6.61784784403
566.961187458	32.1159666857	6.6074422337
567.011213958	32.1068818978	6.61004439685
567.061240041	32.0966795857	6.60731976313
567.111266208	32.0852155848	6.60699667917
567.161292541	32.0719145096	6.6005957381
567.211318791	32.0448095609	6.63510906592
567.261345041	32.0322025653	6.62925789011
567.311371291	32.022911532	6.62826407763
567.361397333	32.0168632825	6.62391478038
567.4114235	32.010020104	6.62150730908
567.461449958	32.0068236309	6.61839288533
567.511476208	32.0024692041	6.61574776688
567.561502333	32.0005768359	6.6080261953
567.611528583	31.9975580794	6.60195693521
567.661554833	31.9941508415	6.59553266642
567.711581041	31.9925516891	6.59114058256
567.761607208	31.9911217209	6.58790122273
567.811633416	31.9869683488	6.54584370817
567.861659708	31.9845902374	6.53908994404
567.911685791	31.9841879039	6.53592314317
567.96171225	31.9790224287	6.53575241051
568.011738458	31.9752761495	6.53550957667
568.061764583	31.9668459438	6.53261053238
568.111790833	31.9558932045	6.52708778975
568.161817166	31.9446416443	6.51809487492
568.211843375	31.9298897578	6.50451622132
568.261869458	31.9133845321	6.49492571147
568.311895708	31.8997256035	6.4861822013
568.361921875	31.8858785557	6.48231858326
568.411948291	31.8815782798	6.49689815972
568.461974375	31.867368802	6.494615377
568.512000666	31.8545604319	6.49333561879
568.562026916	31.8399133939	6.4883299877
568.612053125	31.8307243592	6.48506297028
568.662079416	31.8229967519	6.48184807005
568.712105625	31.8188451349	6.48471774137
568.762131708	31.8191518338	6.48459072702
568.812157916	31.798412141	6.48446889335
568.862184166	31.7941599906	6.48063452087
568.912210416	31.7872773909	6.4765112405
568.962236666	31.7513083406	6.43851806434
569.012262833	31.7245965022	6.40844681683
569.0789645	31.7691762808	6.47321941798
569.128990791	31.7671703408	6.46948647305
569.179016833	31.7685374175	6.46630872584
569.22904325	31.7667383821	6.46362739535
569.279069375	31.7703276294	6.46184927688
569.329095666	31.7715478302	6.46598393256
569.379121791	31.7734960324	6.46753138053
569.429148083	31.7723538871	6.467372983
569.479174375	31.7748211154	6.46780711067
569.529200541	31.7748999807	6.46788989004
569.57922675	31.7747502099	6.46633294511
569.629252875	31.7747927767	6.4670414018
569.679279333	31.7759214172	6.46618688343
569.729305458	31.7763012195	6.4678302906
569.779331666	31.7755939183	6.46681571322
569.846033375	31.7753342121	6.46702774156
569.896059458	31.7753295895	6.46443656842
569.946085666	31.7748325504	6.4639034368
569.996112125	31.7760548613	6.46396142331
570.046138166	31.7764070653	6.46455254797
570.096164541	31.7753699387	6.46404620758
570.146190666	31.7750951211	6.46460066906
570.212892208	31.7750959312	6.46441270376
570.262918458	31.7751528264	6.46457524356
570.312944875	31.7759096619	6.46440758265
570.362971	31.7760459688	6.46495200959
570.41299725	31.7779528499	6.46462799413
570.463023333	31.7780068859	6.46535025178
570.5130495	31.7775399674	6.46471883058
570.563075958	31.7777428398	6.46552000228
570.613102125	31.7772165736	6.46597522172
570.663128333	31.7770134001	6.46722761564
570.7131545	31.7756820268	6.46865332197
570.76318075	31.7748644583	6.4696982706
570.813207	31.7738142031	6.46945574994
570.863233333	31.7734889168	6.47088956179
570.913259375	31.7720374764	6.47114561453
570.963285708	31.7708832747	6.47243662481
571.013311833	31.7695835997	6.47407319654
571.063338083	31.7686782563	6.47524235764
571.113364416	31.7692183539	6.47345295143
571.163390583	31.7686859132	6.47423973461
571.213416833	31.7696386841	6.47382638138
