ARKit Data
343475.851311291
limited(__ObjC.ARCamera.TrackingState.Reason.insufficientFeatures)
simd_float4x4([[-0.497198, -0.746456, 0.442265, 0.0)], [0.839999, -0.286496, 0.460785, 0.0)], [-0.217248, 0.600603, 0.769467, 0.0)], [23.9567, -0.0685871, 11.4947, 1.0)]])
23.9567, -0.0685871, 11.4947
float3(-0.644255, -0.275174, -1.93727)
343476.051421666
limited(__ObjC.ARCamera.TrackingState.Reason.insufficientFeatures)
simd_float4x4([[0.634371, -0.739295, -0.225869, 0.0)], [-0.277049, 0.0553435, -0.959261, 0.0)], [0.721677, 0.671103, -0.169713, 0.0)], [-0.459755, -0.0122405, -0.3472, 1.0)]])
-0.459755, -0.0122405, -0.3472
float3(-0.735696, 1.80176, -1.49608)
343476.786997083
notAvailable
simd_float4x4([[0.943087, 0.0, -0.332548, 0.0)], [0.0, 1.0, 0.0, 0.0)], [0.332548, 0.0, 0.943086, 0.0)], [-0.693158, -0.0910706, -0.289847, 1.0)]])
-0.693158, -0.0910706, -0.289847
float3(-0.0, 0.339004, 0.0)
343476.987096416
limited(__ObjC.ARCamera.TrackingState.Reason.initializing)
simd_float4x4([[0.0112927, -0.78867, 0.614713, 0.0)], [0.999779, -0.00198435, -0.0209125, 0.0)], [0.0177128, 0.614814, 0.788473, 0.0)], [0.0, 0.0, 0.0, 1.0)]])
0.0, 0.0, 0.0
float3(-0.66215, 0.022461, -1.57331)
343477.187206916
limited(__ObjC.ARCamera.TrackingState.Reason.initializing)
simd_float4x4([[0.0277844, -0.75648, 0.653426, 0.0)], [0.995212, -0.0403424, -0.0890224, 0.0)], [0.0937045, 0.652771, 0.751737, 0.0)], [0.0, 0.0, 0.0, 1.0)]])
0.0, 0.0, 0.0
float3(-0.711237, 0.124011, -1.62408)
343477.387317458
limited(__ObjC.ARCamera.TrackingState.Reason.initializing)
simd_float4x4([[0.0110332, -0.865102, 0.501474, 0.0)], [0.995851, -0.0357967, -0.083664, 0.0)], [0.0903291, 0.500316, 0.861118, 0.0)], [0.0, 0.0, 0.0, 1.0)]])
0.0, 0.0, 0.0
float3(-0.523964, 0.104515, -1.61215)
343477.587428041
limited(__ObjC.ARCamera.TrackingState.Reason.initializing)
simd_float4x4([[0.000770095, -0.945731, 0.324944, 0.0)], [0.996604, -0.026031, -0.0781243, 0.0)], [0.0823434, 0.323901, 0.942499, 0.0)], [0.0, 0.0, 0.0, 1.0)]])
0.0, 0.0, 0.0
float3(-0.32985, 0.0871457, -1.59831)
343477.787538625
limited(__ObjC.ARCamera.TrackingState.Reason.initializing)
simd_float4x4([[0.00115541, -0.961061, 0.276327, 0.0)], [0.999077, -0.0107532, -0.0415774, 0.0)], [0.0429299, 0.27612, 0.960162, 0.0)], [0.0, 0.0, 0.0, 1.0)]])
0.0, 0.0, 0.0
float3(-0.279754, 0.0446813, -1.58198)
343477.987649208
normal
simd_float4x4([[0.00119769, -0.980184, 0.198087, 0.0)], [0.999998, 0.000860177, -0.00178993, 0.0)], [0.00158406, 0.198089, 0.980183, 0.0)], [-0.00256954, -0.00653069, 0.00925738, 1.0)]])
-0.00256954, -0.00653069, 0.00925738
float3(-0.199408, 0.00161608, -1.56992)
343478.204435708
normal
simd_float4x4([[0.00776081, -0.975271, 0.220875, 0.0)], [0.999538, 0.0140589, 0.0269566, 0.0)], [-0.0293952, 0.220564, 0.974929, 0.0)], [-0.0119976, 0.0108365, 0.0406306, 1.0)]])
-0.0119976, 0.0108365, 0.0406306
float3(-0.222393, -0.030142, -1.55638)
343478.43789825
normal
simd_float4x4([[0.0141238, -0.969734, 0.243754, 0.0)], [0.999133, 0.0232338, 0.0345391, 0.0)], [-0.0391571, 0.243055, 0.969222, 0.0)], [-0.0659271, 0.0285282, 0.0261988, 1.0)]])
-0.0659271, 0.0285282, 0.0261988
float3(-0.245514, -0.0403786, -1.54684)
343478.654684708
normal
simd_float4x4([[0.00364476, -0.970232, 0.242152, 0.0)], [0.999524, 0.0109535, 0.0288431, 0.0)], [-0.0306369, 0.241932, 0.96981, 0.0)], [-0.118291, 0.0338169, 0.00552234, 1.0)]])
-0.118291, 0.0338169, 0.00552234
float3(-0.244356, -0.0315801, -1.55951)
343478.854795666
normal
simd_float4x4([[0.00575663, -0.971566, 0.236698, 0.0)], [0.999668, 0.0115361, 0.0230392, 0.0)], [-0.0251147, 0.236486, 0.97131, 0.0)], [-0.16173, 0.0274577, -0.0325049, 1.0)]])
-0.16173, 0.0274577, -0.0325049
float3(-0.238748, -0.0258508, -1.55892)
343479.054906333
normal
simd_float4x4([[-0.00223581, -0.971271, 0.237968, 0.0)], [0.998901, 0.00897178, 0.0460036, 0.0)], [-0.046817, 0.237809, 0.970183, 0.0)], [-0.131645, 0.0101208, -0.0471967, 1.0)]])
-0.131645, 0.0101208, -0.0471967
float3(-0.24011, -0.0482184, -1.56156)
343479.255017041
normal
simd_float4x4([[-0.0228187, -0.970995, 0.238009, 0.0)], [0.988522, 0.013649, 0.150456, 0.0)], [-0.149341, 0.238711, 0.959539, 0.0)], [-0.0972363, 0.0101284, -0.0536747, 1.0)]])
-0.0972363, 0.0101284, -0.0536747
float3(-0.241038, -0.154399, -1.55674)
343479.455127875
normal
simd_float4x4([[-0.0514215, -0.971974, 0.229396, 0.0)], [0.944709, 0.0271451, 0.326783, 0.0)], [-0.323851, 0.233516, 0.916837, 0.0)], [-0.0381067, 0.0157063, -0.0441126, 1.0)]])
-0.0381067, 0.0157063, -0.0441126
float3(-0.235692, -0.339547, -1.54288)
343479.655238625
normal
simd_float4x4([[-0.0757897, -0.972145, 0.221789, 0.0)], [0.874471, 0.0420753, 0.483249, 0.0)], [-0.47912, 0.230573, 0.846924, 0.0)], [0.0305265, 0.0198799, -0.0345923, 1.0)]])
0.0305265, 0.0198799, -0.0345923
float3(-0.232667, -0.51483, -1.52754)
343479.8553495
normal
simd_float4x4([[-0.0691971, -0.975603, 0.20835, 0.0)], [0.795779, 0.0719703, 0.601295, 0.0)], [-0.601621, 0.207409, 0.771384, 0.0)], [0.070407, 0.0340056, -0.0340926, 1.0)]])
0.070407, 0.0340056, -0.0340926
float3(-0.208925, -0.662379, -1.49716)
343480.055460291
normal
simd_float4x4([[-0.0876699, -0.97461, 0.206033, 0.0)], [0.667726, 0.0959897, 0.738192, 0.0)], [-0.739227, 0.202291, 0.642357, 0.0)], [0.078095, 0.0478236, -0.0365375, 1.0)]])
0.078095, 0.0478236, -0.0365375
float3(-0.203697, -0.855399, -1.47262)
343480.255571208
normal
simd_float4x4([[-0.113158, -0.978552, 0.172136, 0.0)], [0.491794, 0.095374, 0.865472, 0.0)], [-0.863327, 0.18259, 0.470454, 0.0)], [0.0390624, 0.0669616, -0.0525128, 1.0)]])
0.0390624, 0.0669616, -0.0525128
float3(-0.18362, -1.07185, -1.47364)
343480.455682125
normal
simd_float4x4([[-0.173339, -0.979218, 0.105294, 0.0)], [0.28449, 0.0525701, 0.957236, 0.0)], [-0.942878, 0.195882, 0.269465, 0.0)], [-0.0347047, 0.0863154, -0.0814727, 1.0)]])
-0.0347047, 0.0863154, -0.0814727
float3(-0.197156, -1.29243, -1.51716)
343480.655792916
normal
simd_float4x4([[-0.145221, -0.98904, 0.026673, 0.0)], [0.0800958, 0.0151183, 0.996672, 0.0)], [-0.986152, 0.146874, 0.0770224, 0.0)], [-0.148467, 0.0983061, -0.101821, 1.0)]])
-0.148467, 0.0983061, -0.101821
float3(-0.147408, -1.49285, -1.55551)
343480.855825541
normal
simd_float4x4([[-0.161828, -0.985701, 0.0469581, 0.0)], [-0.0635141, 0.0578905, 0.9963, 0.0)], [-0.984773, 0.158246, -0.0719742, 0.0)], [-0.278167, 0.106401, -0.144352, 1.0)]])
-0.278167, 0.106401, -0.144352
float3(-0.158914, -1.64375, -1.51213)
343481.072466916
normal
simd_float4x4([[-0.14959, -0.988051, 0.0371116, 0.0)], [-0.116685, 0.0549128, 0.99165, 0.0)], [-0.981839, 0.144011, -0.123505, 0.0)], [-0.430708, 0.11383, -0.208785, 1.0)]])
-0.430708, 0.11383, -0.208785
float3(-0.144514, -1.69593, -1.51528)
343481.289108375
normal
simd_float4x4([[-0.132173, -0.990834, 0.0279089, 0.0)], [-0.121576, 0.0441482, 0.9916, 0.0)], [-0.983743, 0.127669, -0.126297, 0.0)], [-0.590652, 0.123882, -0.292108, 1.0)]])
-0.590652, 0.123882, -0.292108
float3(-0.128019, -1.69848, -1.52627)
343481.505749833
normal
simd_float4x4([[-0.117072, -0.992608, 0.0319785, 0.0)], [-0.105818, 0.0444843, 0.99339, 0.0)], [-0.98747, 0.112915, -0.110243, 0.0)], [-0.753771, 0.132092, -0.400293, 1.0)]])
-0.753771, 0.132092, -0.400293
float3(-0.113156, -1.68198, -1.52601)
343481.739055958
limited(__ObjC.ARCamera.TrackingState.Reason.insufficientFeatures)
simd_float4x4([[-0.106926, -0.99369, 0.0338557, 0.0)], [-0.0995777, 0.0445823, 0.99403, 0.0)], [-0.989268, 0.102916, -0.103716, 0.0)], [-0.958168, 0.128704, -0.538912, 1.0)]])
-0.958168, 0.128704, -0.538912
float3(-0.103099, -1.67526, -1.52596)
343481.972362125
limited(__ObjC.ARCamera.TrackingState.Reason.insufficientFeatures)
simd_float4x4([[-0.0987597, -0.994469, 0.0357491, 0.0)], [-0.0987304, 0.0455396, 0.994072, 0.0)], [-0.990201, 0.0946447, -0.102682, 0.0)], [-1.17201, 0.12315, -0.72746, 1.0)]])
-1.17201, 0.12315, -0.72746
float3(-0.0947866, -1.67412, -1.52504)
343482.205668333
limited(__ObjC.ARCamera.TrackingState.Reason.insufficientFeatures)
simd_float4x4([[-0.0946056, -0.994317, 0.0488323, 0.0)], [-0.0923527, 0.0576067, 0.994058, 0.0)], [-0.991222, 0.0895338, -0.0972778, 0.0)], [-1.39814, 0.114845, -0.964725, 1.0)]])
-1.39814, 0.114845, -0.964725
float3(-0.0896538, -1.66862, -1.51293)
343482.422309791
limited(__ObjC.ARCamera.TrackingState.Reason.insufficientFeatures)
simd_float4x4([[-0.00428213, -0.992412, 0.122883, 0.0)], [0.994949, -0.0165523, -0.0990062, 0.0)], [0.100289, 0.121838, 0.98747, 0.0)], [0.00946619, -0.0440459, -0.0221921, 1.0)]])
0.00946619, -0.0440459, -0.0221921
float3(-0.122142, 0.101214, -1.58747)
343482.638951333
limited(__ObjC.ARCamera.TrackingState.Reason.insufficientFeatures)
simd_float4x4([[0.0203388, -0.993538, 0.111668, 0.0)], [0.995077, 0.0092802, -0.0986721, 0.0)], [0.0969981, 0.113125, 0.988835, 0.0)], [0.0189071, -0.0396976, -0.0204172, 1.0)]])
0.0189071, -0.0396976, -0.0204172
float3(-0.113367, 0.0977805, -1.56146)
343482.872257708
limited(__ObjC.ARCamera.TrackingState.Reason.insufficientFeatures)
simd_float4x4([[0.015602, -0.993075, 0.116441, 0.0)], [0.994233, 0.0030514, -0.107194, 0.0)], [0.106096, 0.117442, 0.987396, 0.0)], [0.016207, -0.036902, -0.018753, 1.0)]])
0.016207, -0.036902, -0.018753
float3(-0.117714, 0.10704, -1.56772)
343483.08889925
normal
simd_float4x4([[0.0164991, -0.992793, 0.1187, 0.0)], [0.99335, 0.0027465, -0.115103, 0.0)], [0.113947, 0.11981, 0.986236, 0.0)], [0.0124858, -0.0367955, -0.0225937, 1.0)]])
0.0124858, -0.0367955, -0.0225937
float3(-0.120098, 0.115028, -1.56803)
343483.305541
normal
simd_float4x4([[0.0207464, -0.992476, 0.12067, 0.0)], [0.992746, 0.00615299, -0.120073, 0.0)], [0.118427, 0.122286, 0.985404, 0.0)], [0.00811415, -0.0367353, -0.0244548, 1.0)]])
0.00811415, -0.0367353, -0.0244548
float3(-0.122593, 0.119607, -1.5646)
343483.522182458
normal
simd_float4x4([[0.0183772, -0.992131, 0.123847, 0.0)], [0.992442, 0.00306974, -0.122674, 0.0)], [0.121328, 0.125165, 0.984689, 0.0)], [0.00448159, -0.0369884, -0.0258415, 1.0)]])
0.00448159, -0.0369884, -0.0258415
float3(-0.125494, 0.122597, -1.5677)
343483.772153625
normal
simd_float4x4([[0.0221789, -0.99145, 0.128586, 0.0)], [0.993153, 0.00709412, -0.116604, 0.0)], [0.114695, 0.130292, 0.984819, 0.0)], [-0.0137528, -0.0377213, -0.0279908, 1.0)]])
-0.0137528, -0.0377213, -0.0279908
float3(-0.130663, 0.11594, -1.56364)
343483.988795208
normal
simd_float4x4([[0.0185478, -0.991452, 0.129146, 0.0)], [0.995339, 0.00608392, -0.0962433, 0.0)], [0.0946349, 0.13033, 0.986944, 0.0)], [-0.0318083, -0.0382023, -0.0310341, 1.0)]])
-0.0318083, -0.0382023, -0.0310341
float3(-0.130701, 0.0955945, -1.56466)
343484.205437
normal
simd_float4x4([[0.0159826, -0.99163, 0.128119, 0.0)], [0.99685, 0.00584772, -0.0790941, 0.0)], [0.0776829, 0.12898, 0.9886, 0.0)], [-0.0566305, -0.0401206, -0.0323029, 1.0)]])
-0.0566305, -0.0401206, -0.0323029
float3(-0.12934, 0.0784176, -1.5649)
343484.4387435
normal
simd_float4x4([[0.0120286, -0.990863, 0.134338, 0.0)], [0.997457, 0.00245109, -0.0712332, 0.0)], [0.070253, 0.134853, 0.988372, 0.0)], [-0.0867811, -0.0440985, -0.0360245, 1.0)]])
-0.0867811, -0.0440985, -0.0360245
float3(-0.135265, 0.0709602, -1.56832)
343484.65538525
normal
simd_float4x4([[0.00812371, -0.991406, 0.130568, 0.0)], [0.997799, -0.000557064, -0.066311, 0.0)], [0.0658139, 0.130819, 0.989219, 0.0)], [-0.10687, -0.0452798, -0.0324477, 1.0)]])
-0.10687, -0.0452798, -0.0324477
float3(-0.131195, 0.0664333, -1.57136)
343484.905356458
normal
simd_float4x4([[0.0134779, -0.992881, 0.118347, 0.0)], [0.998329, 0.00671143, -0.0573886, 0.0)], [0.0561858, 0.118922, 0.991313, 0.0)], [-0.124562, -0.0443278, -0.0199391, 1.0)]])
-0.124562, -0.0443278, -0.0199391
float3(-0.119205, 0.0566176, -1.56404)
343485.138663
normal
simd_float4x4([[0.00924154, -0.99421, 0.107059, 0.0)], [0.999927, 0.008352, -0.00875433, 0.0)], [0.00780947, 0.107132, 0.994214, 0.0)], [-0.127125, -0.0428962, -0.012425, 1.0)]])
-0.127125, -0.0428962, -0.012425
float3(-0.107338, 0.00785476, -1.5624)
343485.388634291
normal
simd_float4x4([[-0.00390045, -0.993556, 0.113278, 0.0)], [0.999901, -0.00234263, 0.0138821, 0.0)], [-0.0135273, 0.113321, 0.993466, 0.0)], [-0.124665, -0.0465056, -0.0102472, 1.0)]])
-0.124665, -0.0465056, -0.0102472
float3(-0.113565, -0.0136154, -1.57315)
343485.605276125
normal
simd_float4x4([[-0.0126001, -0.993258, 0.11524, 0.0)], [0.999711, -0.0101515, 0.0218106, 0.0)], [-0.0204937, 0.115482, 0.993098, 0.0)], [-0.121789, -0.04785, -0.0112529, 1.0)]])
-0.121789, -0.04785, -0.0112529
float3(-0.11574, -0.0206332, -1.58102)
343485.838582708
normal
simd_float4x4([[-0.0167657, -0.993002, 0.116899, 0.0)], [0.999533, -0.0136593, 0.0273238, 0.0)], [-0.0255358, 0.117303, 0.992768, 0.0)], [-0.118706, -0.0480158, -0.0155333, 1.0)]])
-0.118706, -0.0480158, -0.0155333
float3(-0.117573, -0.0257162, -1.58455)
343486.055224708
normal
simd_float4x4([[-0.0160645, -0.992699, 0.119542, 0.0)], [0.9995, -0.0126877, 0.0289551, 0.0)], [-0.027227, 0.119947, 0.992407, 0.0)], [-0.119803, -0.0488696, -0.0181863, 1.0)]])
-0.119803, -0.0488696, -0.0181863
float3(-0.120237, -0.0274285, -1.58358)
343486.288531291
normal
simd_float4x4([[-0.0195659, -0.992563, 0.120149, 0.0)], [0.999314, -0.0156348, 0.0335747, 0.0)], [-0.0314465, 0.120723, 0.992188, 0.0)], [-0.120043, -0.0491155, -0.0194988, 1.0)]])
-0.120043, -0.0491155, -0.0194988
float3(-0.121018, -0.0316835, -1.58655)
343486.521837916
normal
simd_float4x4([[-0.0130449, -0.991527, 0.129246, 0.0)], [0.997949, -0.00480821, 0.0638373, 0.0)], [-0.0626749, 0.129814, 0.989556, 0.0)], [-0.112461, -0.0508171, -0.0254243, 1.0)]])
-0.112461, -0.0508171, -0.0254243
float3(-0.130181, -0.063252, -1.57565)
343486.738479833
normal
simd_float4x4([[-0.016186, -0.988852, 0.148018, 0.0)], [0.992977, 0.00145395, 0.118297, 0.0)], [-0.117193, 0.148893, 0.981884, 0.0)], [-0.0850054, -0.0565811, -0.0446973, 1.0)]])
-0.0850054, -0.0565811, -0.0446973
float3(-0.149449, -0.118793, -1.56933)
343486.955121875
normal
simd_float4x4([[-0.0263559, -0.986832, 0.159585, 0.0)], [0.980651, 0.0054549, 0.195688, 0.0)], [-0.193982, 0.161655, 0.967594, 0.0)], [-0.0368043, -0.0621418, -0.0815801, 1.0)]])
-0.0368043, -0.0621418, -0.0815801
float3(-0.162368, -0.197856, -1.56527)
343487.205093375
normal
simd_float4x4([[-0.0506415, -0.986612, 0.155022, 0.0)], [0.962198, -0.00660791, 0.272269, 0.0)], [-0.2676, 0.16295, 0.949651, 0.0)], [0.0326242, -0.0621691, -0.130639, 1.0)]])
0.0326242, -0.0621691, -0.130639
float3(-0.16368, -0.274665, -1.57749)
343487.421735375
normal
simd_float4x4([[-0.0489578, -0.989169, 0.138373, 0.0)], [0.940133, 0.001144, 0.340806, 0.0)], [-0.337273, 0.146774, 0.929894, 0.0)], [0.0967847, -0.0562405, -0.16094, 1.0)]])
0.0967847, -0.0562405, -0.16094
float3(-0.147306, -0.347944, -1.56964)
343487.638500583
normal
simd_float4x4([[-0.0494433, -0.989623, 0.134912, 0.0)], [0.875076, 0.0221902, 0.483476, 0.0)], [-0.481453, 0.141963, 0.864898, 0.0)], [0.160563, -0.05437, -0.163492, 1.0)]])
0.160563, -0.05437, -0.163492
float3(-0.142444, -0.507941, -1.54838)
343487.871964
normal
simd_float4x4([[-0.0665149, -0.991106, 0.115257, 0.0)], [0.71244, 0.0336979, 0.700923, 0.0)], [-0.698573, 0.128735, 0.703863, 0.0)], [0.22466, -0.0562299, -0.143887, 1.0)]])
0.22466, -0.0562299, -0.143887
float3(-0.129094, -0.781626, -1.53681)
343488.072075625
normal
simd_float4x4([[-0.10408, -0.986966, 0.122744, 0.0)], [0.494398, 0.0557429, 0.867446, 0.0)], [-0.862982, 0.150968, 0.482152, 0.0)], [0.277496, -0.0683017, -0.130548, 1.0)]])
0.277496, -0.0683017, -0.130548
float3(-0.151548, -1.06129, -1.51438)
343488.28886325
normal
simd_float4x4([[-0.124218, -0.988316, 0.0883244, 0.0)], [0.169125, 0.0666229, 0.98334, 0.0)], [-0.977735, 0.137087, 0.158873, 0.0)], [0.313021, -0.0727783, -0.121301, 1.0)]])
0.313021, -0.0727783, -0.121301
float3(-0.13752, -1.40971, -1.50349)
343488.505527625
normal
simd_float4x4([[-0.112945, -0.993578, 0.00677666, 0.0)], [-0.226372, 0.0323725, 0.973503, 0.0)], [-0.967471, 0.108418, -0.228575, 0.0)], [0.31199, -0.0681839, -0.113421, 1.0)]])
0.31199, -0.0681839, -0.113421
float3(-0.108631, -1.8028, -1.53823)
343488.705583458
normal
simd_float4x4([[-0.122715, -0.99119, -0.0498412, 0.0)], [-0.517047, 0.0209852, 0.855699, 0.0)], [-0.847115, 0.130777, -0.515067, 0.0)], [0.271506, -0.073866, -0.11489, 1.0)]])
0.271506, -0.073866, -0.11489
float3(-0.131153, -2.1171, -1.54963)
343488.905695208
normal
simd_float4x4([[-0.131945, -0.985391, -0.10768, 0.0)], [-0.747635, 0.0276011, 0.663536, 0.0)], [-0.65087, 0.168056, -0.740355, 0.0)], [0.198973, -0.0732107, -0.124228, 1.0)]])
0.198973, -0.0732107, -0.124228
float3(-0.168857, -2.42043, -1.54279)
343489.105806791
normal
simd_float4x4([[-0.131737, -0.974919, -0.179384, 0.0)], [-0.870969, 0.0274253, 0.490573, 0.0)], [-0.473349, 0.220864, -0.852736, 0.0)], [0.116885, -0.0745762, -0.117841, 1.0)]])
0.116885, -0.0745762, -0.117841
float3(-0.222701, -2.63485, -1.54267)
343489.355946458
normal
simd_float4x4([[-0.0983155, -0.957683, -0.270514, 0.0)], [-0.931465, -0.00712678, 0.363762, 0.0)], [-0.350296, 0.287738, -0.891347, 0.0)], [0.0186507, -0.0810722, -0.108478, 1.0)]])
0.0186507, -0.0810722, -0.108478
float3(-0.291864, -2.76714, -1.57824)
343489.556058083
normal
simd_float4x4([[-0.0655713, -0.962334, -0.263844, 0.0)], [-0.951767, -0.0191068, 0.306226, 0.0)], [-0.299733, 0.271197, -0.914665, 0.0)], [-0.0617862, -0.0691619, -0.106755, 1.0)]])
-0.0617862, -0.0691619, -0.106755
float3(-0.274637, -2.82492, -1.59065)
343489.772845875
normal
simd_float4x4([[-0.0514719, -0.977417, -0.204954, 0.0)], [-0.954664, -0.012096, 0.297438, 0.0)], [-0.2932, 0.210972, -0.932483, 0.0)], [-0.153645, -0.0387141, -0.144073, 1.0)]])
-0.153645, -0.0387141, -0.144073
float3(-0.21257, -2.83695, -1.58317)
343489.989633583
normal
simd_float4x4([[-0.0351596, -0.985638, -0.165169, 0.0)], [-0.975169, -0.00232317, 0.221448, 0.0)], [-0.218651, 0.168854, -0.961083, 0.0)], [-0.278184, -0.0123334, -0.226688, 1.0)]])
-0.278184, -0.0123334, -0.226688
float3(-0.169667, -2.9179, -1.57315)
343490.189745416
normal
simd_float4x4([[-0.044156, -0.986082, -0.16029, 0.0)], [-0.988494, 0.0198896, 0.149948, 0.0)], [-0.144673, 0.165067, -0.975614, 0.0)], [-0.255397, 0.0454925, -0.0759746, 1.0)]])
-0.255397, 0.0454925, -0.0759746
float3(-0.165826, -2.99438, -1.55063)
343490.389857166
limited(__ObjC.ARCamera.TrackingState.Reason.insufficientFeatures)
simd_float4x4([[-0.0536469, -0.980698, -0.188025, 0.0)], [-0.994979, 0.0365652, 0.0931686, 0.0)], [-0.0844951, 0.19208, -0.977735, 0.0)], [-0.18277, 0.0718995, 0.0836562, 1.0)]])
-0.18277, 0.0718995, 0.0836562
float3(-0.193281, -3.05539, -1.53353)
343490.589968833
limited(__ObjC.ARCamera.TrackingState.Reason.insufficientFeatures)
simd_float4x4([[-0.0382475, -0.983393, -0.177413, 0.0)], [-0.999245, 0.0388506, 7.41996e-05, 0.0)], [0.00681965, 0.177282, -0.984136, 0.0)], [-0.0311714, 0.106854, 0.326687, 1.0)]])
-0.0311714, 0.106854, 0.326687
float3(-0.178224, 3.13466, -1.53131)
343490.806756666
limited(__ObjC.ARCamera.TrackingState.Reason.insufficientFeatures)
simd_float4x4([[-0.00408769, -0.987289, -0.158884, 0.0)], [-0.99948, 0.00911286, -0.0309123, 0.0)], [0.0319673, 0.158675, -0.986813, 0.0)], [0.0624483, 0.149471, 0.411097, 1.0)]])
0.0624483, 0.149471, 0.411097
float3(-0.159348, 3.10921, -1.56157)
343491.0068685
limited(__ObjC.ARCamera.TrackingState.Reason.insufficientFeatures)
simd_float4x4([[0.0118157, -0.988522, -0.150612, 0.0)], [-0.99993, -0.0115909, -0.00237014, 0.0)], [0.000597213, 0.15063, -0.98859, 0.0)], [0.0895239, 0.193777, 0.390839, 1.0)]])
0.0895239, 0.193777, 0.390839
float3(-0.151205, 3.14099, -1.58252)
343491.206980166
limited(__ObjC.ARCamera.TrackingState.Reason.insufficientFeatures)
simd_float4x4([[0.0127126, -0.985692, -0.168076, 0.0)], [-0.999391, -0.0179855, 0.0298873, 0.0)], [-0.0324826, 0.167594, -0.985321, 0.0)], [0.0756423, 0.224496, 0.546615, 1.0)]])
0.0756423, 0.224496, 0.546615
float3(-0.168389, -3.10864, -1.58904)
343491.423768041
limited(__ObjC.ARCamera.TrackingState.Reason.insufficientFeatures)
simd_float4x4([[0.0205114, -0.984143, -0.176189, 0.0)], [-0.998852, -0.0278, 0.039, 0.0)], [-0.0432796, 0.175187, -0.983583, 0.0)], [0.0312401, 0.293365, 0.701969, 1.0)]])
0.0312401, 0.293365, 0.701969
float3(-0.176096, -3.09762, -1.59904)
343491.640555875
limited(__ObjC.ARCamera.TrackingState.Reason.insufficientFeatures)
simd_float4x4([[0.0183303, -0.985135, -0.170803, 0.0)], [-0.997566, -0.0295135, 0.0631668, 0.0)], [-0.0672688, 0.169229, -0.983278, 0.0)], [-0.0384215, 0.373473, 0.872141, 1.0)]])
-0.0384215, 0.373473, 0.872141
float3(-0.170048, -3.07329, -1.60075)
343491.840667625
limited(__ObjC.ARCamera.TrackingState.Reason.insufficientFeatures)
simd_float4x4([[0.00925372, -0.988504, -0.15091, 0.0)], [-0.996595, -0.0214825, 0.0796064, 0.0)], [-0.0819331, 0.149659, -0.985337, 0.0)], [-0.0360087, 0.419302, 1.23682, 1.0)]])
-0.0360087, 0.419302, 1.23682
float3(-0.150223, -3.05863, -1.59253)
343492.057455541
limited(__ObjC.ARCamera.TrackingState.Reason.insufficientFeatures)
simd_float4x4([[0.0131645, -0.988613, -0.149901, 0.0)], [-0.995284, -0.0273643, 0.0930633, 0.0)], [-0.0961055, 0.147969, -0.984311, 0.0)], [0.0261231, 0.381267, 1.55901, 1.0)]])
0.0261231, 0.381267, 1.55901
float3(-0.148514, -3.04426, -1.59847)
343492.257567458
normal
simd_float4x4([[0.00288852, -0.988361, -0.152098, 0.0)], [-0.997069, -0.0144747, 0.0751237, 0.0)], [-0.0764509, 0.151435, -0.985506, 0.0)], [0.104688, 0.297587, 1.88653, 1.0)]])
0.104688, 0.297587, 1.88653
float3(-0.15202, -3.06417, -1.58544)
343492.491031416
normal
simd_float4x4([[0.00140623, -0.987423, -0.158094, 0.0)], [-0.998611, -0.00971172, 0.051775, 0.0)], [-0.0526592, 0.157801, -0.986066, 0.0)], [0.154827, 0.2217, 2.1267, 1.0)]])
0.154827, 0.2217, 2.1267
float3(-0.158464, -3.08824, -1.58063)
343492.707819375
normal
simd_float4x4([[-0.0110455, -0.983033, -0.183098, 0.0)], [-0.999286, 0.00423682, 0.0375353, 0.0)], [-0.0361227, 0.183382, -0.982378, 0.0)], [0.208512, 0.14305, 2.17874, 1.0)]])
0.208512, 0.14305, 2.17874
float3(-0.184425, -3.10484, -1.56649)
343492.924607125
normal
simd_float4x4([[-0.000577243, -0.988173, -0.15334, 0.0)], [-0.999436, 0.00571971, -0.0330974, 0.0)], [0.033583, 0.153234, -0.987619, 0.0)], [0.261603, 0.0972823, 2.14735, 1.0)]])
0.261603, 0.0972823, 2.14735
float3(-0.15384, 3.1076, -1.56501)
343493.141395083
normal
simd_float4x4([[0.0203577, -0.986268, -0.163897, 0.0)], [-0.999013, -0.0135941, -0.0422839, 0.0)], [0.0394752, 0.164596, -0.985571, 0.0)], [0.300936, 0.0751009, 2.16204, 1.0)]])
0.300936, 0.0751009, 2.16204
float3(-0.165348, 3.10156, -1.58458)
343493.341506875
normal
simd_float4x4([[0.0299432, -0.989648, -0.140357, 0.0)], [-0.998916, -0.0346342, 0.0310988, 0.0)], [-0.035638, 0.139274, -0.989612, 0.0)], [0.329171, 0.0584817, 2.24486, 1.0)]])
0.329171, 0.0584817, 2.24486
float3(-0.139728, -3.1056, -1.60578)
343493.541619083
normal
simd_float4x4([[0.0194268, -0.986353, -0.163496, 0.0)], [-0.997177, -0.0309776, 0.0683988, 0.0)], [-0.0725301, 0.161706, -0.98417, 0.0)], [0.341897, 0.0304644, 2.36666, 1.0)]])
0.341897, 0.0304644, 2.36666
float3(-0.162419, -3.06803, -1.60219)
343493.741731083
normal
simd_float4x4([[-0.0025808, -0.985443, -0.169989, 0.0)], [-0.995859, -0.0129145, 0.0899857, 0.0)], [-0.090871, 0.169518, -0.981329, 0.0)], [0.333122, 0.0273988, 2.49225, 1.0)]])
0.333122, 0.0273988, 2.49225
float3(-0.17034, -3.04926, -1.5839)
343493.941842958
normal
simd_float4x4([[-0.0337081, -0.987983, -0.150845, 0.0)], [-0.992743, 0.0156669, 0.119227, 0.0)], [-0.115431, 0.153769, -0.981341, 0.0)], [0.334402, 0.0244549, 2.61966, 1.0)]])
0.334402, 0.0244549, 2.61966
float3(-0.154382, -3.0245, -1.55494)
343494.141955041
normal
simd_float4x4([[-0.0857845, -0.984596, -0.152357, 0.0)], [-0.990735, 0.0681406, 0.117479, 0.0)], [-0.105288, 0.161023, -0.981318, 0.0)], [0.34594, 0.00286199, 2.77204, 1.0)]])
0.34594, 0.00286199, 2.77204
float3(-0.161727, -3.03471, -1.5017)
343494.342067
normal
simd_float4x4([[-0.0793477, -0.98251, -0.168458, 0.0)], [-0.992677, 0.0624379, 0.103414, 0.0)], [-0.091087, 0.17543, -0.980269, 0.0)], [0.367863, -0.0272313, 2.93792, 1.0)]])
0.367863, -0.0272313, 2.93792
float3(-0.176342, -3.04894, -1.50733)
343494.542179041
normal
simd_float4x4([[-0.0687336, -0.989822, -0.124615, 0.0)], [-0.994579, 0.0582167, 0.0861598, 0.0)], [-0.0780281, 0.129862, -0.988457, 0.0)], [0.381468, -0.0304864, 3.07905, 1.0)]])
0.381468, -0.0304864, 3.07905
float3(-0.13023, -3.06282, -1.51205)
343494.742291125
normal
simd_float4x4([[0.0204539, -0.991673, -0.127149, 0.0)], [-0.998971, -0.0254202, 0.0375597, 0.0)], [-0.0404791, 0.12625, -0.991172, 0.0)], [0.372584, -0.0500296, 3.2156, 1.0)]])
0.372584, -0.0500296, 3.2156
float3(-0.126588, -3.10078, -1.59642)
343494.942403083
normal
simd_float4x4([[0.00416623, -0.994779, -0.101964, 0.0)], [-0.997326, -0.0115731, 0.0721583, 0.0)], [-0.0729617, 0.101391, -0.992167, 0.0)], [0.378802, -0.0623138, 3.36944, 1.0)]])
0.378802, -0.0623138, 3.36944
float3(-0.101566, -3.06819, -1.58243)
343495.159191166
normal
simd_float4x4([[-0.0499609, -0.987448, -0.149835, 0.0)], [-0.98887, 0.0278556, 0.146153, 0.0)], [-0.140145, 0.15547, -0.977849, 0.0)], [0.375094, -0.0514847, 3.54389, 1.0)]])
0.375094, -0.0514847, 3.54389
float3(-0.156103, -2.99924, -1.54259)
343495.359303166
normal
simd_float4x4([[-0.0910937, -0.972643, -0.213699, 0.0)], [-0.98456, 0.0557531, 0.165931, 0.0)], [-0.149477, 0.225515, -0.962704, 0.0)], [0.372251, -0.0469609, 3.69102, 1.0)]])
0.372251, -0.0469609, 3.69102
float3(-0.227472, -2.98755, -1.51354)
343495.57609125
normal
simd_float4x4([[-0.0708981, -0.982951, -0.169649, 0.0)], [-0.987373, 0.045003, 0.151885, 0.0)], [-0.141661, 0.178275, -0.97373, 0.0)], [0.376157, -0.057453, 3.84922, 1.0)]])
0.376157, -0.057453, 3.84922
float3(-0.179233, -2.99712, -1.52504)
343495.776203375
normal
simd_float4x4([[-0.0345736, -0.991078, -0.128725, 0.0)], [-0.996631, 0.0246062, 0.0782329, 0.0)], [-0.0743674, 0.130996, -0.98859, 0.0)], [0.394229, -0.0594881, 3.98428, 1.0)]])
0.394229, -0.0594881, 3.98428
float3(-0.131374, -3.06651, -1.54597)
343495.976315375
normal
simd_float4x4([[-0.00583711, -0.991618, -0.129075, 0.0)], [-0.999606, 0.00224304, 0.0279727, 0.0)], [-0.0274487, 0.129187, -0.99124, 0.0)], [0.406828, -0.0516033, 4.08686, 1.0)]])
0.406828, -0.0516033, 4.08686
float3(-0.129549, -3.11391, -1.56853)
343496.176427541
normal
simd_float4x4([[0.0136326, -0.991497, -0.129417, 0.0)], [-0.999902, -0.0139443, 0.00150313, 0.0)], [-0.00329498, 0.129384, -0.991589, 0.0)], [0.410983, -0.0524467, 4.19101, 1.0)]])
0.410983, -0.0524467, 4.19101
float3(-0.129748, -3.13827, -1.58486)
343496.39321575
normal
simd_float4x4([[0.0172322, -0.995869, -0.0891506, 0.0)], [-0.99943, -0.0197461, 0.0273935, 0.0)], [-0.0290407, 0.0886277, -0.995641, 0.0)], [0.407772, -0.0572691, 4.32304, 1.0)]])
0.407772, -0.0572691, 4.32304
float3(-0.0887441, -3.11243, -1.59062)
343496.593327708
normal
simd_float4x4([[-0.00800504, -0.996871, -0.0786414, 0.0)], [-0.997594, 0.00254541, 0.0692807, 0.0)], [-0.0688637, 0.0790067, -0.994493, 0.0)], [0.402389, -0.051792, 4.44777, 1.0)]])
0.402389, -0.051792, 4.44777
float3(-0.0790892, -3.07246, -1.56824)
343496.793439916
normal
simd_float4x4([[-0.0201965, -0.993378, -0.1131, 0.0)], [-0.998827, 0.0150689, 0.04601, 0.0)], [-0.044001, 0.113897, -0.992518, 0.0)], [0.395146, -0.0493328, 4.56085, 1.0)]])
0.395146, -0.0493328, 4.56085
float3(-0.114144, -3.09729, -1.55563)
343496.993552
normal
simd_float4x4([[-0.0295891, -0.99278, -0.116241, 0.0)], [-0.999561, 0.0295739, 0.00185619, 0.0)], [0.00159489, 0.116244, -0.993219, 0.0)], [0.396602, -0.0629272, 4.67708, 1.0)]])
0.396602, -0.0629272, 4.67708
float3(-0.116508, 3.13999, -1.54102)
343497.193664208
normal
simd_float4x4([[-0.00559528, -0.995642, -0.0930859, 0.0)], [-0.999922, 0.00660555, -0.0105485, 0.0)], [0.0111174, 0.0930197, -0.995602, 0.0)], [0.410494, -0.0771984, 4.81247, 1.0)]])
0.410494, -0.0771984, 4.81247
float3(-0.0931544, 3.13043, -1.56416)
343497.393776416
normal
simd_float4x4([[0.00563324, -0.997072, -0.0762583, 0.0)], [-0.999981, -0.00581231, 0.0021264, 0.0)], [-0.00256342, 0.0762449, -0.997086, 0.0)], [0.428089, -0.0723124, 4.96042, 1.0)]])
0.428089, -0.0723124, 4.96042
float3(-0.0763189, -3.13902, -1.57663)
343497.593888708
normal
simd_float4x4([[-0.0118186, -0.990534, -0.136757, 0.0)], [-0.99992, 0.0110962, 0.00604334, 0.0)], [-0.00446864, 0.136817, -0.990586, 0.0)], [0.435089, -0.0745145, 5.10196, 1.0)]])
0.435089, -0.0745145, 5.10196
float3(-0.137248, -3.13708, -1.55959)
343497.794000916
normal
simd_float4x4([[-0.000868881, -0.99157, -0.12957, 0.0)], [-0.99981, -0.00166159, 0.0194203, 0.0)], [-0.0194719, 0.129563, -0.99138, 0.0)], [0.420704, -0.0892249, 5.23979, 1.0)]])
0.420704, -0.0892249, 5.23979
float3(-0.129928, -3.12195, -1.57247)
343498.010789125
normal
simd_float4x4([[-0.0287957, -0.992525, -0.118598, 0.0)], [-0.997813, 0.0214793, 0.0625139, 0.0)], [-0.0594992, 0.120139, -0.990972, 0.0)], [0.401122, -0.080765, 5.40046, 1.0)]])
0.401122, -0.080765, 5.40046
float3(-0.12043, -3.08162, -1.54916)
343498.244253208
normal
simd_float4x4([[-0.0226181, -0.992893, -0.116842, 0.0)], [-0.995928, 0.0121758, 0.0893237, 0.0)], [-0.0872662, 0.118386, -0.989125, 0.0)], [0.385753, -0.0772917, 5.54737, 1.0)]])
0.385753, -0.0772917, 5.54737
float3(-0.118665, -3.05359, -1.55853)
343498.461041541
normal
simd_float4x4([[-0.0234644, -0.993197, -0.114061, 0.0)], [-0.997505, 0.0156619, 0.0688277, 0.0)], [-0.066573, 0.115391, -0.991087, 0.0)], [0.386121, -0.0877992, 5.67766, 1.0)]])
0.386121, -0.0877992, 5.67766
float3(-0.115649, -3.07452, -1.55503)
343498.677829833
normal
simd_float4x4([[-0.006263, -0.996843, -0.0791525, 0.0)], [-0.999189, 0.0030898, 0.0401487, 0.0)], [-0.0397774, 0.0793397, -0.996054, 0.0)], [0.406538, -0.0931243, 5.82648, 1.0)]])
0.406538, -0.0931243, 5.82648
float3(-0.0794232, -3.10168, -1.5677)
343498.894618208
normal
simd_float4x4([[0.00272735, -0.998584, -0.053132, 0.0)], [-0.999796, -0.00378661, 0.019846, 0.0)], [-0.0200191, 0.053067, -0.99839, 0.0)], [0.425539, -0.085756, 5.97537, 1.0)]])
0.425539, -0.085756, 5.97537
float3(-0.053092, -3.12154, -1.57459)
343499.128082458
normal
simd_float4x4([[0.000966542, -0.99573, -0.0923089, 0.0)], [-0.999828, -0.00267388, 0.018374, 0.0)], [-0.0185424, 0.0922753, -0.995561, 0.0)], [0.430349, -0.0876786, 6.13213, 1.0)]])
0.430349, -0.0876786, 6.13213
float3(-0.0924067, -3.12297, -1.57348)
343499.328194583
normal
simd_float4x4([[-0.0103187, -0.994755, -0.101768, 0.0)], [-0.998769, 0.00531396, 0.0493268, 0.0)], [-0.0485272, 0.102152, -0.993584, 0.0)], [0.427527, -0.106169, 6.27318, 1.0)]])
0.427527, -0.106169, 6.27318
float3(-0.10233, -3.09279, -1.56545)
343499.544983
normal
simd_float4x4([[-0.0137596, -0.995906, -0.0893467, 0.0)], [-0.99717, 0.00706186, 0.0748508, 0.0)], [-0.0739134, 0.0901238, -0.993184, 0.0)], [0.406803, -0.0982274, 6.4246, 1.0)]])
0.406803, -0.0982274, 6.4246
float3(-0.0902462, -3.06731, -1.56371)
343499.778447375
normal
simd_float4x4([[-0.0247667, -0.992335, -0.121068, 0.0)], [-0.997095, 0.0157944, 0.0745155, 0.0)], [-0.0720322, 0.122562, -0.989843, 0.0)], [0.397481, -0.0979617, 6.57091, 1.0)]])
0.397481, -0.0979617, 6.57091
float3(-0.122871, -3.06895, -1.55488)
343499.978559625
normal
simd_float4x4([[-0.0433827, -0.990933, -0.127157, 0.0)], [-0.997357, 0.0355315, 0.063376, 0.0)], [-0.0582833, 0.129571, -0.989856, 0.0)], [0.411864, -0.109298, 6.70483, 1.0)]])
0.411864, -0.109298, 6.70483
float3(-0.129936, -3.08278, -1.53496)
343500.212024
normal
simd_float4x4([[-0.0240751, -0.995053, -0.0963849, 0.0)], [-0.999378, 0.0214713, 0.0279612, 0.0)], [-0.0257534, 0.0969982, -0.994951, 0.0)], [0.432797, -0.106276, 6.87586, 1.0)]])
0.432797, -0.106276, 6.87586
float3(-0.097151, -3.11571, -1.54922)
343500.412136333
normal
simd_float4x4([[-0.00868314, -0.996812, -0.0793151, 0.0)], [-0.999933, 0.00926694, -0.00699539, 0.0)], [0.0077081, 0.079249, -0.996825, 0.0)], [0.447643, -0.0946491, 7.0012, 1.0)]])
0.447643, -0.0946491, 7.0012
float3(-0.0793322, 3.13386, -1.5615)
343500.612248625
normal
simd_float4x4([[-0.0109198, -0.994412, -0.105008, 0.0)], [-0.9999, 0.0118042, -0.00780434, 0.0)], [0.00900026, 0.104912, -0.994441, 0.0)], [0.450127, -0.0936929, 7.12493, 1.0)]])
0.450127, -0.0936929, 7.12493
float3(-0.105105, 3.13254, -1.55893)
343500.812361083
normal
simd_float4x4([[-0.0157336, -0.998886, -0.0444989, 0.0)], [-0.999286, 0.01418, 0.0350174, 0.0)], [-0.0343474, 0.0450181, -0.998395, 0.0)], [0.440152, -0.0948982, 7.22192, 1.0)]])
0.440152, -0.0948982, 7.22192
float3(-0.0450333, -3.1072, -1.5566)
343501.029149333
normal
simd_float4x4([[-0.0189444, -0.999692, -0.0160095, 0.0)], [-0.997439, 0.0177923, 0.0692741, 0.0)], [-0.0689679, 0.0172809, -0.997469, 0.0)], [0.421771, -0.0877048, 7.30569, 1.0)]])
0.421771, -0.0877048, 7.30569
float3(-0.0172817, -3.07256, -1.553)
343501.245937708
normal
simd_float4x4([[-0.0327245, -0.999381, -0.0129394, 0.0)], [-0.997618, 0.0318748, 0.061169, 0.0)], [-0.0607187, 0.0149103, -0.998043, 0.0)], [0.415756, -0.0808423, 7.3613, 1.0)]])
0.415756, -0.0808423, 7.3613
float3(-0.0149108, -3.08083, -1.53891)
343501.44605025
normal
simd_float4x4([[-0.0161338, -0.999854, -0.00561342, 0.0)], [-0.999581, 0.015994, 0.02412, 0.0)], [-0.0240267, 0.00600022, -0.999693, 0.0)], [0.41472, -0.0750055, 7.37646, 1.0)]])
0.41472, -0.0750055, 7.37646
float3(-0.00600025, -3.11756, -1.5548)
343501.696190583
normal
simd_float4x4([[-0.0173233, -0.999758, 0.0135657, 0.0)], [-0.999849, 0.0173399, 0.00111085, 0.0)], [-0.0013458, -0.0135444, -0.999907, 0.0)], [0.425682, -0.0692963, 7.38465, 1.0)]])
0.425682, -0.0692963, 7.38465
float3(0.0135448, -3.14025, -1.55345)
343501.896302916
normal
simd_float4x4([[-0.0244662, -0.9997, -0.00111993, 0.0)], [-0.999588, 0.0244802, -0.0149753, 0.0)], [0.0149983, 0.000753076, -0.999887, 0.0)], [0.429257, -0.0727336, 7.39165, 1.0)]])
0.429257, -0.0727336, 7.39165
float3(-0.000753076, 3.12659, -1.54631)
343502.096415416
normal
simd_float4x4([[-0.0314666, -0.999452, -0.0102969, 0.0)], [-0.999339, 0.0316475, -0.0179032, 0.0)], [0.0182193, 0.00972671, -0.999787, 0.0)], [0.427801, -0.0729408, 7.40529, 1.0)]])
0.427801, -0.0729408, 7.40529
float3(-0.00972686, 3.12337, -1.53914)
343502.296527708
normal
simd_float4x4([[-0.0331705, -0.999352, -0.0139638, 0.0)], [-0.999446, 0.0331325, 0.00294155, 0.0)], [-0.00247697, 0.0140537, -0.999898, 0.0)], [0.423701, -0.0736993, 7.41676, 1.0)]])
0.423701, -0.0736993, 7.41676
float3(-0.0140541, -3.13912, -1.53765)
343502.496640166
normal
simd_float4x4([[-0.044025, -0.99879, -0.0219158, 0.0)], [-0.998726, 0.0434596, 0.0256365, 0.0)], [-0.024653, 0.0230166, -0.999431, 0.0)], [0.426471, -0.0763244, 7.4219, 1.0)]])
0.426471, -0.0763244, 7.4219
float3(-0.0230186, -3.11693, -1.52731)
343502.696752541
normal
simd_float4x4([[-0.0314247, -0.998671, -0.0408581, 0.0)], [-0.999431, 0.0308952, 0.0135295, 0.0)], [-0.0122491, 0.04126, -0.999073, 0.0)], [0.440825, -0.0770419, 7.42403, 1.0)]])
0.440825, -0.0770419, 7.42403
float3(-0.0412717, -3.12933, -1.53987)
343502.89686525
normal
simd_float4x4([[-0.0462756, -0.998351, -0.0339831, 0.0)], [-0.998517, 0.0472061, -0.0271081, 0.0)], [0.0286676, 0.0326783, -0.999055, 0.0)], [0.489791, -0.0754546, 7.42462, 1.0)]])
0.489791, -0.0754546, 7.42462
float3(-0.0326841, 3.11291, -1.52355)
343503.0969775
normal
simd_float4x4([[-0.0237193, -0.998508, -0.0491947, 0.0)], [-0.99513, 0.0282913, -0.0944277, 0.0)], [0.0956785, 0.0467154, -0.994315, 0.0)], [0.570585, -0.0849411, 7.44326, 1.0)]])
0.570585, -0.0849411, 7.44326
float3(-0.0467324, 3.04566, -1.54247)
343503.313765958
normal
simd_float4x4([[-0.00112461, -0.997921, -0.0644394, 0.0)], [-0.993982, 0.00817423, -0.109241, 0.0)], [0.10954, 0.0639288, -0.991924, 0.0)], [0.659528, -0.0878507, 7.46362, 1.0)]])
0.659528, -0.0878507, 7.46362
float3(-0.0639724, 3.03161, -1.56261)
343503.513878541
normal
simd_float4x4([[-0.011463, -0.998887, -0.0457471, 0.0)], [-0.996339, 0.0152862, -0.0841175, 0.0)], [0.0847232, 0.0446153, -0.995405, 0.0)], [0.71088, -0.08128, 7.45524, 1.0)]])
0.71088, -0.08128, 7.45524
float3(-0.0446301, 3.05668, -1.55549)
343503.713991041
normal
simd_float4x4([[-0.0199267, -0.998024, -0.059593, 0.0)], [-0.998752, 0.0226006, -0.0445367, 0.0)], [0.0457955, 0.0586312, -0.997229, 0.0)], [0.747285, -0.0847855, 7.44235, 1.0)]])
0.747285, -0.0847855, 7.44235
float3(-0.0586648, 3.0957, -1.54815)
343503.914103458
normal
simd_float4x4([[-0.0379876, -0.997158, -0.0650607, 0.0)], [-0.990091, 0.0463668, -0.13255, 0.0)], [0.13519, 0.0593807, -0.989039, 0.0)], [0.789246, -0.0706366, 7.43626, 1.0)]])
0.789246, -0.0706366, 7.43626
float3(-0.0594157, 3.00575, -1.52433)
343504.114215916
normal
simd_float4x4([[-0.0182515, -0.998682, -0.0479716, 0.0)], [-0.968639, 0.0295531, -0.246707, 0.0)], [0.2478, 0.0419644, -0.967902, 0.0)], [0.838104, -0.0710861, 7.44313, 1.0)]])
0.838104, -0.0710861, 7.44313
float3(-0.0419768, 2.89096, -1.54121)
343504.314328416
normal
simd_float4x4([[0.0177797, -0.999479, -0.0269279, 0.0)], [-0.954895, -0.00899006, -0.296807, 0.0)], [0.29641, 0.0309905, -0.954558, 0.0)], [0.877753, -0.0664631, 7.45774, 1.0)]])
0.877753, -0.0664631, 7.45774
float3(-0.0309955, 2.84051, -1.57979)
343504.531117
normal
simd_float4x4([[0.00249368, -0.999655, -0.0261467, 0.0)], [-0.959221, 0.00499913, -0.282612, 0.0)], [0.282646, 0.0257852, -0.958878, 0.0)], [0.897377, -0.059349, 7.4599, 1.0)]])
0.897377, -0.059349, 7.4599
float3(-0.0257881, 2.85494, -1.5658)
343504.747905666
normal
simd_float4x4([[-0.00159672, -0.998408, -0.0563787, 0.0)], [-0.955407, 0.0181711, -0.294733, 0.0)], [0.295288, 0.053394, -0.953915, 0.0)], [0.893396, -0.0606288, 7.44997, 1.0)]])
0.893396, -0.0606288, 7.44997
float3(-0.0534194, 2.84139, -1.5526)
343504.948018125
normal
simd_float4x4([[0.0111265, -0.997663, -0.0674136, 0.0)], [-0.947218, 0.0110858, -0.320397, 0.0)], [0.320396, 0.0674203, -0.944881, 0.0)], [0.895103, -0.0638266, 7.44416, 1.0)]])
0.895103, -0.0638266, 7.44416
float3(-0.0674715, 2.81467, -1.55968)
343505.148130708
normal
simd_float4x4([[0.0242046, -0.998435, -0.0504241, 0.0)], [-0.938166, -0.00526214, -0.346145, 0.0)], [0.345338, 0.0556845, -0.936825, 0.0)], [0.901676, -0.0591661, 7.44654, 1.0)]])
0.901676, -0.0591661, 7.44654
float3(-0.0557133, 2.78842, -1.57607)
343505.348243208
normal
simd_float4x4([[0.0292911, -0.998406, -0.0482436, 0.0)], [-0.934326, -0.0101958, -0.356273, 0.0)], [0.355213, 0.0555109, -0.933136, 0.0)], [0.911049, -0.0603599, 7.45887, 1.0)]])
0.911049, -0.0603599, 7.45887
float3(-0.0555394, 2.77786, -1.58101)
343505.548355666
normal
simd_float4x4([[0.023613, -0.997813, -0.0617366, 0.0)], [-0.938611, -0.0008676, -0.344976, 0.0)], [0.344168, 0.0660926, -0.936579, 0.0)], [0.924099, -0.0626003, 7.47165, 1.0)]])
0.924099, -0.0626003, 7.47165
float3(-0.0661408, 2.78944, -1.57167)
343505.748468208
normal
simd_float4x4([[0.0202936, -0.997726, -0.0642703, 0.0)], [-0.940078, 0.00284177, -0.340948, 0.0)], [0.340355, 0.0673381, -0.937883, 0.0)], [0.929964, -0.0618106, 7.4757, 1.0)]])
0.929964, -0.0618106, 7.4757
float3(-0.0673891, 2.79347, -1.56795)
343505.965256958
normal
simd_float4x4([[0.0118682, -0.997964, -0.062661, 0.0)], [-0.937962, 0.0106065, -0.346577, 0.0)], [0.346536, 0.0628869, -0.935926, 0.0)], [0.931075, -0.0614646, 7.46901, 1.0)]])
0.931075, -0.0614646, 7.46901
float3(-0.0629284, 2.78698, -1.56017)
343506.198721625
normal
simd_float4x4([[0.0149204, -0.998333, -0.0557505, 0.0)], [-0.938276, 0.00529043, -0.345846, 0.0)], [0.345564, 0.0574695, -0.936634, 0.0)], [0.92711, -0.0610545, 7.46318, 1.0)]])
0.92711, -0.0610545, 7.46318
float3(-0.0575012, 2.78814, -1.5655)
343506.398834166
normal
simd_float4x4([[0.0231263, -0.997287, -0.0698895, 0.0)], [-0.949743, -8.68189e-05, -0.313029, 0.0)], [0.312174, 0.0736164, -0.947168, 0.0)], [0.910726, -0.0634722, 7.45552, 1.0)]])
0.910726, -0.0634722, 7.45552
float3(-0.073683, 2.82322, -1.57088)
343506.598946708
normal
simd_float4x4([[0.0186736, -0.996921, -0.0761527, 0.0)], [-0.95136, 0.00570934, -0.308027, 0.0)], [0.307513, 0.0782006, -0.948325, 0.0)], [0.888553, -0.0679698, 7.45049, 1.0)]])
0.888553, -0.0679698, 7.45049
float3(-0.0782805, 2.82802, -1.56507)
343506.7990595
normal
simd_float4x4([[0.0366363, -0.996932, -0.0691647, 0.0)], [-0.964385, -0.0171283, -0.263946, 0.0)], [0.261952, 0.0763714, -0.962054, 0.0)], [0.843869, -0.0754647, 7.46948, 1.0)]])
0.843869, -0.0754647, 7.46948
float3(-0.0764459, 2.87575, -1.58798)
343506.999172041
normal
simd_float4x4([[0.0256583, -0.997289, -0.0689664, 0.0)], [-0.967808, -0.00750229, -0.251578, 0.0)], [0.250378, 0.0732013, -0.965377, 0.0)], [0.775548, -0.0814558, 7.5057, 1.0)]])
0.775548, -0.0814558, 7.5057
float3(-0.0732668, 2.88783, -1.57832)
343507.249312625
normal
simd_float4x4([[0.0195907, -0.997811, -0.0631701, 0.0)], [-0.968428, -0.00323282, -0.24927, 0.0)], [0.24852, 0.0660591, -0.966371, 0.0)], [0.693294, -0.072769, 7.54095, 1.0)]])
0.693294, -0.072769, 7.54095
float3(-0.0661073, 2.88988, -1.57404)
343507.466101375
normal
simd_float4x4([[0.0299824, -0.9975, -0.0639912, 0.0)], [-0.983513, -0.0180189, -0.179935, 0.0)], [0.178332, 0.0683311, -0.981595, 0.0)], [0.616134, -0.0786613, 7.5559, 1.0)]])
0.616134, -0.0786613, 7.5559
float3(-0.0683844, 2.96188, -1.58886)
343507.682890083
normal
simd_float4x4([[-0.00527785, -0.995946, -0.089794, 0.0)], [-0.996402, 0.0128337, -0.0837787, 0.0)], [0.0845915, 0.0890287, -0.99243, 0.0)], [0.526392, -0.0814167, 7.56001, 1.0)]])
0.526392, -0.0814167, 7.56001
float3(-0.0891467, 3.05656, -1.55791)
343507.88300275
normal
simd_float4x4([[-0.0153826, -0.994497, -0.10363, 0.0)], [-0.998467, 0.0207899, -0.0513029, 0.0)], [0.0531751, 0.102682, -0.993292, 0.0)], [0.441905, -0.0761105, 7.56142, 1.0)]])
0.441905, -0.0761105, 7.56142
float3(-0.102863, 3.08811, -1.54989)
343508.0831155
normal
simd_float4x4([[-0.0175453, -0.996104, -0.0864225, 0.0)], [-0.999371, 0.0201344, -0.0291787, 0.0)], [0.0308051, 0.0858562, -0.995831, 0.0)], [0.373908, -0.0776078, 7.58196, 1.0)]])
0.373908, -0.0776078, 7.58196
float3(-0.085962, 3.11067, -1.55059)
343508.283227958
normal
simd_float4x4([[-0.00965135, -0.998588, -0.0522335, 0.0)], [-0.999726, 0.0107499, -0.0207909, 0.0)], [0.021323, 0.0520186, -0.998418, 0.0)], [0.31911, -0.078258, 7.61535, 1.0)]])
0.31911, -0.078258, 7.61535
float3(-0.0520421, 3.12024, -1.56003)
343508.48334075
normal
simd_float4x4([[-0.00859216, -0.998236, -0.0587477, 0.0)], [-0.99996, 0.00844385, 0.00277232, 0.0)], [-0.00227135, 0.0587692, -0.998269, 0.0)], [0.276342, -0.0712016, 7.64549, 1.0)]])
0.276342, -0.0712016, 7.64549
float3(-0.0588031, -3.13932, -1.56234)
343508.68345325
normal
simd_float4x4([[0.00770398, -0.997936, -0.0637595, 0.0)], [-0.997993, -0.011681, 0.0622397, 0.0)], [-0.062856, 0.0631521, -0.996022, 0.0)], [0.235021, -0.070167, 7.65778, 1.0)]])
0.235021, -0.070167, 7.65778
float3(-0.0631941, -3.07857, -1.5825)
343508.883566
normal
simd_float4x4([[-0.00682807, -0.996623, -0.0818268, 0.0)], [-0.990948, -0.00422768, 0.134182, 0.0)], [-0.134075, 0.0820023, -0.987572, 0.0)], [0.186053, -0.0715275, 7.66051, 1.0)]])
0.186053, -0.0715275, 7.66051
float3(-0.0820945, -3.00666, -1.57504)
343509.083678833
normal
simd_float4x4([[-0.0439279, -0.995779, -0.0805909, 0.0)], [-0.976138, 0.0256095, 0.215636, 0.0)], [-0.212662, 0.0881403, -0.973142, 0.0)], [0.125541, -0.0666495, 7.65503, 1.0)]])
0.125541, -0.0666495, 7.65503
float3(-0.0882549, -2.92644, -1.54508)
343509.300467416
normal
simd_float4x4([[-0.0437878, -0.992288, -0.11596, 0.0)], [-0.957289, 0.00846959, 0.289007, 0.0)], [-0.285796, 0.123662, -0.950278, 0.0)], [0.0814573, -0.0661402, 7.64844, 1.0)]])
0.0814573, -0.0661402, 7.64844
float3(-0.12398, -2.84945, -1.56226)
343509.533932416
normal
simd_float4x4([[-0.0100078, -0.993431, -0.113995, 0.0)], [-0.948679, -0.0266028, 0.31512, 0.0)], [-0.316082, 0.111299, -0.942181, 0.0)], [0.0582242, -0.0642444, 7.64447, 1.0)]])
0.0582242, -0.0642444, 7.64447
float3(-0.11153, -2.81791, -1.59757)
343509.734045083
normal
simd_float4x4([[-0.0227371, -0.993811, -0.108735, 0.0)], [-0.950416, -0.0122543, 0.310739, 0.0)], [-0.310148, 0.110409, -0.944255, 0.0)], [0.0622441, -0.0614042, 7.64539, 1.0)]])
0.0622441, -0.0614042, 7.64539
float3(-0.110634, -2.82424, -1.58313)
343509.93415775
normal
simd_float4x4([[-0.0218636, -0.993786, -0.109136, 0.0)], [-0.953368, -0.0121429, 0.301566, 0.0)], [-0.301018, 0.11064, -0.947178, 0.0)], [0.065603, -0.063363, 7.64647, 1.0)]])
0.065603, -0.063363, 7.64647
float3(-0.110867, -2.83388, -1.58301)
343510.1342705
normal
simd_float4x4([[-0.0239063, -0.99377, -0.108861, 0.0)], [-0.954221, -0.00979218, 0.298941, 0.0)], [-0.298144, 0.111024, -0.948042, 0.0)], [0.0632482, -0.0642845, 7.64264, 1.0)]])
0.0632482, -0.0642845, 7.64264
float3(-0.111254, -2.8369, -1.58065)
343510.334383125
normal
simd_float4x4([[-0.0197861, -0.993596, -0.111247, 0.0)], [-0.952119, -0.0152277, 0.305347, 0.0)], [-0.305086, 0.111962, -0.94572, 0.0)], [0.0587858, -0.0666, 7.64121, 1.0)]])
0.0587858, -0.0666, 7.64121
float3(-0.112197, -2.82954, -1.58612)
343510.534495958
normal
simd_float4x4([[-0.0167671, -0.993679, -0.110998, 0.0)], [-0.950034, -0.0187744, 0.311582, 0.0)], [-0.311696, 0.110676, -0.943714, 0.0)], [0.0569364, -0.0667354, 7.64278, 1.0)]])
0.0569364, -0.0667354, 7.64278
float3(-0.110903, -2.82259, -1.58969)
343510.734608875
normal
simd_float4x4([[-0.0179677, -0.993485, -0.112542, 0.0)], [-0.948007, -0.0188431, 0.317692, 0.0)], [-0.317743, 0.112399, -0.941491, 0.0)], [0.0637992, -0.0653906, 7.64722, 1.0)]])
0.0637992, -0.0653906, 7.64722
float3(-0.112637, -2.81611, -1.58976)
343510.934721583
normal
simd_float4x4([[-0.0308253, -0.992528, -0.118063, 0.0)], [-0.954584, -0.00578717, 0.297885, 0.0)], [-0.296342, 0.121884, -0.947273, 0.0)], [0.0862031, -0.0688351, 7.64753, 1.0)]])
0.0862031, -0.0688351, 7.64753
float3(-0.122187, -2.8384, -1.57663)
343511.13483425
normal
simd_float4x4([[-0.0154244, -0.993742, -0.110628, 0.0)], [-0.974104, -0.010026, 0.225877, 0.0)], [-0.225572, 0.111247, -0.967854, 0.0)], [0.129771, -0.0765184, 7.64955, 1.0)]])
0.129771, -0.0765184, 7.64955
float3(-0.111478, -2.91262, -1.58089)
343511.334947125
normal
simd_float4x4([[0.00238064, -0.988977, -0.148053, 0.0)], [-0.991742, -0.0213192, 0.126463, 0.0)], [-0.128225, 0.146529, -0.98086, 0.0)], [0.208455, -0.0868578, 7.65565, 1.0)]])
0.208455, -0.0868578, 7.65565
float3(-0.147059, -3.0116, -1.59235)
343511.535059791
normal
simd_float4x4([[0.0109718, -0.987793, -0.155383, 0.0)], [-0.995041, -0.0261479, 0.0959648, 0.0)], [-0.0988563, 0.15356, -0.983182, 0.0)], [0.286862, -0.0876019, 7.64189, 1.0)]])
0.286862, -0.0876019, 7.64189
float3(-0.15417, -3.04138, -1.59726)
343511.751848708
normal
simd_float4x4([[-0.0344941, -0.988184, -0.149341, 0.0)], [-0.995508, 0.0207903, 0.0923697, 0.0)], [-0.0881734, 0.151856, -0.984462, 0.0)], [0.345842, -0.0820348, 7.60856, 1.0)]])
0.345842, -0.0820348, 7.60856
float3(-0.152446, -3.05227, -1.54976)
343511.968637625
normal
simd_float4x4([[-0.0438215, -0.989605, -0.136977, 0.0)], [-0.993244, 0.0284095, 0.112511, 0.0)], [-0.10745, 0.140982, -0.984164, 0.0)], [0.386601, -0.0823005, 7.55315, 1.0)]])
0.386601, -0.0823005, 7.55315
float3(-0.141453, -3.03284, -1.5421)
343512.168750375
normal
simd_float4x4([[-0.026927, -0.986841, -0.159435, 0.0)], [-0.993257, 0.00842071, 0.11563, 0.0)], [-0.112766, 0.161474, -0.980413, 0.0)], [0.412947, -0.0744162, 7.50868, 1.0)]])
0.412947, -0.0744162, 7.50868
float3(-0.162184, -3.02708, -1.56226)
343512.368863125
normal
simd_float4x4([[-0.0237578, -0.990278, -0.137056, 0.0)], [-0.99752, 0.0143966, 0.068893, 0.0)], [-0.0662501, 0.138353, -0.988165, 0.0)], [0.439477, -0.0618375, 7.45812, 1.0)]])
0.439477, -0.0618375, 7.45812
float3(-0.138798, -3.07465, -1.55626)
343512.568976041
normal
simd_float4x4([[-0.00141208, -0.99033, -0.138724, 0.0)], [-0.999762, -0.00162429, 0.0217722, 0.0)], [-0.021787, 0.138722, -0.990092, 0.0)], [0.469427, -0.0575308, 7.43446, 1.0)]])
0.469427, -0.0575308, 7.43446
float3(-0.139171, -3.11959, -1.57244)
343512.819117041
normal
simd_float4x4([[0.01717, -0.991738, -0.127124, 0.0)], [-0.999814, -0.0181419, 0.00649088, 0.0)], [-0.0087435, 0.126989, -0.991866, 0.0)], [0.512139, -0.058941, 7.42397, 1.0)]])
0.512139, -0.058941, 7.42397
float3(-0.127333, -3.13278, -1.58909)
343513.035905916
normal
simd_float4x4([[0.00674931, -0.992807, -0.11954, 0.0)], [-0.999901, -0.00817328, 0.0114259, 0.0)], [-0.0123207, 0.119451, -0.992764, 0.0)], [0.532964, -0.0602033, 7.42725, 1.0)]])
0.532964, -0.0602033, 7.42725
float3(-0.119737, -3.12918, -1.57903)
343513.252694791
normal
simd_float4x4([[0.00312821, -0.994496, -0.104726, 0.0)], [-0.999624, -0.00596261, 0.0267628, 0.0)], [-0.02724, 0.104603, -0.994141, 0.0)], [0.535657, -0.0608902, 7.42834, 1.0)]])
0.535657, -0.0608902, 7.42834
float3(-0.104795, -3.1142, -1.57679)
343513.469483875
normal
simd_float4x4([[-0.000742052, -0.994657, -0.103232, 0.0)], [-0.999792, -0.00136359, 0.0203252, 0.0)], [-0.0203573, 0.103225, -0.99445, 0.0)], [0.530416, -0.0600007, 7.42679, 1.0)]])
0.530416, -0.0600007, 7.42679
float3(-0.10341, -3.12112, -1.57217)
343513.6695965
normal
simd_float4x4([[-0.00158935, -0.994826, -0.101579, 0.0)], [-0.999903, 0.000176903, 0.0139123, 0.0)], [-0.0138224, 0.101592, -0.99473, 0.0)], [0.528375, -0.0596956, 7.4234, 1.0)]])
0.528375, -0.0596956, 7.4234
float3(-0.101767, -3.1277, -1.57062)
343513.869709458
normal
simd_float4x4([[0.00279589, -0.994497, -0.104728, 0.0)], [-0.999812, -0.00478857, 0.0187805, 0.0)], [-0.0191786, 0.104656, -0.994323, 0.0)], [0.528318, -0.0592935, 7.42097, 1.0)]])
0.528318, -0.0592935, 7.42097
float3(-0.104848, -3.12231, -1.57561)
343514.069822375
normal
simd_float4x4([[-0.000816435, -0.994568, -0.104084, 0.0)], [-0.999155, -0.0034649, 0.0409461, 0.0)], [-0.0410843, 0.104029, -0.993725, 0.0)], [0.532348, -0.0593472, 7.42609, 1.0)]])
0.532348, -0.0593472, 7.42609
float3(-0.104218, -3.10027, -1.57428)
343514.286611375
normal
simd_float4x4([[-0.0034516, -0.994562, -0.104087, 0.0)], [-0.997908, -0.00329308, 0.0645572, 0.0)], [-0.0645489, 0.104092, -0.992471, 0.0)], [0.534821, -0.0605385, 7.43074, 1.0)]])
0.534821, -0.0605385, 7.43074
float3(-0.104281, -3.07665, -1.57411)
343514.486724166
normal
simd_float4x4([[-0.00524271, -0.994155, -0.107833, 0.0)], [-0.996294, -0.00406454, 0.085911, 0.0)], [-0.0858472, 0.107884, -0.99045, 0.0)], [0.535899, -0.0635583, 7.43471, 1.0)]])
0.535899, -0.0635583, 7.43471
float3(-0.108095, -3.05513, -1.57488)
343514.686837041
normal
simd_float4x4([[-0.00591251, -0.993511, -0.113581, 0.0)], [-0.992234, -0.0082831, 0.124104, 0.0)], [-0.12424, 0.113433, -0.985747, 0.0)], [0.537255, -0.0667159, 7.43614, 1.0)]])
0.537255, -0.0667159, 7.43614
float3(-0.113678, -3.01622, -1.57913)
343514.886949875
normal
simd_float4x4([[-0.0148665, -0.992541, -0.121002, 0.0)], [-0.985405, -0.00598004, 0.170121, 0.0)], [-0.169576, 0.121765, -0.977966, 0.0)], [0.543004, -0.0697281, 7.43639, 1.0)]])
0.543004, -0.0697281, 7.43639
float3(-0.122068, -2.9699, -1.57682)
343515.087062833
normal
simd_float4x4([[-0.0174092, -0.992215, -0.123318, 0.0)], [-0.982894, -0.00563381, 0.184087, 0.0)], [-0.183349, 0.124414, -0.975143, 0.0)], [0.544369, -0.0686908, 7.4354, 1.0)]])
0.544369, -0.0686908, 7.4354
float3(-0.124737, -2.95574, -1.57647)
343515.287175708
normal
simd_float4x4([[-0.019662, -0.992255, -0.122653, 0.0)], [-0.984109, -0.00244645, 0.17755, 0.0)], [-0.176475, 0.124195, -0.976438, 0.0)], [0.543779, -0.0690995, 7.43504, 1.0)]])
0.543779, -0.0690995, 7.43504
float3(-0.124517, -2.96279, -1.57326)
343515.503964625
normal
simd_float4x4([[-0.015983, -0.992386, -0.122124, 0.0)], [-0.990193, -0.00124408, 0.139702, 0.0)], [-0.13879, 0.123159, -0.982634, 0.0)], [0.53702, -0.0700228, 7.43194, 1.0)]])
0.53702, -0.0700228, 7.43194
float3(-0.123472, -3.00128, -1.57205)
343515.737429708
normal
simd_float4x4([[-0.00844699, -0.9928, -0.119489, 0.0)], [-0.998463, 0.00182776, 0.0553974, 0.0)], [-0.0547802, 0.119774, -0.991289, 0.0)], [0.521838, -0.0674352, 7.42759, 1.0)]])
0.521838, -0.0674352, 7.42759
float3(-0.120062, -3.08639, -1.56896)
343515.954218833
normal
simd_float4x4([[-0.00654391, -0.991691, -0.128478, 0.0)], [-0.999624, 0.00990789, -0.0255618, 0.0)], [0.0266223, 0.128262, -0.991383, 0.0)], [0.50853, -0.0664582, 7.42385, 1.0)]])
0.50853, -0.0664582, 7.42385
float3(-0.128616, 3.11475, -1.56081)
343516.15433175
normal
simd_float4x4([[0.00186532, -0.991565, -0.1296, 0.0)], [-0.995498, 0.01044, -0.094204, 0.0)], [0.0947624, 0.129193, -0.987081, 0.0)], [0.498853, -0.065484, 7.42082, 1.0)]])
0.498853, -0.065484, 7.42082
float3(-0.129555, 3.04588, -1.56027)
343516.37112075
normal
simd_float4x4([[0.00994656, -0.992175, -0.124455, 0.0)], [-0.987651, 0.00971297, -0.156367, 0.0)], [0.156352, 0.124474, -0.979827, 0.0)], [0.489932, -0.062633, 7.41675, 1.0)]])
0.489932, -0.062633, 7.41675
float3(-0.124798, 2.98336, -1.56101)
343516.57123375
normal
simd_float4x4([[0.0171968, -0.992466, -0.12131, 0.0)], [-0.976545, 0.00937205, -0.21511, 0.0)], [0.214626, 0.122163, -0.969026, 0.0)], [0.481203, -0.0602507, 7.41628, 1.0)]])
0.481203, -0.0602507, 7.41628
float3(-0.122469, 2.92363, -1.56135)
343516.771346666
normal
simd_float4x4([[0.0244238, -0.993214, -0.113712, 0.0)], [-0.963573, 0.00691435, -0.267355, 0.0)], [0.266327, 0.1161, -0.956865, 0.0)], [0.472103, -0.060919, 7.41138, 1.0)]])
0.472103, -0.060919, 7.41138
float3(-0.116362, 2.87013, -1.56383)
343516.98813575
normal
simd_float4x4([[0.0270704, -0.993062, -0.114434, 0.0)], [-0.955206, 0.00805097, -0.29583, 0.0)], [0.294699, 0.117316, -0.948361, 0.0)], [0.465531, -0.0628406, 7.40901, 1.0)]])
0.465531, -0.0628406, 7.40901
float3(-0.117587, 2.84031, -1.56269)
343517.204924625
normal
simd_float4x4([[0.0312901, -0.99308, -0.113193, 0.0)], [-0.952414, 0.00472958, -0.30477, 0.0)], [0.303197, 0.117343, -0.945675, 0.0)], [0.464147, -0.0644754, 7.41051, 1.0)]])
0.464147, -0.0644754, 7.41051
float3(-0.117614, 2.83133, -1.56603)
343517.405037791
normal
simd_float4x4([[0.0263226, -0.993701, -0.108934, 0.0)], [-0.955104, 0.00716879, -0.296183, 0.0)], [0.295098, 0.11184, -0.948899, 0.0)], [0.46894, -0.0625182, 7.41217, 1.0)]])
0.46894, -0.0625182, 7.41217
float3(-0.112074, 2.84008, -1.56358)
343517.621826625
normal
simd_float4x4([[0.0210906, -0.994072, -0.106663, 0.0)], [-0.966898, 0.00685486, -0.255072, 0.0)], [0.254291, 0.108512, -0.961021, 0.0)], [0.471747, -0.0606721, 7.4165, 1.0)]])
0.471747, -0.0606721, 7.4165
float3(-0.108726, 2.88292, -1.5639)
343517.821939625
normal
simd_float4x4([[0.0184805, -0.994217, -0.105786, 0.0)], [-0.975478, 0.00527965, -0.220033, 0.0)], [0.219319, 0.107259, -0.969739, 0.0)], [0.479141, -0.0599497, 7.42103, 1.0)]])
0.479141, -0.0599497, 7.42103
float3(-0.107465, 2.91917, -1.56549)
343518.022052666
normal
simd_float4x4([[0.0187296, -0.994362, -0.104374, 0.0)], [-0.984039, 0.000143595, -0.17795, 0.0)], [0.176962, 0.106042, -0.978488, 0.0)], [0.492868, -0.0589821, 7.42459, 1.0)]])
0.492868, -0.0589821, 7.42459
float3(-0.106241, 2.96267, -1.57065)
343518.222165666
normal
simd_float4x4([[0.0115313, -0.995104, -0.0981635, 0.0)], [-0.990594, 0.00201773, -0.136819, 0.0)], [0.136348, 0.0988179, -0.98572, 0.0)], [0.503077, -0.0573639, 7.42359, 1.0)]])
0.503077, -0.0573639, 7.42359
float3(-0.0989794, 3.00414, -1.56877)
343518.438954708
normal
simd_float4x4([[0.00530635, -0.995406, -0.0955941, 0.0)], [-0.995699, 0.0035826, -0.0925756, 0.0)], [0.0924928, 0.0956742, -0.991106, 0.0)], [0.504804, -0.0570158, 7.42024, 1.0)]])
0.504804, -0.0570158, 7.42024
float3(-0.0958208, 3.04854, -1.5672)
343518.655743666
normal
simd_float4x4([[0.00313135, -0.995184, -0.0979733, 0.0)], [-0.998519, 0.00220989, -0.0543613, 0.0)], [0.0543161, 0.0979984, -0.993703, 0.0)], [0.502818, -0.0583342, 7.41899, 1.0)]])
0.502818, -0.0583342, 7.41899
float3(-0.098156, 3.08699, -1.56858)
343518.855856833
normal
simd_float4x4([[0.00114631, -0.995011, -0.0997555, 0.0)], [-0.999822, 0.000734924, -0.0188197, 0.0)], [0.0187991, 0.0997594, -0.994834, 0.0)], [0.502957, -0.0583284, 7.41853, 1.0)]])
0.502957, -0.0583284, 7.41853
float3(-0.0999256, 3.1227, -1.57006)
343519.055969833
normal
simd_float4x4([[-0.00136273, -0.995073, -0.0991327, 0.0)], [-0.999944, 0.000317943, 0.0105543, 0.0)], [-0.0104708, 0.0991416, -0.995018, 0.0)], [0.505193, -0.0579635, 7.41739, 1.0)]])
0.505193, -0.0579635, 7.41739
float3(-0.0993047, -3.13107, -1.57048)
343519.272758791
normal
simd_float4x4([[-0.00728364, -0.994933, -0.100274, 0.0)], [-0.999122, 0.00310282, 0.0417869, 0.0)], [-0.041264, 0.100491, -0.994082, 0.0)], [0.507722, -0.0591171, 7.41893, 1.0)]])
0.507722, -0.0591171, 7.41893
float3(-0.100661, -3.10011, -1.56768)
343519.489547958
normal
simd_float4x4([[-0.0107362, -0.994859, -0.1007, 0.0)], [-0.997561, 0.00371085, 0.0696948, 0.0)], [-0.0689628, 0.101202, -0.992473, 0.0)], [0.509257, -0.0597892, 7.4184, 1.0)]])
0.509257, -0.0597892, 7.4184
float3(-0.101376, -3.07222, -1.56707)
343519.723013125
normal
simd_float4x4([[-0.0168797, -0.994286, -0.105409, 0.0)], [-0.994381, 0.00567495, 0.105706, 0.0)], [-0.104504, 0.106601, -0.988795, 0.0)], [0.515549, -0.0608704, 7.41977, 1.0)]])
0.515549, -0.0608704, 7.41977
float3(-0.106804, -3.0363, -1.56509)
343519.939802291
normal
simd_float4x4([[-0.0195593, -0.99399, -0.107706, 0.0)], [-0.99094, 0.00495668, 0.134209, 0.0)], [-0.132869, 0.109355, -0.985082, 0.0)], [0.521437, -0.0611426, 7.41495, 1.0)]])
0.521437, -0.0611426, 7.41495
float3(-0.109575, -3.00752, -1.56581)
343520.13991525
normal
simd_float4x4([[-0.0158328, -0.993872, -0.109395, 0.0)], [-0.987314, -0.00174746, 0.158771, 0.0)], [-0.157989, 0.110521, -0.981236, 0.0)], [0.524659, -0.061242, 7.40906, 1.0)]])
0.524659, -0.061242, 7.40906
float3(-0.110747, -2.98195, -1.57255)
343520.356704583
normal
simd_float4x4([[-0.0174714, -0.993688, -0.110814, 0.0)], [-0.982385, -0.00356265, 0.186833, 0.0)], [-0.186049, 0.112127, -0.976121, 0.0)], [0.534181, -0.0596195, 7.40414, 1.0)]])
0.534181, -0.0596195, 7.40414
float3(-0.112363, -2.95325, -1.57438)
343520.556817541
normal
simd_float4x4([[-0.0184108, -0.993587, -0.111561, 0.0)], [-0.976921, -0.0058725, 0.213522, 0.0)], [-0.212808, 0.112917, -0.970547, 0.0)], [0.544597, -0.0593552, 7.4028, 1.0)]])
0.544597, -0.0593552, 7.4028
float3(-0.113159, -2.92574, -1.57671)
343520.756930541
normal
simd_float4x4([[-0.0242659, -0.993373, -0.112344, 0.0)], [-0.972304, -0.00267919, 0.233705, 0.0)], [-0.232457, 0.114903, -0.965795, 0.0)], [0.551701, -0.060987, 7.40712, 1.0)]])
0.551701, -0.060987, 7.40712
float3(-0.115158, -2.9054, -1.57349)
343520.957043458
normal
simd_float4x4([[-0.0269414, -0.993372, -0.11174, 0.0)], [-0.972079, -3.12396e-05, 0.234655, 0.0)], [-0.233103, 0.114942, -0.965635, 0.0)], [0.553281, -0.059907, 7.40335, 1.0)]])
0.553281, -0.059907, 7.40335
float3(-0.115196, -2.90473, -1.57083)
343521.157156708
normal
simd_float4x4([[-0.0250465, -0.992596, -0.118853, 0.0)], [-0.974988, -0.00200995, 0.22225, 0.0)], [-0.220843, 0.121447, -0.967718, 0.0)], [0.549936, -0.061018, 7.40909, 1.0)]])
0.549936, -0.061018, 7.40909
float3(-0.121748, -2.91722, -1.57282)
343521.357269625
normal
simd_float4x4([[-0.0239679, -0.991192, -0.130244, 0.0)], [-0.981426, -0.00147575, 0.191836, 0.0)], [-0.190339, 0.132422, -0.972746, 0.0)], [0.545943, -0.061462, 7.41093, 1.0)]])
0.545943, -0.061462, 7.41093
float3(-0.132813, -2.94836, -1.57229)
343521.574058875
normal
simd_float4x4([[-0.0257253, -0.99038, -0.135963, 0.0)], [-0.989034, 0.00542919, 0.147586, 0.0)], [-0.145428, 0.138269, -0.979659, 0.0)], [0.536613, -0.0630453, 7.41687, 1.0)]])
0.536613, -0.0630453, 7.41687
float3(-0.138713, -2.99422, -1.56531)
343521.790848
normal
simd_float4x4([[-0.0243496, -0.990468, -0.135576, 0.0)], [-0.995441, 0.0115119, 0.0946812, 0.0)], [-0.0922179, 0.137263, -0.986233, 0.0)], [0.525488, -0.0618402, 7.42032, 1.0)]])
0.525488, -0.0618402, 7.42032
float3(-0.137698, -3.04836, -1.55917)
343521.990961
normal
simd_float4x4([[-0.0255719, -0.989575, -0.141728, 0.0)], [-0.998572, 0.0186332, 0.0500713, 0.0)], [-0.0469085, 0.142806, -0.988638, 0.0)], [0.521969, -0.0641776, 7.42297, 1.0)]])
0.521969, -0.0641776, 7.42297
float3(-0.143296, -3.09418, -1.55197)
343522.191074125
normal
simd_float4x4([[-0.0265236, -0.989136, -0.144595, 0.0)], [-0.999582, 0.0245776, 0.0152283, 0.0)], [-0.011509, 0.144939, -0.989374, 0.0)], [0.522061, -0.0628185, 7.42396, 1.0)]])
0.522061, -0.0628185, 7.42396
float3(-0.145451, -3.12996, -1.54595)
343522.391187208
normal
simd_float4x4([[-0.0232278, -0.989479, -0.142801, 0.0)], [-0.999645, 0.0248529, -0.00960715, 0.0)], [0.0130551, 0.142528, -0.989705, 0.0)], [0.520707, -0.0619005, 7.42635, 1.0)]])
0.520707, -0.0619005, 7.42635
float3(-0.143015, 3.1284, -1.54568)
343522.591300166
normal
simd_float4x4([[-0.015094, -0.989154, -0.146104, 0.0)], [-0.999702, 0.0177314, -0.0167659, 0.0)], [0.0191747, 0.145807, -0.989127, 0.0)], [0.520107, -0.063081, 7.42976, 1.0)]])
0.520107, -0.063081, 7.42976
float3(-0.146329, 3.12221, -1.55287)
343522.791413291
normal
simd_float4x4([[-0.00791768, -0.988654, -0.150002, 0.0)], [-0.99984, 0.010235, -0.0146831, 0.0)], [0.0160518, 0.149862, -0.988576, 0.0)], [0.520199, -0.063177, 7.4339, 1.0)]])
0.520199, -0.063177, 7.4339
float3(-0.150429, 3.12536, -1.56044)
343522.991526333
normal
simd_float4x4([[-0.00164842, -0.98879, -0.149302, 0.0)], [-0.999993, 0.00212431, -0.00302802, 0.0)], [0.00331125, 0.149296, -0.988787, 0.0)], [0.521527, -0.062822, 7.43629, 1.0)]])
0.521527, -0.062822, 7.43629
float3(-0.149857, 3.13824, -1.56865)
343523.191639375
normal
simd_float4x4([[-0.00367761, -0.987973, -0.154586, 0.0)], [-0.999983, 0.00293392, 0.00503873, 0.0)], [-0.00452458, 0.154602, -0.987966, 0.0)], [0.521532, -0.0630746, 7.43982, 1.0)]])
0.521532, -0.0630746, 7.43982
float3(-0.155225, -3.13701, -1.56783)
343523.391752708
normal
simd_float4x4([[-0.000227141, -0.985096, -0.172007, 0.0)], [-0.999897, -0.00224751, 0.0141921, 0.0)], [-0.0143671, 0.171992, -0.984993, 0.0)], [0.518862, -0.0670052, 7.44669, 1.0)]])
0.518862, -0.0670052, 7.44669
float3(-0.172852, -3.12701, -1.57308)
343523.60854175
normal
simd_float4x4([[0.00770267, -0.985512, -0.169431, 0.0)], [-0.999741, -0.0112157, 0.0197873, 0.0)], [-0.0214009, 0.169234, -0.985343, 0.0)], [0.51642, -0.0662274, 7.44477, 1.0)]])
0.51642, -0.0662274, 7.44477
float3(-0.170053, -3.11988, -1.58218)
