ARKit Data
255351.840216875
normal
simd_float4x4([[0.0630544, -0.988098, -0.140306, 0.0)], [-0.827342, 0.0268719, -0.561055, 0.0)], [0.558148, 0.151458, -0.815801, 0.0)], [-0.676671, -1.02373, 0.134493, 1.0)]])
-0.676671, -1.02373, 0.134493
float3(-0.152044, 2.54157, -1.54361)
255352.180261416
notAvailable
simd_float4x4([[1.0, 0.0, 0.0, 0.0)], [0.0, 1.0, 0.0, 0.0)], [0.0, 0.0, 1.0, 0.0)], [0.0, 0.0, 0.0, 1.0)]])
0.0, 0.0, 0.0
float3(-0.0, 0.0, 0.0)
255352.296934125
notAvailable
simd_float4x4([[1.0, 0.0, 0.0, 0.0)], [0.0, 1.0, 0.0, 0.0)], [0.0, 0.0, 1.0, 0.0)], [0.0, 0.0, 0.0, 1.0)]])
0.0, 0.0, 0.0
float3(-0.0, 0.0, 0.0)
255352.396986625
limited(__ObjC.ARCamera.TrackingState.Reason.initializing)
simd_float4x4([[-0.0113878, -0.993692, 0.11156, 0.0)], [0.99992, -0.0107098, 0.00667481, 0.0)], [-0.00543793, 0.111627, 0.993735, 0.0)], [0.0, 0.0, 0.0, 1.0)]])
0.0, 0.0, 0.0
float3(-0.11186, -0.00547216, -1.58157)
255352.497038958
limited(__ObjC.ARCamera.TrackingState.Reason.initializing)
simd_float4x4([[-0.0112754, -0.994162, 0.107298, 0.0)], [0.999915, -0.0105087, 0.00770758, 0.0)], [-0.00653503, 0.107376, 0.994196, 0.0)], [0.0, 0.0, 0.0, 1.0)]])
0.0, 0.0, 0.0
float3(-0.107583, -0.00657308, -1.58137)
255352.597091666
limited(__ObjC.ARCamera.TrackingState.Reason.initializing)
simd_float4x4([[0.022351, -0.992839, 0.117337, 0.0)], [0.999653, 0.023832, 0.0112342, 0.0)], [-0.0139501, 0.117045, 0.993027, 0.0)], [0.0, 0.0, 0.0, 1.0)]])
0.0, 0.0, 0.0
float3(-0.117314, -0.0140471, -1.5468)
255352.697143916
limited(__ObjC.ARCamera.TrackingState.Reason.initializing)
simd_float4x4([[0.0377021, -0.991442, 0.124969, 0.0)], [0.999075, 0.0399848, 0.0158079, 0.0)], [-0.0206695, 0.124258, 0.992033, 0.0)], [0.0, 0.0, 0.0, 1.0)]])
0.0, 0.0, 0.0
float3(-0.12458, -0.0208325, -1.53049)
255352.7971965
limited(__ObjC.ARCamera.TrackingState.Reason.initializing)
simd_float4x4([[0.0373556, -0.990639, 0.131284, 0.0)], [0.998727, 0.0414669, 0.028722, 0.0)], [-0.0338971, 0.130044, 0.990927, 0.0)], [0.0, 0.0, 0.0, 1.0)]])
0.0, 0.0, 0.0
float3(-0.130413, -0.0341941, -1.52896)
255352.897249041
limited(__ObjC.ARCamera.TrackingState.Reason.initializing)
simd_float4x4([[0.0388904, -0.989868, 0.136545, 0.0)], [0.997926, 0.0454901, 0.045551, 0.0)], [-0.051301, 0.13449, 0.989584, 0.0)], [0.0, 0.0, 0.0, 1.0)]])
0.0, 0.0, 0.0
float3(-0.134899, -0.0517946, -1.52487)
255352.997301583
limited(__ObjC.ARCamera.TrackingState.Reason.initializing)
simd_float4x4([[0.0349777, -0.989409, 0.140862, 0.0)], [0.99714, 0.0439988, 0.0614459, 0.0)], [-0.0669929, 0.13831, 0.988118, 0.0)], [0.0, 0.0, 0.0, 1.0)]])
0.0, 0.0, 0.0
float3(-0.138755, -0.0676949, -1.52636)
255353.097353958
limited(__ObjC.ARCamera.TrackingState.Reason.initializing)
simd_float4x4([[0.0321488, -0.988745, 0.146095, 0.0)], [0.996678, 0.0426575, 0.0693782, 0.0)], [-0.0748295, 0.143379, 0.986831, 0.0)], [0.0, 0.0, 0.0, 1.0)]])
0.0, 0.0, 0.0
float3(-0.143875, -0.0756832, -1.52768)
255353.197406458
limited(__ObjC.ARCamera.TrackingState.Reason.initializing)
simd_float4x4([[0.0271062, -0.988522, 0.148602, 0.0)], [0.996319, 0.038809, 0.0764296, 0.0)], [-0.0813196, 0.145983, 0.985935, 0.0)], [0.0, 0.0, 0.0, 1.0)]])
0.0, 0.0, 0.0
float3(-0.146507, -0.0822934, -1.53156)
255353.297458958
limited(__ObjC.ARCamera.TrackingState.Reason.initializing)
simd_float4x4([[0.0250925, -0.988873, 0.146604, 0.0)], [0.995913, 0.0374547, 0.0821839, 0.0)], [-0.0867607, 0.143943, 0.985772, 0.0)], [0.0, 0.0, 0.0, 1.0)]])
0.0, 0.0, 0.0
float3(-0.144445, -0.0877867, -1.53294)
255353.397511583
limited(__ObjC.ARCamera.TrackingState.Reason.initializing)
simd_float4x4([[0.0233266, -0.989192, 0.144738, 0.0)], [0.995886, 0.0356717, 0.0832947, 0.0)], [-0.0875577, 0.1422, 0.985954, 0.0)], [0.0, 0.0, 0.0, 1.0)]])
0.0, 0.0, 0.0
float3(-0.142684, -0.0885727, -1.53475)
255353.497564125
limited(__ObjC.ARCamera.TrackingState.Reason.initializing)
simd_float4x4([[0.0212555, -0.989554, 0.142567, 0.0)], [0.995883, 0.0335247, 0.084219, 0.0)], [-0.0881189, 0.140189, 0.986193, 0.0)], [0.0, 0.0, 0.0, 1.0)]])
0.0, 0.0, 0.0
float3(-0.140653, -0.0891159, -1.53693)
255353.597616458
limited(__ObjC.ARCamera.TrackingState.Reason.initializing)
simd_float4x4([[0.0200124, -0.989788, 0.141113, 0.0)], [0.995723, 0.0324643, 0.0864995, 0.0)], [-0.0901975, 0.138779, 0.986205, 0.0)], [0.0, 0.0, 0.0, 1.0)]])
0.0, 0.0, 0.0
float3(-0.139228, -0.0912055, -1.53801)
255353.697668833
limited(__ObjC.ARCamera.TrackingState.Reason.initializing)
simd_float4x4([[0.0192578, -0.989846, 0.140817, 0.0)], [0.99562, 0.031873, 0.0878878, 0.0)], [-0.0914838, 0.138508, 0.986125, 0.0)], [0.0, 0.0, 0.0, 1.0)]])
0.0, 0.0, 0.0
float3(-0.138955, -0.0925063, -1.53861)
255353.7977215
limited(__ObjC.ARCamera.TrackingState.Reason.initializing)
simd_float4x4([[0.0210777, -0.989763, 0.141142, 0.0)], [0.995242, 0.0342043, 0.0912349, 0.0)], [-0.0951287, 0.138547, 0.985775, 0.0)], [0.0, 0.0, 0.0, 1.0)]])
0.0, 0.0, 0.0
float3(-0.138994, -0.0962036, -1.53625)
255353.897773916
limited(__ObjC.ARCamera.TrackingState.Reason.initializing)
simd_float4x4([[0.0244497, -0.989454, 0.14276, 0.0)], [0.994668, 0.038388, 0.0957128, 0.0)], [-0.100184, 0.139658, 0.985118, 0.0)], [0.0, 0.0, 0.0, 1.0)]])
0.0, 0.0, 0.0
float3(-0.140116, -0.101349, -1.53202)
255353.997826458
limited(__ObjC.ARCamera.TrackingState.Reason.initializing)
simd_float4x4([[0.0260338, -0.98921, 0.14416, 0.0)], [0.994165, 0.0407204, 0.0998836, 0.0)], [-0.104676, 0.140719, 0.984499, 0.0)], [0.0, 0.0, 0.0, 1.0)]])
0.0, 0.0, 0.0
float3(-0.141187, -0.105926, -1.52966)
255354.097878875
limited(__ObjC.ARCamera.TrackingState.Reason.initializing)
simd_float4x4([[0.0244307, -0.989419, 0.143005, 0.0)], [0.994116, 0.0391444, 0.100999, 0.0)], [-0.105529, 0.139696, 0.984554, 0.0)], [0.0, 0.0, 0.0, 1.0)]])
0.0, 0.0, 0.0
float3(-0.140155, -0.106777, -1.53125)
255354.197931458
limited(__ObjC.ARCamera.TrackingState.Reason.initializing)
simd_float4x4([[0.0231023, -0.989435, 0.14312, 0.0)], [0.994575, 0.0372692, 0.0971114, 0.0)], [-0.101419, 0.1401, 0.984928, 0.0)], [0.0, 0.0, 0.0, 1.0)]])
0.0, 0.0, 0.0
float3(-0.140563, -0.10261, -1.53315)
255354.297983833
limited(__ObjC.ARCamera.TrackingState.Reason.initializing)
simd_float4x4([[0.020692, -0.989541, 0.142754, 0.0)], [0.995476, 0.0336357, 0.0888633, 0.0)], [-0.0927355, 0.14027, 0.98576, 0.0)], [0.0, 0.0, 0.0, 1.0)]])
0.0, 0.0, 0.0
float3(-0.140734, -0.0937991, -1.53682)
255354.398036416
limited(__ObjC.ARCamera.TrackingState.Reason.initializing)
simd_float4x4([[0.0196546, -0.99001, 0.139608, 0.0)], [0.996192, 0.0312542, 0.0813881, 0.0)], [-0.0849385, 0.137476, 0.986855, 0.0)], [0.0, 0.0, 0.0, 1.0)]])
0.0, 0.0, 0.0
float3(-0.137913, -0.0858583, -1.53924)
255354.498088875
limited(__ObjC.ARCamera.TrackingState.Reason.initializing)
simd_float4x4([[0.0209265, -0.990148, 0.138441, 0.0)], [0.996683, 0.0315537, 0.0750209, 0.0)], [-0.0786501, 0.136412, 0.987523, 0.0)], [0.0, 0.0, 0.0, 1.0)]])
0.0, 0.0, 0.0
float3(-0.136838, -0.0794761, -1.53894)
255354.598141375
limited(__ObjC.ARCamera.TrackingState.Reason.initializing)
simd_float4x4([[0.0224948, -0.990419, 0.136229, 0.0)], [0.99746, 0.031446, 0.0639172, 0.0)], [-0.0675888, 0.134445, 0.988611, 0.0)], [0.0, 0.0, 0.0, 1.0)]])
0.0, 0.0, 0.0
float3(-0.134854, -0.0682612, -1.53906)
255354.698193916
limited(__ObjC.ARCamera.TrackingState.Reason.initializing)
simd_float4x4([[0.0219871, -0.990612, 0.134898, 0.0)], [0.998528, 0.0284517, 0.0461839, 0.0)], [-0.0495885, 0.133684, 0.989779, 0.0)], [0.0, 0.0, 0.0, 1.0)]])
0.0, 0.0, 0.0
float3(-0.134085, -0.0500587, -1.54208)
255354.798246375
limited(__ObjC.ARCamera.TrackingState.Reason.initializing)
simd_float4x4([[0.0212686, -0.990902, 0.132861, 0.0)], [0.999547, 0.023903, 0.0182652, 0.0)], [-0.0212748, 0.132413, 0.990962, 0.0)], [0.0, 0.0, 0.0, 1.0)]])
0.0, 0.0, 0.0
float3(-0.132803, -0.0214655, -1.54668)
255354.89829875
limited(__ObjC.ARCamera.TrackingState.Reason.initializing)
simd_float4x4([[0.022926, -0.991053, 0.131451, 0.0)], [0.999589, 0.0204608, -0.0200745, 0.0)], [0.0172055, 0.131857, 0.991115, 0.0)], [0.0, 0.0, 0.0, 1.0)]])
0.0, 0.0, 0.0
float3(-0.132242, 0.017358, -1.55015)
255354.998351333
limited(__ObjC.ARCamera.TrackingState.Reason.initializing)
simd_float4x4([[0.0279816, -0.991594, 0.126288, 0.0)], [0.997838, 0.0201937, -0.0625346, 0.0)], [0.0594591, 0.127765, 0.990016, 0.0)], [0.0, 0.0, 0.0, 1.0)]])
0.0, 0.0, 0.0
float3(-0.128115, 0.0599867, -1.55043)
255355.09840375
limited(__ObjC.ARCamera.TrackingState.Reason.initializing)
simd_float4x4([[0.0300607, -0.992319, 0.11996, 0.0)], [0.994512, 0.0176614, -0.10312, 0.0)], [0.10021, 0.122402, 0.987404, 0.0)], [0.0, 0.0, 0.0, 1.0)]])
0.0, 0.0, 0.0
float3(-0.12271, 0.101142, -1.553)
255355.198456416
limited(__ObjC.ARCamera.TrackingState.Reason.initializing)
simd_float4x4([[0.0335632, -0.992975, 0.113424, 0.0)], [0.989064, 0.0166931, -0.146538, 0.0)], [0.143616, 0.117102, 0.982676, 0.0)], [0.0, 0.0, 0.0, 1.0)]])
0.0, 0.0, 0.0
float3(-0.117371, 0.145121, -1.55399)
255355.298508791
limited(__ObjC.ARCamera.TrackingState.Reason.initializing)
simd_float4x4([[0.0356172, -0.99312, 0.111506, 0.0)], [0.981424, 0.013713, -0.19136, 0.0)], [0.188516, 0.116251, 0.97516, 0.0)], [0.0, 0.0, 0.0, 1.0)]])
0.0, 0.0, 0.0
float3(-0.116514, 0.190962, -1.55699)
255355.398561375
limited(__ObjC.ARCamera.TrackingState.Reason.initializing)
simd_float4x4([[0.0379572, -0.992869, 0.112965, 0.0)], [0.972287, 0.0105989, -0.233549, 0.0)], [0.230687, 0.1187, 0.965756, 0.0)], [0.0, 0.0, 0.0, 1.0)]])
0.0, 0.0, 0.0
float3(-0.11898, 0.234474, -1.56012)
255355.498613708
limited(__ObjC.ARCamera.TrackingState.Reason.initializing)
simd_float4x4([[0.04345, -0.992685, 0.112604, 0.0)], [0.962191, 0.0112463, -0.272144, 0.0)], [0.268888, 0.120171, 0.95564, 0.0)], [0.0, 0.0, 0.0, 1.0)]])
0.0, 0.0, 0.0
float3(-0.120462, 0.274278, -1.55947)
255355.598666125
limited(__ObjC.ARCamera.TrackingState.Reason.initializing)
simd_float4x4([[0.0411532, -0.992211, 0.117535, 0.0)], [0.94907, 0.00204402, -0.315058, 0.0)], [0.312366, 0.124515, 0.941762, 0.0)], [0.0, 0.0, 0.0, 1.0)]])
0.0, 0.0, 0.0
float3(-0.124839, 0.320264, -1.56874)
255355.698718875
limited(__ObjC.ARCamera.TrackingState.Reason.initializing)
simd_float4x4([[0.0451058, -0.991647, 0.120801, 0.0)], [0.931042, -0.0021016, -0.364905, 0.0)], [0.362113, 0.128931, 0.92317, 0.0)], [0.0, 0.0, 0.0, 1.0)]])
0.0, 0.0, 0.0
float3(-0.129291, 0.373807, -1.57292)
255355.79877125
limited(__ObjC.ARCamera.TrackingState.Reason.initializing)
simd_float4x4([[0.0503225, -0.990666, 0.126647, 0.0)], [0.906313, -0.00797674, -0.422531, 0.0)], [0.419599, 0.136045, 0.897452, 0.0)], [0.0, 0.0, 0.0, 1.0)]])
0.0, 0.0, 0.0
float3(-0.136468, 0.437348, -1.57885)
255355.898823916
limited(__ObjC.ARCamera.TrackingState.Reason.initializing)
simd_float4x4([[0.0566625, -0.990292, 0.126896, 0.0)], [0.876494, -0.011517, -0.481274, 0.0)], [0.478065, 0.138495, 0.867331, 0.0)], [0.0, 0.0, 0.0, 1.0)]])
0.0, 0.0, 0.0
float3(-0.138941, 0.503757, -1.58243)
255355.998876208
limited(__ObjC.ARCamera.TrackingState.Reason.initializing)
simd_float4x4([[0.0666728, -0.990287, 0.12197, 0.0)], [0.841228, -0.00994247, -0.540588, 0.0)], [0.536553, 0.138648, 0.832393, 0.0)], [0.0, 0.0, 0.0, 1.0)]])
0.0, 0.0, 0.0
float3(-0.139096, 0.572563, -1.58084)
255356.098928666
limited(__ObjC.ARCamera.TrackingState.Reason.initializing)
simd_float4x4([[0.0844807, -0.989847, 0.114262, 0.0)], [0.797961, -0.00146595, -0.602706, 0.0)], [0.596757, 0.142095, 0.789734, 0.0)], [0.0, 0.0, 0.0, 1.0)]])
0.0, 0.0, 0.0
float3(-0.142578, 0.647103, -1.57228)
255356.198981291
limited(__ObjC.ARCamera.TrackingState.Reason.initializing)
simd_float4x4([[0.091286, -0.989762, 0.109669, 0.0)], [0.745646, -0.00505614, -0.666321, 0.0)], [0.660057, 0.142602, 0.737549, 0.0)], [0.0, 0.0, 0.0, 1.0)]])
0.0, 0.0, 0.0
float3(-0.143089, 0.730009, -1.5759)
255356.299033791
normal
simd_float4x4([[0.101912, -0.990911, 0.0878065, 0.0)], [0.684558, 0.00581215, -0.728935, 0.0)], [0.721799, 0.134396, 0.678928, 0.0)], [0.00630178, 0.00283656, 1.6056e-06, 1.0)]])
0.00630178, 0.00283656, 1.6056e-06
float3(-0.134804, 0.815995, -1.56493)
255356.399086333
normal
simd_float4x4([[0.112133, -0.991002, 0.0730864, 0.0)], [0.614339, 0.0113274, -0.788961, 0.0)], [0.781034, 0.133369, 0.610081, 0.0)], [0.0112968, 0.00571329, -0.000672497, 1.0)]])
0.0112968, 0.00571329, -0.000672497
float3(-0.133767, 0.907674, -1.55937)
255356.515736666
normal
simd_float4x4([[0.120079, -0.990982, 0.0594568, 0.0)], [0.530784, 0.0134741, -0.8474, 0.0)], [0.838957, 0.133314, 0.527615, 0.0)], [0.023671, 0.00502301, -0.00375218, 1.0)]])
0.023671, 0.00502301, -0.00375218
float3(-0.133712, 1.0094, -1.5572)
255356.632387333
normal
simd_float4x4([[0.122016, -0.99122, 0.0509427, 0.0)], [0.448619, 0.0092941, -0.893675, 0.0)], [0.885355, 0.131896, 0.445814, 0.0)], [0.0446037, 0.0032467, -0.00530374, 1.0)]])
0.0446037, 0.0032467, -0.00530374
float3(-0.132282, 1.10432, -1.56142)
255356.749037833
normal
simd_float4x4([[0.120719, -0.99174, 0.0433546, 0.0)], [0.362686, 0.00340875, -0.931905, 0.0)], [0.924059, 0.128222, 0.360102, 0.0)], [0.0719953, 0.000511229, -0.00258714, 1.0)]])
0.0719953, 0.000511229, -0.00258714
float3(-0.128576, 1.1992, -1.56736)
255356.849046125
normal
simd_float4x4([[0.120212, -0.99195, 0.0398042, 0.0)], [0.290873, -0.00314194, -0.956757, 0.0)], [0.94918, 0.126591, 0.288153, 0.0)], [0.0973257, -0.00147736, 0.00324117, 1.0)]])
0.0973257, -0.00147736, 0.00324117
float3(-0.126932, 1.27606, -1.57396)
255356.949098458
normal
simd_float4x4([[0.122636, -0.991698, 0.0386705, 0.0)], [0.229216, -0.00960868, -0.973328, 0.0)], [0.965619, 0.128229, 0.226135, 0.0)], [0.126475, -0.00260083, 0.00799037, 1.0)]])
0.126475, -0.00260083, 0.00799037
float3(-0.128583, 1.34076, -1.58049)
255357.049151
normal
simd_float4x4([[0.126995, -0.991155, 0.0385108, 0.0)], [0.173746, -0.0159966, -0.984661, 0.0)], [0.976568, 0.131738, 0.170178, 0.0)], [0.154623, -0.00250059, 0.0115224, 1.0)]])
0.154623, -0.00250059, 0.0115224
float3(-0.132122, 1.39827, -1.58693)
255357.149203416
normal
simd_float4x4([[0.120654, -0.992195, 0.0314941, 0.0)], [0.130896, -0.0155475, -0.991274, 0.0)], [0.984027, 0.123723, 0.127999, 0.0)], [0.185678, 0.000766081, 0.0164949, 1.0)]])
0.185678, 0.000766081, 0.0164949
float3(-0.124041, 1.44145, -1.58646)
255357.249256083
normal
simd_float4x4([[0.117283, -0.992596, 0.0316025, 0.0)], [0.0974433, -0.0201665, -0.995037, 0.0)], [0.988306, 0.11978, 0.0943566, 0.0)], [0.217701, 0.00194821, 0.0195496, 1.0)]])
0.217701, 0.00194821, 0.0195496
float3(-0.120069, 1.47561, -1.59111)
255357.349308541
normal
simd_float4x4([[0.110892, -0.993304, 0.032414, 0.0)], [0.064055, -0.0254039, -0.997623, 0.0)], [0.991766, 0.112704, 0.060809, 0.0)], [0.252217, 0.00325252, 0.0248329, 1.0)]])
0.252217, 0.00325252, 0.0248329
float3(-0.112944, 1.50956, -1.59637)
255357.449360875
normal
simd_float4x4([[0.109997, -0.993341, 0.0342538, 0.0)], [0.0309082, -0.0310278, -0.999041, 0.0)], [0.993451, 0.110951, 0.0272894, 0.0)], [0.287715, 0.00702385, 0.0332948, 1.0)]])
0.287715, 0.00702385, 0.0332948
float3(-0.11118, 1.54333, -1.60202)
255357.549413458
normal
simd_float4x4([[0.109672, -0.993093, 0.0417003, 0.0)], [-0.00639181, -0.0426572, -0.999069, 0.0)], [0.993947, 0.109304, -0.011026, 0.0)], [0.322804, 0.0118947, 0.0413963, 1.0)]])
0.322804, 0.0118947, 0.0413963
float3(-0.109522, 1.58189, -1.61372)
255357.649465958
normal
simd_float4x4([[0.105781, -0.993866, 0.0322669, 0.0)], [-0.0338872, -0.0360331, -0.998776, 0.0)], [0.993812, 0.104558, -0.037491, 0.0)], [0.355206, 0.0163655, 0.0527111, 1.0)]])
0.355206, 0.0163655, 0.0527111
float3(-0.10475, 1.6085, -1.60704)
255357.749518625
normal
simd_float4x4([[0.105715, -0.993826, 0.0336768, 0.0)], [-0.0595679, -0.0401348, -0.997417, 0.0)], [0.992611, 0.103436, -0.063443, 0.0)], [0.383712, 0.01792, 0.0599836, 1.0)]])
0.383712, 0.01792, 0.0599836
float3(-0.103622, 1.63462, -1.61116)
255357.849570916
normal
simd_float4x4([[0.101097, -0.994467, 0.0285379, 0.0)], [-0.0789347, -0.0366123, -0.996207, 0.0)], [0.99174, 0.0984611, -0.0821994, 0.0)], [0.422107, 0.0197795, 0.0729381, 1.0)]])
0.422107, 0.0197795, 0.0729381
float3(-0.0986209, 1.65349, -1.6076)
255357.949623541
normal
simd_float4x4([[0.0957239, -0.995023, 0.0276616, 0.0)], [-0.101441, -0.037396, -0.994138, 0.0)], [0.990225, 0.0923567, -0.104516, 0.0)], [0.455927, 0.0184496, 0.08226, 1.0)]])
0.455927, 0.0184496, 0.08226
float3(-0.0924885, 1.67596, -1.60836)
255358.049676
normal
simd_float4x4([[0.0960313, -0.995118, 0.0227607, 0.0)], [-0.127155, -0.0349434, -0.991267, 0.0)], [0.987223, 0.0922985, -0.12989, 0.0)], [0.490758, 0.016511, 0.0879862, 1.0)]])
0.490758, 0.016511, 0.0879862
float3(-0.0924301, 1.70162, -1.6059)
255358.149728416
normal
simd_float4x4([[0.0921323, -0.995635, 0.0149412, 0.0)], [-0.147957, -0.0285267, -0.988582, 0.0)], [0.984693, 0.0888697, -0.149939, 0.0)], [0.531658, 0.0148175, 0.0942447, 1.0)]])
0.531658, 0.0148175, 0.0942447
float3(-0.0889871, 1.72191, -1.59944)
255358.249780875
normal
simd_float4x4([[0.0889603, -0.996011, 0.00688962, 0.0)], [-0.165396, -0.0215929, -0.985991, 0.0)], [0.982207, 0.0865745, -0.166657, 0.0)], [0.566612, 0.0128952, 0.0950891, 1.0)]])
0.566612, 0.0128952, 0.0950891
float3(-0.086683, 1.73887, -1.59247)
255358.349833458
normal
simd_float4x4([[0.0853828, -0.996347, 0.00166783, 0.0)], [-0.173876, -0.0165487, -0.984629, 0.0)], [0.981059, 0.0837804, -0.174654, 0.0)], [0.613594, 0.0126994, 0.0961548, 1.0)]])
0.613594, 0.0126994, 0.0961548
float3(-0.0838787, 1.74698, -1.5874)
255358.449885958
normal
simd_float4x4([[0.0811427, -0.996697, -0.00341891, 0.0)], [-0.175776, -0.0109336, -0.98437, 0.0)], [0.98108, 0.0804754, -0.176083, 0.0)], [0.660003, 0.0120792, 0.0891127, 1.0)]])
0.660003, 0.0120792, 0.0891127
float3(-0.0805625, 1.74838, -1.58177)
255358.549938416
normal
simd_float4x4([[0.0931454, -0.995277, -0.0273352, 0.0)], [-0.216015, 0.00659948, -0.976368, 0.0)], [0.971937, 0.096849, -0.214381, 0.0)], [0.548465, 0.0168325, 0.0978414, 1.0)]])
0.548465, 0.0168325, 0.0978414
float3(-0.097001, 1.78789, -1.56417)
255358.649991
normal
simd_float4x4([[0.0946387, -0.994697, -0.0402746, 0.0)], [-0.226012, 0.0179314, -0.973959, 0.0)], [0.969516, 0.101277, -0.223117, 0.0)], [0.56431, 0.0165847, 0.10052, 1.0)]])
0.56431, 0.0165847, 0.10052
float3(-0.101451, 1.79699, -1.55277)
255358.750043541
normal
simd_float4x4([[0.102485, -0.993615, -0.0471805, 0.0)], [-0.2229, 0.0232852, -0.974563, 0.0)], [0.969439, 0.110394, -0.21909, 0.0)], [0.571722, 0.0135414, 0.0933878, 1.0)]])
0.571722, 0.0135414, 0.0933878
float3(-0.11062, 1.79306, -1.54737)
255358.850095833
normal
simd_float4x4([[0.113596, -0.992436, -0.0465456, 0.0)], [-0.21213, 0.021541, -0.977004, 0.0)], [0.970617, 0.120858, -0.208078, 0.0)], [0.556416, 0.00908838, 0.0832036, 1.0)]])
0.556416, 0.00908838, 0.0832036
float3(-0.121154, 1.78198, -1.54909)
255358.950148458
normal
simd_float4x4([[0.127423, -0.991028, -0.0403444, 0.0)], [-0.200142, 0.0141482, -0.979665, 0.0)], [0.971446, 0.132906, -0.196544, 0.0)], [0.52496, 0.00282323, 0.0733516, 1.0)]])
0.52496, 0.00282323, 0.0733516
float3(-0.133301, 1.77042, -1.55652)
255359.050200791
normal
simd_float4x4([[0.140663, -0.989604, -0.0299588, 0.0)], [-0.186608, 0.00321691, -0.982429, 0.0)], [0.972312, 0.143782, -0.184216, 0.0)], [0.484578, -0.00528747, 0.0588239, 1.0)]])
0.484578, -0.00528747, 0.0588239
float3(-0.144282, 1.75804, -1.56755)
255359.1502535
normal
simd_float4x4([[0.146045, -0.989128, -0.0171994, 0.0)], [-0.178597, -0.00926181, -0.983879, 0.0)], [0.973023, 0.146762, -0.178008, 0.0)], [0.415067, -0.0459176, 0.0596663, 1.0)]])
0.415067, -0.0459176, 0.0596663
float3(-0.147294, 1.75174, -1.58016)
255359.25030575
normal
simd_float4x4([[0.149713, -0.988495, -0.0215153, 0.0)], [-0.175488, -0.00515099, -0.984468, 0.0)], [0.973031, 0.151163, -0.174241, 0.0)], [0.35616, -0.0444642, 0.043426, 1.0)]])
0.35616, -0.0444642, 0.043426
float3(-0.151745, 1.74799, -1.57601)
255359.350358291
normal
simd_float4x4([[0.155918, -0.987375, -0.0279421, 0.0)], [-0.175301, 0.000179081, -0.984515, 0.0)], [0.97209, 0.158402, -0.17306, 0.0)], [0.295793, -0.0396576, 0.0212096, 1.0)]])
0.295793, -0.0396576, 0.0212096
float3(-0.159072, 1.74698, -1.57061)
255359.45041075
normal
simd_float4x4([[0.135832, -0.990382, -0.026327, 0.0)], [-0.166686, 0.0033494, -0.986004, 0.0)], [0.976609, 0.13832, -0.164628, 0.0)], [0.244014, -0.0311386, -0.00438851, 1.0)]])
0.244014, -0.0311386, -0.00438851
float3(-0.138764, 1.7378, -1.56741)
255359.550463291
normal
simd_float4x4([[0.113716, -0.992703, -0.0401053, 0.0)], [-0.146767, 0.0231392, -0.9889, 0.0)], [0.982613, 0.11834, -0.143065, 0.0)], [0.195699, -0.0258301, -0.0259036, 1.0)]])
0.195699, -0.0258301, -0.0259036
float3(-0.118618, 1.71538, -1.54749)
255359.650515916
normal
simd_float4x4([[0.121517, -0.991935, -0.0360263, 0.0)], [-0.12605, 0.0205799, -0.99181, 0.0)], [0.984553, 0.125063, -0.122533, 0.0)], [0.143722, -0.0258557, -0.0458495, 1.0)]])
0.143722, -0.0258557, -0.0458495
float3(-0.125391, 1.69462, -1.55005)
255359.750568166
normal
simd_float4x4([[0.133517, -0.990666, -0.0274422, 0.0)], [-0.116109, 0.0118629, -0.993165, 0.0)], [0.984221, 0.135791, -0.113441, 0.0)], [0.0891008, -0.0269077, -0.0612986, 1.0)]])
0.0891008, -0.0269077, -0.0612986
float3(-0.136212, 1.68555, -1.55882)
255359.850620916
normal
simd_float4x4([[0.141276, -0.989698, -0.0232313, 0.0)], [-0.108289, 0.00787644, -0.994088, 0.0)], [0.98403, 0.142956, -0.106061, 0.0)], [0.0312015, -0.0315019, -0.0706044, 1.0)]])
0.0312015, -0.0315019, -0.0706044
float3(-0.143448, 1.67816, -1.56284)
255359.950673333
normal
simd_float4x4([[0.159215, -0.987103, -0.0166608, 0.0)], [-0.111556, -0.00122032, -0.993757, 0.0)], [0.980921, 0.16008, -0.110312, 0.0)], [-0.0376772, -0.0402675, -0.075785, 1.0)]])
-0.0376772, -0.0402675, -0.075785
float3(-0.160771, 1.68278, -1.57203)
255360.05072575
normal
simd_float4x4([[0.169348, -0.985325, -0.0213375, 0.0)], [-0.119619, 0.000940828, -0.992819, 0.0)], [0.97827, 0.170684, -0.117705, 0.0)], [-0.113912, -0.0499367, -0.0699074, 1.0)]])
-0.113912, -0.0499367, -0.0699074
float3(-0.171524, 1.69054, -1.56984)
255360.150778333
normal
simd_float4x4([[0.158182, -0.98693, -0.0307861, 0.0)], [-0.142379, 0.00805491, -0.989779, 0.0)], [0.977091, 0.160949, -0.139244, 0.0)], [-0.200287, -0.0591949, -0.0588917, 1.0)]])
-0.200287, -0.0591949, -0.0588917
float3(-0.161652, 1.71235, -1.56263)
255360.25083075
normal
simd_float4x4([[0.142034, -0.988984, -0.0416664, 0.0)], [-0.156597, 0.0191131, -0.987478, 0.0)], [0.977396, 0.14678, -0.152157, 0.0)], [-0.29499, -0.0640771, -0.0437543, 1.0)]])
-0.29499, -0.0640771, -0.0437543
float3(-0.147312, 1.72523, -1.55147)
255360.350883208
normal
simd_float4x4([[0.12972, -0.991216, -0.0257602, 0.0)], [-0.160429, 0.00465636, -0.987036, 0.0)], [0.978486, 0.132171, -0.158415, 0.0)], [-0.383803, -0.0653055, -0.0295059, 1.0)]])
-0.383803, -0.0653055, -0.0295059
float3(-0.132559, 1.7313, -1.5661)
255360.450935625
normal
simd_float4x4([[0.124907, -0.992038, -0.0161033, 0.0)], [-0.166378, -0.00494247, -0.98605, 0.0)], [0.978119, 0.125844, -0.16567, 0.0)], [-0.466507, -0.0573401, -0.0146039, 1.0)]])
-0.466507, -0.0573401, -0.0146039
float3(-0.126178, 1.73858, -1.57578)
255360.550988041
normal
simd_float4x4([[0.119719, -0.992586, -0.0210024, 0.0)], [-0.162242, 0.00131038, -0.98675, 0.0)], [0.979461, 0.121541, -0.160882, 0.0)], [-0.539186, -0.048374, 0.000107002, 1.0)]])
-0.539186, -0.048374, 0.000107002
float3(-0.121842, 1.7336, -1.56948)
255360.651040666
normal
simd_float4x4([[0.113216, -0.993533, -0.00857653, 0.0)], [-0.175653, -0.0115187, -0.984385, 0.0)], [0.97792, 0.112955, -0.175821, 0.0)], [-0.619064, -0.0464514, 0.0116218, 1.0)]])
-0.619064, -0.0464514, 0.0116218
float3(-0.113196, 1.74869, -1.58239)
255360.751093166
normal
simd_float4x4([[0.102319, -0.994749, -0.00210727, 0.0)], [-0.190881, -0.0175549, -0.981456, 0.0)], [0.976266, 0.100824, -0.191675, 0.0)], [-0.702076, -0.0523059, 0.0250074, 1.0)]])
-0.702076, -0.0523059, 0.0250074
float3(-0.100996, 1.76467, -1.58844)
255360.851145708
normal
simd_float4x4([[0.0905977, -0.995885, 0.00221618, 0.0)], [-0.210315, -0.0213078, -0.977401, 0.0)], [0.973427, 0.0880842, -0.21138, 0.0)], [-0.792649, -0.0649043, 0.0356285, 1.0)]])
-0.792649, -0.0649043, 0.0356285
float3(-0.0881985, 1.78463, -1.59219)
255360.951198125
normal
simd_float4x4([[0.0877519, -0.996134, -0.00404922, 0.0)], [-0.231843, -0.01647, -0.972614, 0.0)], [0.968787, 0.0862875, -0.232392, 0.0)], [-0.89333, -0.0724145, 0.0436, 1.0)]])
-0.89333, -0.0724145, 0.0436
float3(-0.0863949, 1.80623, -1.58733)
255361.05125075
normal
simd_float4x4([[0.097238, -0.995257, -0.00292977, 0.0)], [-0.240491, -0.0206396, -0.970432, 0.0)], [0.965768, 0.0950674, -0.241357, 0.0)], [-0.997623, -0.0665941, 0.0502173, 1.0)]])
-0.997623, -0.0665941, 0.0502173
float3(-0.0952112, 1.81569, -1.59153)
255361.151303125
normal
simd_float4x4([[0.0753787, -0.99714, -0.005433, 0.0)], [-0.251355, -0.013728, -0.967798, 0.0)], [0.964955, 0.074317, -0.251671, 0.0)], [-1.0907, -0.0581415, 0.0624264, 1.0)]])
-1.0907, -0.0581415, 0.0624264
float3(-0.0743856, 1.82592, -1.58456)
255361.251355458
normal
simd_float4x4([[0.101309, -0.994363, -0.0312916, 0.0)], [-0.276545, 0.00206645, -0.960999, 0.0)], [0.955646, 0.106011, -0.274776, 0.0)], [-1.18899, -0.0534858, 0.0798336, 1.0)]])
-1.18899, -0.0534858, 0.0798336
float3(-0.106211, 1.85077, -1.56872)
255361.351408041
normal
simd_float4x4([[0.0998286, -0.993418, -0.0561739, 0.0)], [-0.291653, 0.0247613, -0.956203, 0.0)], [0.9513, 0.11184, -0.287262, 0.0)], [-1.28106, -0.0517572, 0.0995836, 1.0)]])
-1.28106, -0.0517572, 0.0995836
float3(-0.112074, 1.86406, -1.54588)
255361.4514605
normal
simd_float4x4([[0.0940199, -0.993125, -0.0697396, 0.0)], [-0.299521, 0.0385878, -0.953309, 0.0)], [0.949446, 0.110519, -0.293833, 0.0)], [-1.37753, -0.0600723, 0.123415, 1.0)]])
-1.37753, -0.0600723, 0.123415
float3(-0.110745, 1.87093, -1.53196)
255361.551513125
normal
simd_float4x4([[0.0909117, -0.993936, -0.0618588, 0.0)], [-0.302339, 0.0316369, -0.952675, 0.0)], [0.948855, 0.105312, -0.29763, 0.0)], [-1.47721, -0.0710239, 0.151446, 1.0)]])
-1.47721, -0.0710239, 0.151446
float3(-0.105507, 1.87475, -1.53898)
255361.6515655
normal
simd_float4x4([[0.076123, -0.995831, -0.0502641, 0.0)], [-0.273225, 0.0276481, -0.961553, 0.0)], [0.958933, 0.0869297, -0.269982, 0.0)], [-1.56994, -0.075613, 0.184343, 1.0)]])
-1.56994, -0.075613, 0.184343
float3(-0.0870396, 1.84524, -1.54304)
255361.751617958
normal
simd_float4x4([[0.0759552, -0.996562, -0.0330997, 0.0)], [-0.257948, 0.0124272, -0.966079, 0.0)], [0.963169, 0.0819168, -0.256117, 0.0)], [-1.66149, -0.0696592, 0.21259, 1.0)]])
-1.66149, -0.0696592, 0.21259
float3(-0.0820087, 1.83069, -1.55833)
255361.851670458
normal
simd_float4x4([[0.0810093, -0.995824, -0.042084, 0.0)], [-0.252806, 0.0203131, -0.967304, 0.0)], [0.964119, 0.0889997, -0.250105, 0.0)], [-1.74764, -0.0588609, 0.240861, 1.0)]])
-1.74764, -0.0588609, 0.240861
float3(-0.0891176, 1.82461, -1.5504)
255361.951722958
normal
simd_float4x4([[0.096373, -0.995151, -0.0196464, 0.0)], [-0.240568, -0.00413499, -0.970624, 0.0)], [0.965836, 0.0982682, -0.2398, 0.0)], [-1.83173, -0.0556854, 0.259471, 1.0)]])
-1.83173, -0.0556854, 0.259471
float3(-0.098427, 1.81416, -1.57495)
255362.051775541
normal
simd_float4x4([[0.101723, -0.994779, -0.00826423, 0.0)], [-0.241747, -0.0166602, -0.970196, 0.0)], [0.964993, 0.100689, -0.24218, 0.0)], [-1.92122, -0.0611393, 0.279873, 1.0)]])
-1.92122, -0.0611393, 0.279873
float3(-0.10086, 1.81668, -1.58754)
255362.151827958
normal
simd_float4x4([[0.101324, -0.994811, -0.00917316, 0.0)], [-0.25219, -0.0167645, -0.967532, 0.0)], [0.962358, 0.100347, -0.25258, 0.0)], [-2.01711, -0.0751598, 0.300478, 1.0)]])
-2.01711, -0.0751598, 0.300478
float3(-0.100516, 1.82747, -1.58765)
255362.251880583
normal
simd_float4x4([[0.0952331, -0.995358, -0.013922, 0.0)], [-0.263215, -0.011691, -0.964666, 0.0)], [0.960025, 0.0955327, -0.263107, 0.0)], [-2.10894, -0.0808556, 0.315699, 1.0)]])
-2.10894, -0.0808556, 0.315699
float3(-0.0956786, 1.83829, -1.58254)
255362.351932916
normal
simd_float4x4([[0.100017, -0.994778, -0.0203113, 0.0)], [-0.27578, -0.00810209, -0.961187, 0.0)], [0.956003, 0.101737, -0.275151, 0.0)], [-2.20119, -0.0722303, 0.328564, 1.0)]])
-2.20119, -0.0722303, 0.328564
float3(-0.101913, 1.85104, -1.57894)
255362.451985375
normal
simd_float4x4([[0.0652226, -0.997751, -0.0154391, 0.0)], [-0.277124, -0.00324776, -0.960829, 0.0)], [0.958618, 0.0669463, -0.276713, 0.0)], [-2.27585, -0.0624932, 0.341023, 1.0)]])
-2.27585, -0.0624932, 0.341023
float3(-0.0669964, 1.85182, -1.57405)
255362.552037916
normal
simd_float4x4([[0.0779816, -0.996455, -0.031575, 0.0)], [-0.284039, 0.00815249, -0.958778, 0.0)], [0.955636, 0.0837356, -0.282397, 0.0)], [-2.36083, -0.0580902, 0.361147, 1.0)]])
-2.36083, -0.0580902, 0.361147
float3(-0.0838338, 1.85813, -1.56262)
255362.652090416
normal
simd_float4x4([[0.077346, -0.99492, -0.0644414, 0.0)], [-0.288703, 0.0395155, -0.956603, 0.0)], [0.954289, 0.0925938, -0.28418, 0.0)], [-2.4441, -0.0616543, 0.388854, 1.0)]])
-2.4441, -0.0616543, 0.388854
float3(-0.0927267, 1.86023, -1.5311)
255362.752142916
normal
simd_float4x4([[0.0797118, -0.992987, -0.0873085, 0.0)], [-0.294038, 0.0602673, -0.953892, 0.0)], [0.952464, 0.101708, -0.287172, 0.0)], [-2.53225, -0.0738686, 0.419447, 1.0)]])
-2.53225, -0.0738686, 0.419447
float3(-0.101885, 1.86363, -1.51018)
255362.852195333
normal
simd_float4x4([[0.080506, -0.993347, -0.0823457, 0.0)], [-0.298873, 0.0547557, -0.952721, 0.0)], [0.950891, 0.101311, -0.292476, 0.0)], [-2.63739, -0.0859321, 0.449862, 1.0)]])
-2.63739, -0.0859321, 0.449862
float3(-0.101485, 1.86919, -1.51573)
255362.952247875
normal
simd_float4x4([[0.0870171, -0.994172, -0.0636411, 0.0)], [-0.275169, 0.0374117, -0.960668, 0.0)], [0.95745, 0.101107, -0.270309, 0.0)], [-2.73584, -0.0868274, 0.479321, 1.0)]])
-2.73584, -0.0868274, 0.479321
float3(-0.10128, 1.84596, -1.53318)
255363.05230025
normal
simd_float4x4([[0.066778, -0.996842, -0.0429679, 0.0)], [-0.252087, 0.024811, -0.967386, 0.0)], [0.965398, 0.0754318, -0.249635, 0.0)], [-2.82849, -0.0735518, 0.507764, 1.0)]])
-2.82849, -0.0735518, 0.507764
float3(-0.0755035, 1.82384, -1.54591)
255363.152352708
normal
simd_float4x4([[0.0825843, -0.995615, -0.0439442, 0.0)], [-0.246703, 0.0222987, -0.968835, 0.0)], [0.965566, 0.0908516, -0.24378, 0.0)], [-2.92477, -0.0628724, 0.528143, 1.0)]])
-2.92477, -0.0628724, 0.528143
float3(-0.0909771, 1.8181, -1.5484)
255363.252405333
normal
simd_float4x4([[0.0879497, -0.995948, -0.0187655, 0.0)], [-0.226286, -0.00162975, -0.974059, 0.0)], [0.970082, 0.0899146, -0.225513, 0.0)], [-3.01115, -0.0627685, 0.538479, 1.0)]])
-3.01115, -0.0627685, 0.538479
float3(-0.0900363, 1.79921, -1.57243)
255363.352457708
normal
simd_float4x4([[0.0899686, -0.995782, -0.0180029, 0.0)], [-0.216674, -0.0019268, -0.976242, 0.0)], [0.972089, 0.0917319, -0.215934, 0.0)], [-3.10715, -0.0693498, 0.555962, 1.0)]])
-3.10715, -0.0693498, 0.555962
float3(-0.091861, 1.78938, -1.57273)
255363.452510333
normal
simd_float4x4([[0.0767034, -0.996889, -0.0181477, 0.0)], [-0.223679, 0.000532573, -0.974663, 0.0)], [0.97164, 0.0788192, -0.222942, 0.0)], [-3.2049, -0.0855103, 0.571189, 1.0)]])
-3.2049, -0.0855103, 0.571189
float3(-0.078901, 1.79634, -1.57026)
255363.552562791
normal
simd_float4x4([[0.0745594, -0.996746, -0.0306453, 0.0)], [-0.232523, 0.0125068, -0.97251, 0.0)], [0.969729, 0.0796355, -0.230834, 0.0)], [-3.30125, -0.0873717, 0.586756, 1.0)]])
-3.30125, -0.0873717, 0.586756
float3(-0.0797199, 1.80449, -1.55825)
255363.652615083
normal
simd_float4x4([[0.0541755, -0.998148, -0.027686, 0.0)], [-0.245461, 0.0135634, -0.969311, 0.0)], [0.967891, 0.0593088, -0.244272, 0.0)], [-3.38812, -0.0763146, 0.598229, 1.0)]])
-3.38812, -0.0763146, 0.598229
float3(-0.0593436, 1.81801, -1.55721)
255363.752667666
normal
simd_float4x4([[0.0754746, -0.99658, -0.0336473, 0.0)], [-0.25336, 0.0134701, -0.967278, 0.0)], [0.964423, 0.0815298, -0.251477, 0.0)], [-3.47129, -0.0716884, 0.61308, 1.0)]])
-3.47129, -0.0716884, 0.61308
float3(-0.0816204, 1.82587, -1.55728)
255363.852720166
normal
simd_float4x4([[0.0798299, -0.995691, -0.0471885, 0.0)], [-0.272059, 0.0237787, -0.961987, 0.0)], [0.958963, 0.0896334, -0.268989, 0.0)], [-3.55667, -0.0701288, 0.630123, 1.0)]])
-3.55667, -0.0701288, 0.630123
float3(-0.0897538, 1.84427, -1.54692)
255363.952772666
normal
simd_float4x4([[0.0778392, -0.994096, -0.0755979, 0.0)], [-0.277036, 0.0512739, -0.959491, 0.0)], [0.957702, 0.0956293, -0.271409, 0.0)], [-3.64541, -0.0777883, 0.657209, 1.0)]])
-3.64541, -0.0777883, 0.657209
float3(-0.0957757, 1.84695, -1.51926)
255364.052825041
normal
simd_float4x4([[0.0691591, -0.993944, -0.085391, 0.0)], [-0.271609, 0.0636022, -0.960304, 0.0)], [0.959919, 0.0896067, -0.265566, 0.0)], [-3.73381, -0.0864142, 0.691933, 1.0)]])
-3.73381, -0.0864142, 0.691933
float3(-0.0897271, 1.8407, -1.50689)
255364.152877625
normal
simd_float4x4([[0.0513874, -0.995343, -0.0815592, 0.0)], [-0.23423, 0.067377, -0.969844, 0.0)], [0.970822, 0.0689414, -0.229677, 0.0)], [-3.81948, -0.0897612, 0.72538, 1.0)]])
-3.81948, -0.0897612, 0.72538
float3(-0.0689961, 1.8031, -1.50321)
255364.252930125
normal
simd_float4x4([[0.0711334, -0.996103, -0.05215, 0.0)], [-0.202172, 0.0367993, -0.978658, 0.0)], [0.976763, 0.0801586, -0.198766, 0.0)], [-3.91168, -0.0875114, 0.748266, 1.0)]])
-3.91168, -0.0875114, 0.748266
float3(-0.0802447, 1.77155, -1.53387)
255364.352982375
normal
simd_float4x4([[0.0829835, -0.995668, -0.0419431, 0.0)], [-0.210487, 0.0236269, -0.977311, 0.0)], [0.974068, 0.0899292, -0.207614, 0.0)], [-4.00108, -0.0830173, 0.772961, 1.0)]])
-4.00108, -0.0830173, 0.772961
float3(-0.0900508, 1.7808, -1.54707)
255364.453035041
normal
simd_float4x4([[0.0952454, -0.994817, -0.0355927, 0.0)], [-0.198167, 0.016091, -0.980036, 0.0)], [0.97553, 0.100397, -0.195607, 0.0)], [-4.08155, -0.0821304, 0.797438, 1.0)]])
-4.08155, -0.0821304, 0.797438
float3(-0.100567, 1.76869, -1.55462)
255364.553087458
normal
simd_float4x4([[0.0942514, -0.995293, -0.0225578, 0.0)], [-0.205486, 0.00272184, -0.978656, 0.0)], [0.974111, 0.0968751, -0.204262, 0.0)], [-4.16928, -0.0892705, 0.8184, 1.0)]])
-4.16928, -0.0892705, 0.8184
float3(-0.0970272, 1.77749, -1.56806)
255364.653139958
normal
simd_float4x4([[0.0818814, -0.996512, -0.0161105, 0.0)], [-0.219945, -0.00230149, -0.97551, 0.0)], [0.97207, 0.0834195, -0.219366, 0.0)], [-4.26165, -0.0994969, 0.836663, 1.0)]])
-4.26165, -0.0994969, 0.836663
float3(-0.0835165, 1.79275, -1.57311)
255364.753192416
normal
simd_float4x4([[0.0733977, -0.996585, -0.0378204, 0.0)], [-0.233076, 0.0197314, -0.972258, 0.0)], [0.969685, 0.0801765, -0.230832, 0.0)], [-4.35975, -0.104539, 0.857158, 1.0)]])
-4.35975, -0.104539, 0.857158
float3(-0.0802627, 1.8045, -1.551)
255364.853244958
normal
simd_float4x4([[0.102378, -0.991916, -0.0749801, 0.0)], [-0.252669, 0.0469737, -0.966412, 0.0)], [0.962121, 0.117884, -0.245817, 0.0)], [-4.46295, -0.0924491, 0.876389, 1.0)]])
-4.46295, -0.0924491, 0.876389
float3(-0.118159, 1.82094, -1.52348)
255364.953297458
normal
simd_float4x4([[0.0798454, -0.994423, -0.0688968, 0.0)], [-0.257466, 0.0461982, -0.965182, 0.0)], [0.962983, 0.094804, -0.252341, 0.0)], [-4.54568, -0.079414, 0.891457, 1.0)]])
-4.54568, -0.079414, 0.891457
float3(-0.0949465, 1.82708, -1.52437)
255365.053349791
normal
simd_float4x4([[0.0731404, -0.994469, -0.0753819, 0.0)], [-0.268801, 0.0531306, -0.961729, 0.0)], [0.960415, 0.090604, -0.263428, 0.0)], [-4.62637, -0.0697734, 0.908396, 1.0)]])
-4.62637, -0.0697734, 0.908396
float3(-0.0907284, 1.8385, -1.51742)
255365.153402375
normal
simd_float4x4([[0.0681389, -0.994029, -0.0852263, 0.0)], [-0.275211, 0.0633828, -0.959292, 0.0)], [0.958966, 0.0888204, -0.269249, 0.0)], [-4.71474, -0.0757493, 0.927191, 1.0)]])
-4.71474, -0.0757493, 0.927191
float3(-0.0889376, 1.84452, -1.50712)
255365.253454875
normal
simd_float4x4([[0.0504721, -0.995329, -0.0823021, 0.0)], [-0.278311, 0.0651257, -0.958281, 0.0)], [0.959164, 0.0712721, -0.273724, 0.0)], [-4.80025, -0.0810963, 0.952507, 1.0)]])
-4.80025, -0.0810963, 0.952507
float3(-0.0713326, 1.84879, -1.50546)
255365.353507375
normal
simd_float4x4([[0.0362187, -0.996658, -0.0732199, 0.0)], [-0.27164, 0.0606909, -0.960483, 0.0)], [0.961717, 0.0546769, -0.268534, 0.0)], [-4.89448, -0.0860655, 0.98, 1.0)]])
-4.89448, -0.0860655, 0.98
float3(-0.0547042, 1.84308, -1.50998)
255365.453559833
normal
simd_float4x4([[0.0686864, -0.995933, -0.0583137, 0.0)], [-0.246528, 0.0396948, -0.968322, 0.0)], [0.966698, 0.0808865, -0.242799, 0.0)], [-4.99293, -0.0851339, 1.00804, 1.0)]])
-4.99293, -0.0851339, 1.00804
float3(-0.080975, 1.81687, -1.53096)
255365.553612166
normal
simd_float4x4([[0.0542689, -0.998119, -0.0285087, 0.0)], [-0.235618, 0.0149441, -0.971731, 0.0)], [0.970329, 0.0594519, -0.234364, 0.0)], [-5.07993, -0.0821987, 1.03193, 1.0)]])
-5.07993, -0.0821987, 1.03193
float3(-0.059487, 1.80779, -1.55583)
255365.653664791
normal
simd_float4x4([[0.0956085, -0.994308, -0.0470136, 0.0)], [-0.21731, 0.0252417, -0.975776, 0.0)], [0.971409, 0.103509, -0.213659, 0.0)], [-5.17345, -0.0785452, 1.05657, 1.0)]])
-5.17345, -0.0785452, 1.05657
float3(-0.103695, 1.7873, -1.54542)
255365.753717166
normal
simd_float4x4([[0.0935944, -0.995241, -0.0271179, 0.0)], [-0.215594, 0.00633134, -0.976462, 0.0)], [0.971987, 0.0972379, -0.213976, 0.0)], [-5.26802, -0.0882399, 1.07093, 1.0)]])
-5.26802, -0.0882399, 1.07093
float3(-0.0973918, 1.78748, -1.56443)
255365.853769708
normal
simd_float4x4([[0.0791757, -0.996433, -0.029198, 0.0)], [-0.233356, 0.0099497, -0.97234, 0.0)], [0.969163, 0.0837992, -0.231736, 0.0)], [-5.34831, -0.0965121, 1.0838, 1.0)]])
-5.34831, -0.0965121, 1.0838
float3(-0.0838976, 1.8055, -1.56081)
255365.953822083
normal
simd_float4x4([[0.080303, -0.995687, -0.0464665, 0.0)], [-0.255976, 0.0244538, -0.966374, 0.0)], [0.963342, 0.089497, -0.252908, 0.0)], [-5.43799, -0.0980954, 1.09797, 1.0)]])
-5.43799, -0.0980954, 1.09797
float3(-0.0896169, 1.82753, -1.54624)
255366.05387475
normal
simd_float4x4([[0.101199, -0.993286, -0.0560454, 0.0)], [-0.269879, 0.0268134, -0.962521, 0.0)], [0.957561, 0.112531, -0.265354, 0.0)], [-5.52602, -0.0859797, 1.10427, 1.0)]])
-5.52602, -0.0859797, 1.10427
float3(-0.11277, 1.84113, -1.54381)
255366.153927041
normal
simd_float4x4([[0.0850821, -0.99543, -0.0433527, 0.0)], [-0.273305, 0.0185258, -0.961749, 0.0)], [0.958157, 0.0936761, -0.27048, 0.0)], [-5.59709, -0.0767792, 1.11199, 1.0)]])
-5.59709, -0.0767792, 1.11199
float3(-0.0938136, 1.84593, -1.55219)
255366.253979625
normal
simd_float4x4([[0.0934319, -0.994247, -0.0523746, 0.0)], [-0.279871, 0.0242562, -0.959731, 0.0)], [0.95548, 0.104328, -0.275995, 0.0)], [-5.67735, -0.073849, 1.12904, 1.0)]])
-5.67735, -0.073849, 1.12904
float3(-0.104518, 1.852, -1.5464)
255366.354032
normal
simd_float4x4([[0.0934316, -0.99237, -0.080452, 0.0)], [-0.280694, 0.0512729, -0.958427, 0.0)], [0.955239, 0.11213, -0.273761, 0.0)], [-5.7659, -0.0783145, 1.15396, 1.0)]])
-5.7659, -0.0783145, 1.15396
float3(-0.112366, 1.8499, -1.51918)
255366.454084541
normal
simd_float4x4([[0.0763179, -0.993603, -0.0832325, 0.0)], [-0.274752, 0.0592878, -0.959686, 0.0)], [0.958481, 0.0961095, -0.26847, 0.0)], [-5.86242, -0.0845176, 1.18197, 1.0)]])
-5.86242, -0.0845176, 1.18197
float3(-0.0962581, 1.8439, -1.5112)
255366.554137125
normal
simd_float4x4([[0.0653459, -0.99419, -0.0855396, 0.0)], [-0.246531, 0.0669806, -0.966818, 0.0)], [0.966929, 0.0842657, -0.240721, 0.0)], [-5.96149, -0.0905816, 1.216, 1.0)]])
-5.96149, -0.0905816, 1.216
float3(-0.0843657, 1.81479, -1.50353)
255366.654189583
normal
simd_float4x4([[0.103181, -0.991474, -0.079583, 0.0)], [-0.236935, 0.0532075, -0.970068, 0.0)], [0.966031, 0.118948, -0.229425, 0.0)], [-6.07058, -0.0862725, 1.24622, 1.0)]])
-6.07058, -0.0862725, 1.24622
float3(-0.119231, 1.80397, -1.51718)
255366.754241958
normal
simd_float4x4([[0.0862191, -0.9951, -0.048402, 0.0)], [-0.235835, 0.0268167, -0.971423, 0.0)], [0.967961, 0.0951701, -0.232368, 0.0)], [-6.15857, -0.0813548, 1.27035, 1.0)]])
-6.15857, -0.0813548, 1.27035
float3(-0.0953144, 1.8064, -1.54385)
255366.8542945
normal
simd_float4x4([[0.121646, -0.990652, -0.0617256, 0.0)], [-0.221856, 0.033477, -0.974505, 0.0)], [0.967462, 0.132239, -0.21571, 0.0)], [-6.25448, -0.0759262, 1.3015, 1.0)]])
-6.25448, -0.0759262, 1.3015
float3(-0.132627, 1.79017, -1.53702)
255366.954346833
normal
simd_float4x4([[0.125334, -0.99109, -0.0450708, 0.0)], [-0.215502, 0.017148, -0.976353, 0.0)], [0.968427, 0.132083, -0.211433, 0.0)], [-6.34414, -0.0827284, 1.32091, 1.0)]])
-6.34414, -0.0827284, 1.32091
float3(-0.13247, 1.78575, -1.5535)
255367.054399458
normal
simd_float4x4([[0.109922, -0.993066, -0.0416712, 0.0)], [-0.223172, 0.0161955, -0.974645, 0.0)], [0.968561, 0.116434, -0.219844, 0.0)], [-6.43033, -0.0903452, 1.33755, 1.0)]])
-6.43033, -0.0903452, 1.33755
float3(-0.116699, 1.79399, -1.55449)
255367.154451958
normal
simd_float4x4([[0.0932486, -0.993874, -0.0593279, 0.0)], [-0.234791, 0.0359563, -0.971381, 0.0)], [0.967563, 0.10451, -0.23, 0.0)], [-6.51795, -0.0950017, 1.35693, 1.0)]])
-6.51795, -0.0950017, 1.35693
float3(-0.104701, 1.80418, -1.53463)
255367.254504416
normal
simd_float4x4([[0.0992141, -0.993183, -0.0611858, 0.0)], [-0.254044, 0.0341697, -0.966589, 0.0)], [0.96209, 0.111443, -0.248922, 0.0)], [-6.60615, -0.0875255, 1.3675, 1.0)]])
-6.60615, -0.0875255, 1.3675
float3(-0.111675, 1.82397, -1.53641)
255367.354556791
normal
simd_float4x4([[0.0905944, -0.994516, -0.0522582, 0.0)], [-0.269819, 0.0260002, -0.96256, 0.0)], [0.95864, 0.101303, -0.265983, 0.0)], [-6.68377, -0.0769895, 1.3814, 1.0)]])
-6.68377, -0.0769895, 1.3814
float3(-0.101477, 1.84145, -1.54466)
255367.454609166
normal
simd_float4x4([[0.098862, -0.993158, -0.0621627, 0.0)], [-0.283116, 0.0318148, -0.958558, 0.0)], [0.953977, 0.112364, -0.278034, 0.0)], [-6.76139, -0.0709071, 1.40258, 1.0)]])
-6.76139, -0.0709071, 1.40258
float3(-0.112602, 1.85439, -1.53877)
255367.554661791
normal
simd_float4x4([[0.0904799, -0.992272, -0.0849135, 0.0)], [-0.288852, 0.0554507, -0.955766, 0.0)], [0.953088, 0.111005, -0.281603, 0.0)], [-6.83816, -0.0750922, 1.42703, 1.0)]])
-6.83816, -0.0750922, 1.42703
float3(-0.111234, 1.85809, -1.51497)
255367.654714208
normal
simd_float4x4([[0.0779898, -0.992823, -0.0906614, 0.0)], [-0.288528, 0.0645692, -0.955292, 0.0)], [0.95429, 0.100661, -0.281422, 0.0)], [-6.91809, -0.081974, 1.45367, 1.0)]])
-6.91809, -0.081974, 1.45367
float3(-0.100832, 1.85757, -1.50585)
255367.754766791
normal
simd_float4x4([[0.0673966, -0.99347, -0.092065, 0.0)], [-0.270584, 0.0706166, -0.960103, 0.0)], [0.960334, 0.0896189, -0.264057, 0.0)], [-7.00241, -0.0869775, 1.48342, 1.0)]])
-7.00241, -0.0869775, 1.48342
float3(-0.0897393, 1.83913, -1.49983)
255367.854819083
normal
simd_float4x4([[0.118612, -0.987712, -0.101762, 0.0)], [-0.25651, 0.0685263, -0.964109, 0.0)], [0.959236, 0.140458, -0.24523, 0.0)], [-7.09785, -0.0810159, 1.51039, 1.0)]])
-7.09785, -0.0810159, 1.51039
float3(-0.140924, 1.82109, -1.50153)
255367.954871625
normal
simd_float4x4([[0.101504, -0.992816, -0.0633476, 0.0)], [-0.251681, 0.035978, -0.967141, 0.0)], [0.962473, 0.114112, -0.246221, 0.0)], [-7.17638, -0.0773331, 1.52395, 1.0)]])
-7.17638, -0.0773331, 1.52395
float3(-0.114361, 1.82125, -1.53457)
255368.054924041
normal
simd_float4x4([[0.140561, -0.988412, -0.0573111, 0.0)], [-0.221621, 0.0250061, -0.974812, 0.0)], [0.964949, 0.149722, -0.215538, 0.0)], [-7.26772, -0.0758723, 1.53772, 1.0)]])
-7.26772, -0.0758723, 1.53772
float3(-0.150287, 1.79056, -1.5455)
255368.154976583
normal
simd_float4x4([[0.138334, -0.989404, -0.0440912, 0.0)], [-0.199665, 0.0157443, -0.979738, 0.0)], [0.970051, 0.144334, -0.195371, 0.0)], [-7.35692, -0.0822696, 1.54885, 1.0)]])
-7.35692, -0.0822696, 1.54885
float3(-0.14484, 1.76954, -1.55488)
255368.255029166
normal
simd_float4x4([[0.124476, -0.991413, -0.0400708, 0.0)], [-0.214324, 0.0125662, -0.976682, 0.0)], [0.968799, 0.130161, -0.210919, 0.0)], [-7.44786, -0.0913635, 1.55886, 1.0)]])
-7.44786, -0.0913635, 1.55886
float3(-0.130532, 1.78516, -1.55812)
255368.3550815
normal
simd_float4x4([[0.12453, -0.990295, -0.0617118, 0.0)], [-0.246676, 0.0293435, -0.968654, 0.0)], [0.961064, 0.135849, -0.240628, 0.0)], [-7.54143, -0.0901756, 1.56864, 1.0)]])
-7.54143, -0.0901756, 1.56864
float3(-0.136271, 1.81613, -1.54117)
255368.455134083
normal
simd_float4x4([[0.141893, -0.986986, -0.0756618, 0.0)], [-0.274861, 0.0341452, -0.960878, 0.0)], [0.950956, 0.157138, -0.266439, 0.0)], [-7.63173, -0.0770129, 1.57631, 1.0)]])
-7.63173, -0.0770129, 1.57631
float3(-0.157792, 1.84397, -1.53621)
255368.555186583
normal
simd_float4x4([[0.132359, -0.989048, -0.0653019, 0.0)], [-0.290219, 0.0243243, -0.956651, 0.0)], [0.947763, 0.145573, -0.283821, 0.0)], [-7.70391, -0.0714708, 1.5838, 1.0)]])
-7.70391, -0.0714708, 1.5838
float3(-0.146093, 1.86176, -1.54621)
255368.655238875
normal
simd_float4x4([[0.131837, -0.987723, -0.0837948, 0.0)], [-0.297798, 0.041163, -0.953741, 0.0)], [0.945481, 0.150693, -0.288715, 0.0)], [-7.78092, -0.0716483, 1.60103, 1.0)]])
-7.78092, -0.0716483, 1.60103
float3(-0.151269, 1.86717, -1.52915)
255368.755291541
normal
simd_float4x4([[0.12274, -0.987867, -0.0951466, 0.0)], [-0.294251, 0.0553368, -0.954125, 0.0)], [0.947814, 0.145106, -0.283889, 0.0)], [-7.86008, -0.0813381, 1.62107, 1.0)]])
-7.86008, -0.0813381, 1.62107
float3(-0.14562, 1.86181, -1.51484)
255368.855343916
normal
simd_float4x4([[0.105528, -0.990187, -0.0916122, 0.0)], [-0.279659, 0.0588572, -0.958294, 0.0)], [0.954282, 0.126747, -0.270703, 0.0)], [-7.94433, -0.0893054, 1.64415, 1.0)]])
-7.94433, -0.0893054, 1.64415
float3(-0.127089, 1.84721, -1.51143)
255368.955396416
normal
simd_float4x4([[0.104508, -0.990269, -0.091901, 0.0)], [-0.244873, 0.0639401, -0.967445, 0.0)], [0.963906, 0.12361, -0.235808, 0.0)], [-8.03206, -0.0940413, 1.6725, 1.0)]])
-8.03206, -0.0940413, 1.6725
float3(-0.123926, 1.81072, -1.50632)
255369.055448875
normal
simd_float4x4([[0.138086, -0.985792, -0.0956405, 0.0)], [-0.224945, 0.0628263, -0.972344, 0.0)], [0.964537, 0.155781, -0.213074, 0.0)], [-8.12615, -0.0873484, 1.69955, 1.0)]])
-8.12615, -0.0873484, 1.69955
float3(-0.156418, 1.78821, -1.50715)
255369.155501458
normal
simd_float4x4([[0.141586, -0.987407, -0.0705803, 0.0)], [-0.235555, 0.0356458, -0.971207, 0.0)], [0.961492, 0.154135, -0.227541, 0.0)], [-8.21385, -0.0831752, 1.71745, 1.0)]])
-8.21385, -0.0831752, 1.71745
float3(-0.154752, 1.80318, -1.53471)
255369.255553875
normal
simd_float4x4([[0.167745, -0.983337, -0.0700726, 0.0)], [-0.219245, 0.0320881, -0.975142, 0.0)], [0.961142, 0.178939, -0.210209, 0.0)], [-8.29944, -0.0823236, 1.73573, 1.0)]])
-8.29944, -0.0823236, 1.73573
float3(-0.179908, 1.78611, -1.53818)
255369.35560625
normal
simd_float4x4([[0.161709, -0.984857, -0.0625, 0.0)], [-0.21303, 0.027002, -0.976673, 0.0)], [0.963571, 0.171252, -0.205437, 0.0)], [-8.38295, -0.092753, 1.7513, 1.0)]])
-8.38295, -0.092753, 1.7513
float3(-0.1721, 1.78086, -1.54339)
255369.455658875
normal
simd_float4x4([[0.15252, -0.986326, -0.0624322, 0.0)], [-0.235991, 0.0249972, -0.971434, 0.0)], [0.959711, 0.162897, -0.228951, 0.0)], [-8.46452, -0.102616, 1.7626, 1.0)]])
-8.46452, -0.102616, 1.7626
float3(-0.163626, 1.80498, -1.54546)
255369.555711166
normal
simd_float4x4([[0.162891, -0.983385, -0.0801265, 0.0)], [-0.247837, 0.0378255, -0.968063, 0.0)], [0.955009, 0.177547, -0.237558, 0.0)], [-8.55415, -0.102806, 1.77219, 1.0)]])
-8.55415, -0.102806, 1.77219
float3(-0.178493, 1.8146, -1.53235)
255369.65576375
normal
simd_float4x4([[0.156202, -0.984389, -0.0811118, 0.0)], [-0.247955, 0.0404101, -0.967928, 0.0)], [0.956096, 0.171304, -0.237772, 0.0)], [-8.63727, -0.0890864, 1.78071, 1.0)]])
-8.63727, -0.0890864, 1.78071
float3(-0.172153, 1.81454, -1.52977)
255369.755816208
normal
simd_float4x4([[0.150815, -0.985779, -0.0741264, 0.0)], [-0.25099, 0.0343438, -0.96738, 0.0)], [0.956169, 0.1645, -0.242241, 0.0)], [-8.71103, -0.0798776, 1.79081, 1.0)]])
-8.71103, -0.0798776, 1.79081
float3(-0.165251, 1.81892, -1.53597)
255369.855868625
normal
simd_float4x4([[0.142071, -0.985756, -0.0900012, 0.0)], [-0.260745, 0.0504434, -0.964089, 0.0)], [0.954897, 0.160436, -0.249865, 0.0)], [-8.78897, -0.0775345, 1.80973, 1.0)]])
-8.78897, -0.0775345, 1.80973
float3(-0.161133, 1.82672, -1.51967)
255369.95592125
normal
simd_float4x4([[0.135757, -0.984155, -0.114055, 0.0)], [-0.266748, 0.0745613, -0.960878, 0.0)], [0.954157, 0.16087, -0.252399, 0.0)], [-8.8726, -0.0884516, 1.83902, 1.0)]])
-8.8726, -0.0884516, 1.83902
float3(-0.161572, 1.8294, -1.49518)
255370.0559735
normal
simd_float4x4([[0.137513, -0.982564, -0.12513, 0.0)], [-0.266854, 0.0849078, -0.959989, 0.0)], [0.953876, 0.165402, -0.250525, 0.0)], [-8.96562, -0.0967786, 1.87217, 1.0)]])
-8.96562, -0.0967786, 1.87217
float3(-0.166166, 1.82764, -1.4846)
255370.156026041
normal
simd_float4x4([[0.12469, -0.985278, -0.116962, 0.0)], [-0.230447, 0.0859, -0.969286, 0.0)], [0.965063, 0.147814, -0.216343, 0.0)], [-9.05791, -0.100086, 1.90371, 1.0)]])
-9.05791, -0.100086, 1.90371
float3(-0.148358, 1.79133, -1.48383)
255370.256078541
normal
simd_float4x4([[0.153971, -0.98342, -0.0958007, 0.0)], [-0.198905, 0.0641229, -0.977919, 0.0)], [0.967848, 0.169626, -0.185734, 0.0)], [-9.1571, -0.096219, 1.92697, 1.0)]])
-9.1571, -0.096219, 1.92697
float3(-0.170451, 1.7604, -1.50568)
255370.356131041
normal
simd_float4x4([[0.150507, -0.985991, -0.0719007, 0.0)], [-0.199297, 0.0409752, -0.979082, 0.0)], [0.968312, 0.161688, -0.190338, 0.0)], [-9.24601, -0.0902321, 1.9463, 1.0)]])
-9.24601, -0.0902321, 1.9463
float3(-0.162401, 1.76489, -1.52926)
255370.4561835
normal
simd_float4x4([[0.188143, -0.979525, -0.0716475, 0.0)], [-0.191275, 0.0350097, -0.980912, 0.0)], [0.963336, 0.198256, -0.180772, 0.0)], [-9.33094, -0.0901029, 1.96589, 1.0)]])
-9.33094, -0.0901029, 1.96589
float3(-0.199578, 1.75629, -1.53507)
255370.556235875
normal
simd_float4x4([[0.189289, -0.980156, -0.0588537, 0.0)], [-0.193698, 0.0214866, -0.980826, 0.0)], [0.962627, 0.19706, -0.185787, 0.0)], [-9.41196, -0.0984918, 1.97581, 1.0)]])
-9.41196, -0.0984918, 1.97581
float3(-0.198358, 1.76145, -1.54888)
255370.656288458
normal
simd_float4x4([[0.18378, -0.981216, -0.058645, 0.0)], [-0.216088, 0.017873, -0.97621, 0.0)], [0.958922, 0.19208, -0.208744, 0.0)], [-9.49495, -0.110326, 1.98447, 1.0)]])
-9.49495, -0.110326, 1.98447
float3(-0.193282, 1.78514, -1.55258)
255370.756340875
normal
simd_float4x4([[0.171531, -0.983199, -0.0624302, 0.0)], [-0.236209, 0.0204769, -0.971487, 0.0)], [0.956443, 0.181387, -0.228728, 0.0)], [-9.58022, -0.114858, 1.98855, 1.0)]])
-9.58022, -0.114858, 1.98855
float3(-0.182396, 1.80553, -1.54997)
255370.8563935
normal
simd_float4x4([[0.194688, -0.978127, -0.0732349, 0.0)], [-0.239606, 0.024976, -0.970549, 0.0)], [0.95115, 0.206501, -0.229503, 0.0)], [-9.67021, -0.105059, 1.9847, 1.0)]])
-9.67021, -0.105059, 1.9847
float3(-0.207998, 1.80756, -1.54527)
255370.956445791
normal
simd_float4x4([[0.152528, -0.987561, -0.0381814, 0.0)], [-0.196726, 0.00752152, -0.98043, 0.0)], [0.968521, 0.157054, -0.193132, 0.0)], [-9.73133, -0.091438, 1.96447, 1.0)]])
-9.73133, -0.091438, 1.96447
float3(-0.157707, 1.76762, -1.56318)
255371.056498333
normal
simd_float4x4([[0.139552, -0.98941, -0.0399083, 0.0)], [-0.117528, 0.0234679, -0.992792, 0.0)], [0.983215, 0.143236, -0.113009, 0.0)], [-9.79479, -0.0777606, 1.9435, 1.0)]])
-9.79479, -0.0777606, 1.9435
float3(-0.143731, 1.68523, -1.54708)
255371.156550791
normal
simd_float4x4([[0.12272, -0.991543, -0.0422222, 0.0)], [-0.000922714, 0.0424297, -0.999099, 0.0)], [0.992441, 0.122648, 0.00429204, 0.0)], [-9.85328, -0.0720335, 1.91474, 1.0)]])
-9.85328, -0.0720335, 1.91474
float3(-0.122958, 1.56647, -1.52803)
255371.256603291
normal
simd_float4x4([[0.137222, -0.989579, -0.0436313, 0.0)], [0.142667, 0.0633336, -0.987742, 0.0)], [0.980212, 0.129315, 0.149871, 0.0)], [-9.91352, -0.0738612, 1.88019, 1.0)]])
-9.91352, -0.0738612, 1.88019
float3(-0.129678, 1.41907, -1.50688)
255371.356655708
normal
simd_float4x4([[0.124311, -0.991819, -0.0290315, 0.0)], [0.304912, 0.0660265, -0.950089, 0.0)], [0.944233, 0.109254, 0.310625, 0.0)], [-9.96386, -0.0773615, 1.84359, 1.0)]])
-9.96386, -0.0773615, 1.84359
float3(-0.109473, 1.25298, -1.50432)
255371.456708125
normal
simd_float4x4([[0.117725, -0.992896, -0.0172657, 0.0)], [0.465347, 0.0705176, -0.882315, 0.0)], [0.877264, 0.0958357, 0.470343, 0.0)], [-10.0127, -0.0794763, 1.80778, 1.0)]])
-10.0127, -0.0794763, 1.80778
float3(-0.0959831, 1.07865, -1.49989)
255371.556760708
normal
simd_float4x4([[0.123584, -0.992137, 0.0197822, 0.0)], [0.618608, 0.0614376, -0.783294, 0.0)], [0.77592, 0.10904, 0.621336, 0.0)], [-10.0548, -0.0775307, 1.77048, 1.0)]])
-10.0548, -0.0775307, 1.77048
float3(-0.109257, 0.895584, -1.50895)
255371.656813083
normal
simd_float4x4([[0.101225, -0.99325, 0.0566439, 0.0)], [0.738585, 0.0368824, -0.673151, 0.0)], [0.666518, 0.109976, 0.737332, 0.0)], [-10.0785, -0.0706398, 1.7405, 1.0)]])
-10.0785, -0.0706398, 1.7405
float3(-0.110199, 0.734998, -1.53368)
255371.756865541
normal
simd_float4x4([[0.0686575, -0.99619, 0.0537697, 0.0)], [0.826073, 0.0265483, -0.562937, 0.0)], [0.559365, 0.0830676, 0.824749, 0.0)], [-10.0879, -0.0650301, 1.72463, 1.0)]])
-10.0879, -0.0650301, 1.72463
float3(-0.0831635, 0.595962, -1.54415)
255371.856918125
normal
simd_float4x4([[0.0531899, -0.99765, 0.0431868, 0.0)], [0.886967, 0.0273318, -0.461023, 0.0)], [0.458759, 0.0628271, 0.886337, 0.0)], [-10.0959, -0.0629948, 1.72028, 1.0)]])
-10.0959, -0.0629948, 1.72028
float3(-0.0628685, 0.47762, -1.54341)
255371.956970458
normal
simd_float4x4([[0.0457791, -0.998424, 0.0324538, 0.0)], [0.931213, 0.0308927, -0.363164, 0.0)], [0.361589, 0.0468467, 0.93116, 0.0)], [-10.1011, -0.0647933, 1.72547, 1.0)]])
-10.1011, -0.0647933, 1.72547
float3(-0.0468638, 0.370398, -1.53986)
255372.057023041
normal
simd_float4x4([[0.053029, -0.997663, 0.0430964, 0.0)], [0.963041, 0.0396804, -0.266414, 0.0)], [0.264082, 0.0556313, 0.962895, 0.0)], [-10.0949, -0.0635367, 1.73429, 1.0)]])
-10.0949, -0.0635367, 1.73429
float3(-0.05566, 0.267676, -1.53104)
255372.1570755
normal
simd_float4x4([[0.0437284, -0.997829, 0.0492383, 0.0)], [0.985458, 0.0349812, -0.166278, 0.0)], [0.164195, 0.0557934, 0.984849, 0.0)], [-10.0772, -0.0640026, 1.75275, 1.0)]])
-10.0772, -0.0640026, 1.75275
float3(-0.0558224, 0.165201, -1.53575)
255372.257127916
normal
simd_float4x4([[0.0304748, -0.997202, 0.0682541, 0.0)], [0.9975, 0.0259856, -0.0657208, 0.0)], [0.0637633, 0.0700862, 0.995501, 0.0)], [-10.0529, -0.0658369, 1.77594, 1.0)]])
-10.0529, -0.0658369, 1.77594
float3(-0.0701437, 0.0639641, -1.54474)
255372.3571805
normal
simd_float4x4([[0.0211105, -0.995089, 0.0967065, 0.0)], [0.999027, 0.0247428, 0.0365159, 0.0)], [-0.0387294, 0.0958416, 0.994643, 0.0)], [-10.0288, -0.067622, 1.80367, 1.0)]])
-10.0288, -0.067622, 1.80367
float3(-0.0959889, -0.0389183, -1.54594)
255372.457232833
normal
simd_float4x4([[0.0133723, -0.992862, 0.118518, 0.0)], [0.989264, 0.0303875, 0.142948, 0.0)], [-0.145529, 0.115334, 0.982608, 0.0)], [-10.0068, -0.0698082, 1.83331, 1.0)]])
-10.0068, -0.0698082, 1.83331
float3(-0.115591, -0.147036, -1.5402)
255372.557285291
normal
simd_float4x4([[-0.00676071, -0.991353, 0.131051, 0.0)], [0.973699, 0.0233204, 0.226642, 0.0)], [-0.227738, 0.129136, 0.965121, 0.0)], [-9.98529, -0.073862, 1.85618, 1.0)]])
-9.98529, -0.073862, 1.85618
float3(-0.129498, -0.23173, -1.54728)
255372.657337791
normal
simd_float4x4([[-0.0183111, -0.991867, 0.125956, 0.0)], [0.951327, 0.0214781, 0.307434, 0.0)], [-0.307639, 0.125455, 0.943196, 0.0)], [-9.96623, -0.0746711, 1.87636, 1.0)]])
-9.96623, -0.0746711, 1.87636
float3(-0.125786, -0.315287, -1.54915)
255372.757390291
normal
simd_float4x4([[-0.0233332, -0.992586, 0.119284, 0.0)], [0.919191, 0.0256185, 0.392979, 0.0)], [-0.393121, 0.118815, 0.911778, 0.0)], [-9.95074, -0.0715735, 1.8855, 1.0)]])
-9.95074, -0.0715735, 1.8855
float3(-0.119096, -0.407076, -1.54499)
255372.857442875
normal
simd_float4x4([[-0.0248757, -0.993661, 0.109634, 0.0)], [0.875193, 0.0313542, 0.482757, 0.0)], [-0.483134, 0.10796, 0.868865, 0.0)], [-9.93913, -0.0662328, 1.89089, 1.0)]])
-9.93913, -0.0662328, 1.89089
float3(-0.10817, -0.507478, -1.53925)
255372.957495208
normal
simd_float4x4([[-0.028559, -0.994009, 0.105505, 0.0)], [0.819931, 0.0370764, 0.57126, 0.0)], [-0.571749, 0.102821, 0.81396, 0.0)], [-9.93223, -0.060569, 1.88523, 1.0)]])
-9.93223, -0.060569, 1.88523
float3(-0.103003, -0.612354, -1.53351)
255373.057547666
normal
simd_float4x4([[-0.0449456, -0.994598, 0.0935636, 0.0)], [0.753862, 0.0276865, 0.656449, 0.0)], [-0.655494, 0.100039, 0.748546, 0.0)], [-9.92517, -0.0570181, 1.87832, 1.0)]])
-9.92517, -0.0570181, 1.87832
float3(-0.100206, -0.71922, -1.54297)
255373.157600041
normal
simd_float4x4([[-0.0597963, -0.994804, 0.0824013, 0.0)], [0.680988, 0.019702, 0.732029, 0.0)], [-0.729849, 0.0998869, 0.676271, 0.0)], [-9.92132, -0.0547304, 1.87197, 1.0)]])
-9.92132, -0.0547304, 1.87197
float3(-0.100054, -0.823483, -1.55099)
255373.257652625
normal
simd_float4x4([[-0.0743912, -0.994803, 0.0695182, 0.0)], [0.598731, 0.0111931, 0.800872, 0.0)], [-0.797488, 0.101201, 0.594787, 0.0)], [-9.92005, -0.0536952, 1.86824, 1.0)]])
-9.92005, -0.0536952, 1.86824
float3(-0.101374, -0.929973, -1.55955)
255373.357705
normal
simd_float4x4([[-0.0764117, -0.995836, 0.0497078, 0.0)], [0.515905, 0.00317368, 0.85664, 0.0)], [-0.853231, 0.0911018, 0.513515, 0.0)], [-9.92283, -0.0541239, 1.86939, 1.0)]])
-9.92283, -0.0541239, 1.86939
float3(-0.0912283, -1.02902, -1.56761)
255373.457757583
normal
simd_float4x4([[-0.0779028, -0.996366, 0.0344307, 0.0)], [0.437472, -0.00313066, 0.899227, 0.0)], [-0.895851, 0.0851147, 0.436126, 0.0)], [-9.92252, -0.0547034, 1.8723, 1.0)]])
-9.92252, -0.0547034, 1.8723
float3(-0.0852179, -1.11774, -1.57394)
255373.557810125
normal
simd_float4x4([[-0.0955962, -0.994802, 0.0350704, 0.0)], [0.3721, -0.0030352, 0.928188, 0.0)], [-0.923257, 0.101781, 0.370456, 0.0)], [-9.91331, -0.0551516, 1.87663, 1.0)]])
-9.91331, -0.0551516, 1.87663
float3(-0.101957, -1.18921, -1.57385)
255373.657862541
normal
simd_float4x4([[-0.118484, -0.992065, 0.0420509, 0.0)], [0.316682, 0.00238388, 0.948529, 0.0)], [-0.941103, 0.125702, 0.313886, 0.0)], [-9.8972, -0.0544409, 1.88161, 1.0)]])
-9.8972, -0.0544409, 1.88161
float3(-0.126035, -1.24887, -1.56839)
255373.757915125
normal
simd_float4x4([[-0.116784, -0.992532, 0.0352494, 0.0)], [0.269355, 0.00250892, 0.963038, 0.0)], [-0.955934, 0.121962, 0.26705, 0.0)], [-9.88586, -0.0546396, 1.88715, 1.0)]])
-9.88586, -0.0546396, 1.88715
float3(-0.122266, -1.29838, -1.56827)
255373.857967375
normal
simd_float4x4([[-0.118805, -0.992267, 0.035943, 0.0)], [0.228883, 0.00785607, 0.973422, 0.0)], [-0.966177, 0.123874, 0.226179, 0.0)], [-9.86497, -0.056358, 1.89336, 1.0)]])
-9.86497, -0.056358, 1.89336
float3(-0.124193, -1.34084, -1.56288)
255373.95802
normal
simd_float4x4([[-0.127394, -0.99139, 0.0302641, 0.0)], [0.192676, 0.00519544, 0.981249, 0.0)], [-0.972957, 0.130837, 0.190356, 0.0)], [-9.83307, -0.0612413, 1.9004, 1.0)]])
-9.83307, -0.0612413, 1.9004
float3(-0.131213, -1.37759, -1.56556)
255374.058072458
normal
simd_float4x4([[-0.135899, -0.990443, 0.0235582, 0.0)], [0.165241, 0.000785759, 0.986253, 0.0)], [-0.976845, 0.137924, 0.163555, 0.0)], [-9.79109, -0.0696725, 1.90613, 1.0)]])
-9.79109, -0.0696725, 1.90613
float3(-0.138365, -1.4049, -1.57)
255374.15812475
normal
simd_float4x4([[-0.139362, -0.989999, 0.0219206, 0.0)], [0.151756, 0.000522839, 0.988418, 0.0)], [-0.978544, 0.141074, 0.150166, 0.0)], [-9.74038, -0.0757834, 1.90877, 1.0)]])
-9.74038, -0.0757834, 1.90877
float3(-0.141547, -1.41853, -1.57027)
255374.258177333
normal
simd_float4x4([[-0.116536, -0.99304, 0.0170489, 0.0)], [0.163023, -0.00219253, 0.98662, 0.0)], [-0.979716, 0.117756, 0.162144, 0.0)], [-9.69005, -0.0729408, 1.91037, 1.0)]])
-9.69005, -0.0729408, 1.91037
float3(-0.11803, -1.40678, -1.573)
255374.358229833
normal
simd_float4x4([[-0.119905, -0.99181, 0.0439966, 0.0)], [0.158396, 0.0246369, 0.987068, 0.0)], [-0.980068, 0.125323, 0.154145, 0.0)], [-9.63636, -0.0664506, 1.90874, 1.0)]])
-9.63636, -0.0664506, 1.90874
float3(-0.125654, -1.41479, -1.54596)
255374.45828225
normal
simd_float4x4([[-0.0969889, -0.994149, 0.0475426, 0.0)], [0.166103, 0.0309299, 0.985623, 0.0)], [-0.981327, 0.103491, 0.162132, 0.0)], [-9.59328, -0.0648203, 1.9094, 1.0)]])
-9.59328, -0.0648203, 1.9094
float3(-0.103677, -1.40706, -1.53969)
255374.558334625
normal
simd_float4x4([[-0.117727, -0.99151, 0.0552179, 0.0)], [0.165583, 0.0352264, 0.985567, 0.0)], [-0.979144, 0.125171, 0.16003, 0.0)], [-9.54329, -0.0630626, 1.90585, 1.0)]])
-9.54329, -0.0630626, 1.90585
float3(-0.1255, -1.40879, -1.53528)
255374.65838725
normal
simd_float4x4([[-0.13235, -0.988912, 0.0673518, 0.0)], [0.168721, 0.0444816, 0.98466, 0.0)], [-0.976738, 0.141683, 0.160963, 0.0)], [-9.49478, -0.0612429, 1.89715, 1.0)]])
-9.49478, -0.0612429, 1.89715
float3(-0.142162, -1.40747, -1.52585)
255374.758439625
normal
simd_float4x4([[-0.122964, -0.989513, 0.0757906, 0.0)], [0.169388, 0.0543229, 0.984051, 0.0)], [-0.977848, 0.133841, 0.160932, 0.0)], [-9.44485, -0.0669754, 1.88228, 1.0)]])
-9.44485, -0.0669754, 1.88228
float3(-0.134244, -1.40768, -1.51595)
255374.858492
normal
simd_float4x4([[-0.112762, -0.990691, 0.0762567, 0.0)], [0.17022, 0.056351, 0.983794, 0.0)], [-0.978933, 0.123915, 0.162281, 0.0)], [-9.38187, -0.0758364, 1.86202, 1.0)]])
-9.38187, -0.0758364, 1.86202
float3(-0.124234, -1.40652, -1.51398)
255374.958544625
normal
simd_float4x4([[-0.0933377, -0.993311, 0.0679838, 0.0)], [0.166047, 0.0517955, 0.984757, 0.0)], [-0.981691, 0.103203, 0.160102, 0.0)], [-9.31201, -0.0803999, 1.83631, 1.0)]])
-9.31201, -0.0803999, 1.83631
float3(-0.103388, -1.40913, -1.5187)
255375.058597041
normal
simd_float4x4([[-0.118961, -0.990436, 0.0698888, 0.0)], [0.14911, 0.0517695, 0.987464, 0.0)], [-0.981639, 0.127891, 0.141526, 0.0)], [-9.23487, -0.0771992, 1.80747, 1.0)]])
-9.23487, -0.0771992, 1.80747
float3(-0.128242, -1.42761, -1.51857)
255375.158649583
normal
simd_float4x4([[-0.104827, -0.993616, 0.0416846, 0.0)], [0.135647, 0.0272381, 0.990383, 0.0)], [-0.985196, 0.109474, 0.131925, 0.0)], [-9.16681, -0.0702508, 1.7855, 1.0)]])
-9.16681, -0.0702508, 1.7855
float3(-0.109693, -1.43768, -1.54339)
255375.258701958
normal
simd_float4x4([[-0.107701, -0.993532, 0.0359684, 0.0)], [0.134453, 0.0212906, 0.990691, 0.0)], [-0.98505, 0.111534, 0.131291, 0.0)], [-9.09314, -0.0637572, 1.7679, 1.0)]])
-9.09314, -0.0637572, 1.7679
float3(-0.111767, -1.43829, -1.54937)
255375.3587545
normal
simd_float4x4([[-0.102768, -0.994179, 0.0323588, 0.0)], [0.130169, 0.01881, 0.991314, 0.0)], [-0.986152, 0.106087, 0.127478, 0.0)], [-9.02263, -0.0616399, 1.75512, 1.0)]])
-9.02263, -0.0616399, 1.75512
float3(-0.106287, -1.44224, -1.55188)
255375.458806916
normal
simd_float4x4([[-0.0986689, -0.99483, 0.0240481, 0.0)], [0.130826, 0.0109884, 0.991345, 0.0)], [-0.986483, 0.100961, 0.129065, 0.0)], [-8.94163, -0.0734051, 1.74743, 1.0)]])
-8.94163, -0.0734051, 1.74743
float3(-0.101133, -1.4407, -1.55975)
255375.558859333
normal
simd_float4x4([[-0.101844, -0.994458, 0.0260808, 0.0)], [0.135725, 0.0120818, 0.990673, 0.0)], [-0.985498, 0.104434, 0.133742, 0.0)], [-8.85318, -0.0831996, 1.739, 1.0)]])
-8.85318, -0.0831996, 1.739
float3(-0.104625, -1.43591, -1.55865)
255375.658911916
normal
simd_float4x4([[-0.100113, -0.994661, 0.0250368, 0.0)], [0.128876, 0.0119881, 0.991588, 0.0)], [-0.986594, 0.102497, 0.126988, 0.0)], [-8.762, -0.0777, 1.73351, 1.0)]])
-8.762, -0.0777, 1.73351
float3(-0.102678, -1.44279, -1.55874)
255375.75896425
normal
simd_float4x4([[-0.104094, -0.994109, 0.0301966, 0.0)], [0.128773, 0.0166345, 0.991535, 0.0)], [-0.986196, 0.107101, 0.126283, 0.0)], [-8.67513, -0.0654928, 1.72535, 1.0)]])
-8.67513, -0.0654928, 1.72535
float3(-0.107307, -1.44344, -1.55406)
255375.859016875
normal
simd_float4x4([[-0.106912, -0.99397, 0.0243761, 0.0)], [0.144576, 0.00871469, 0.989455, 0.0)], [-0.983701, 0.109309, 0.142772, 0.0)], [-8.59366, -0.0646935, 1.7119, 1.0)]])
-8.59366, -0.0646935, 1.7119
float3(-0.109528, -1.42666, -1.56203)
255375.95906925
normal
simd_float4x4([[-0.108186, -0.993336, 0.0397383, 0.0)], [0.163258, 0.0216779, 0.986345, 0.0)], [-0.980634, 0.113196, 0.159825, 0.0)], [-8.50699, -0.0690574, 1.68238, 1.0)]])
-8.50699, -0.0690574, 1.68238
float3(-0.113439, -1.40924, -1.54898)
255376.059121791
normal
simd_float4x4([[-0.0942304, -0.993481, 0.064152, 0.0)], [0.171548, 0.0472713, 0.984041, 0.0)], [-0.980659, 0.103732, 0.165975, 0.0)], [-8.41968, -0.0751812, 1.64446, 1.0)]])
-8.41968, -0.0751812, 1.64446
float3(-0.103919, -1.40314, -1.52325)
255376.159174125
normal
simd_float4x4([[-0.0786449, -0.994826, 0.0643056, 0.0)], [0.144315, 0.0524648, 0.98814, 0.0)], [-0.986402, 0.0869924, 0.139442, 0.0)], [-8.33737, -0.0780084, 1.60954, 1.0)]])
-8.33737, -0.0780084, 1.60954
float3(-0.0871025, -1.43036, -1.51811)
255376.259226541
normal
simd_float4x4([[-0.110303, -0.993191, 0.0374725, 0.0)], [0.110886, 0.0251697, 0.993514, 0.0)], [-0.987693, 0.113743, 0.107355, 0.0)], [-8.24837, -0.0734565, 1.58011, 1.0)]])
-8.24837, -0.0734565, 1.58011
float3(-0.113989, -1.46253, -1.54546)
255376.359279208
normal
simd_float4x4([[-0.11328, -0.993394, 0.0183128, 0.0)], [0.119284, 0.00470042, 0.992849, 0.0)], [-0.986377, 0.114654, 0.117963, 0.0)], [-8.16531, -0.0643459, 1.55397, 1.0)]])
-8.16531, -0.0643459, 1.55397
float3(-0.114907, -1.45177, -1.56606)
255376.459331541
normal
simd_float4x4([[-0.133154, -0.990953, 0.0167711, 0.0)], [0.105812, 0.00261117, 0.994383, 0.0)], [-0.985431, 0.134181, 0.104507, 0.0)], [-8.08539, -0.0594537, 1.53013, 1.0)]])
-8.08539, -0.0594537, 1.53013
float3(-0.134587, -1.46514, -1.56816)
255376.559384083
normal
simd_float4x4([[-0.123433, -0.99232, 0.00806476, 0.0)], [0.111841, -0.00583564, 0.993709, 0.0)], [-0.98603, 0.123558, 0.111702, 0.0)], [-8.00915, -0.0644548, 1.51573, 1.0)]])
-8.00915, -0.0644548, 1.51573
float3(-0.123875, -1.45799, -1.57668)
255376.659436583
normal
simd_float4x4([[-0.10675, -0.994278, 0.00405511, 0.0)], [0.13515, -0.0104695, 0.99077, 0.0)], [-0.985058, 0.106313, 0.135494, 0.0)], [-7.92453, -0.0755886, 1.50344, 1.0)]])
-7.92453, -0.0755886, 1.50344
float3(-0.106514, -1.4341, -1.58133)
255376.759488958
normal
simd_float4x4([[-0.0924067, -0.995679, 0.00915787, 0.0)], [0.157562, -0.00554042, 0.987494, 0.0)], [-0.983176, 0.092694, 0.157394, 0.0)], [-7.84344, -0.0723232, 1.49561, 1.0)]])
-7.84344, -0.0723232, 1.49561
float3(-0.0928272, -1.41206, -1.57636)
255376.859541541
normal
simd_float4x4([[-0.0776433, -0.996846, 0.0163911, 0.0)], [0.173253, 0.00269967, 0.984874, 0.0)], [-0.981812, 0.0793086, 0.172497, 0.0)], [-7.75768, -0.056198, 1.48717, 1.0)]])
-7.75768, -0.056198, 1.48717
float3(-0.079392, -1.39688, -1.56809)
255376.959593791
normal
simd_float4x4([[-0.0663955, -0.99744, 0.026562, 0.0)], [0.178974, 0.0142839, 0.98375, 0.0)], [-0.981611, 0.0700705, 0.177567, 0.0)], [-7.67584, -0.0461535, 1.47177, 1.0)]])
-7.67584, -0.0461535, 1.47177
float3(-0.0701279, -1.39184, -1.55648)
255377.059646458
normal
simd_float4x4([[-0.0676325, -0.99692, 0.0396951, 0.0)], [0.19136, 0.026086, 0.981173, 0.0)], [-0.979187, 0.0739552, 0.189006, 0.0)], [-7.59247, -0.0432056, 1.4513, 1.0)]])
-7.59247, -0.0432056, 1.4513
float3(-0.0740228, -1.38012, -1.54464)
255377.15969875
normal
simd_float4x4([[-0.061553, -0.99632, 0.0596448, 0.0)], [0.193685, 0.046699, 0.979952, 0.0)], [-0.979131, 0.0718712, 0.190097, 0.0)], [-7.50282, -0.0512088, 1.42787, 1.0)]])
-7.50282, -0.0512088, 1.42787
float3(-0.0719332, -1.37903, -1.52396)
255377.25975125
normal
simd_float4x4([[-0.0418504, -0.997469, 0.0574866, 0.0)], [0.188948, 0.0485974, 0.980784, 0.0)], [-0.981095, 0.0519081, 0.186435, 0.0)], [-7.41275, -0.0584129, 1.40168, 1.0)]])
-7.41275, -0.0584129, 1.40168
float3(-0.0519315, -1.38301, -1.52211)
255377.35980375
normal
simd_float4x4([[-0.0355975, -0.998367, 0.044683, 0.0)], [0.158551, 0.0385031, 0.9866, 0.0)], [-0.986709, 0.042205, 0.156921, 0.0)], [-7.31644, -0.060064, 1.37319, 1.0)]])
-7.31644, -0.060064, 1.37319
float3(-0.0422175, -1.41308, -1.53225)
255377.459856166
normal
simd_float4x4([[-0.0409894, -0.999124, 0.00845616, 0.0)], [0.153581, 0.00206243, 0.988134, 0.0)], [-0.987286, 0.0418018, 0.153362, 0.0)], [-7.21812, -0.0525203, 1.34986, 1.0)]])
-7.21812, -0.0525203, 1.34986
float3(-0.041814, -1.41669, -1.56873)
255377.559908833
normal
simd_float4x4([[-0.0599512, -0.998099, 0.014312, 0.0)], [0.16764, 0.00406688, 0.98584, 0.0)], [-0.984024, 0.0615015, 0.167077, 0.0)], [-7.11769, -0.0459288, 1.32274, 1.0)]])
-7.11769, -0.0459288, 1.32274
float3(-0.0615403, -1.40261, -1.56672)
255377.659961166
normal
simd_float4x4([[-0.07296, -0.997333, -0.00178061, 0.0)], [0.172588, -0.0143841, 0.984889, 0.0)], [-0.982288, 0.0715502, 0.173177, 0.0)], [-7.02001, -0.0482681, 1.30147, 1.0)]])
-7.02001, -0.0482681, 1.30147
float3(-0.0716114, -1.39629, -1.58522)
255377.760013708
normal
simd_float4x4([[-0.0622119, -0.998062, 0.00171638, 0.0)], [0.187262, -0.00998332, 0.982259, 0.0)], [-0.980338, 0.0614297, 0.18752, 0.0)], [-6.92707, -0.0646828, 1.27581, 1.0)]])
-6.92707, -0.0646828, 1.27581
float3(-0.0614684, -1.3818, -1.5808)
255377.860066041
normal
simd_float4x4([[-0.0710105, -0.997292, 0.0191539, 0.0)], [0.223719, 0.00278944, 0.97465, 0.0)], [-0.972063, 0.0734954, 0.222915, 0.0)], [-6.82927, -0.081048, 1.25109, 1.0)]])
-6.82927, -0.081048, 1.25109
float3(-0.0735617, -1.34537, -1.568)
255377.9601185
normal
simd_float4x4([[-0.081007, -0.996701, 0.00488698, 0.0)], [0.252998, -0.0158194, 0.967337, 0.0)], [-0.964069, 0.0795975, 0.253445, 0.0)], [-6.73017, -0.0821272, 1.23511, 1.0)]])
-6.73017, -0.0821272, 1.23511
float3(-0.0796818, -1.31372, -1.58667)
255378.060171
normal
simd_float4x4([[-0.0815641, -0.996233, 0.0294603, 0.0)], [0.256416, 0.00758872, 0.966537, 0.0)], [-0.963119, 0.0863888, 0.254831, 0.0)], [-6.64402, -0.0744908, 1.20946, 1.0)]])
-6.64402, -0.0744908, 1.20946
float3(-0.0864966, -1.31213, -1.56318)
255378.160223458
normal
simd_float4x4([[-0.0978192, -0.993706, 0.0545962, 0.0)], [0.260405, 0.0273913, 0.965111, 0.0)], [-0.960532, 0.108623, 0.256086, 0.0)], [-6.56305, -0.0834771, 1.18081, 1.0)]])
-6.56305, -0.0834771, 1.18081
float3(-0.108838, -1.31025, -1.54324)
255378.260275916
normal
simd_float4x4([[-0.120755, -0.990035, 0.0724522, 0.0)], [0.279982, 0.0360553, 0.959328, 0.0)], [-0.95238, 0.136129, 0.272838, 0.0)], [-6.47571, -0.0994361, 1.14859, 1.0)]])
-6.47571, -0.0994361, 1.14859
float3(-0.136553, -1.29179, -1.53439)
255378.360328416
normal
simd_float4x4([[-0.109721, -0.991127, 0.0750189, 0.0)], [0.307501, 0.0379246, 0.950792, 0.0)], [-0.945201, 0.12739, 0.300612, 0.0)], [-6.37926, -0.119112, 1.11229, 1.0)]])
-6.37926, -0.119112, 1.11229
float3(-0.127737, -1.26287, -1.53255)
255378.460380791
normal
simd_float4x4([[-0.0967124, -0.990962, 0.0929536, 0.0)], [0.284239, 0.062004, 0.956746, 0.0)], [-0.953863, 0.11895, 0.275674, 0.0)], [-6.2846, -0.12235, 1.07032, 1.0)]])
-6.2846, -0.12235, 1.07032
float3(-0.119233, -1.28945, -1.50831)
255378.560433375
normal
simd_float4x4([[-0.148571, -0.98353, 0.102929, 0.0)], [0.309054, 0.052691, 0.949584, 0.0)], [-0.939368, 0.172892, 0.296136, 0.0)], [-6.17104, -0.107839, 1.03287, 1.0)]])
-6.17104, -0.107839, 1.03287
float3(-0.173765, -1.26541, -1.51727)
255378.660485791
normal
simd_float4x4([[-0.107746, -0.992295, 0.0611648, 0.0)], [0.275476, 0.0293152, 0.960861, 0.0)], [-0.955251, 0.120379, 0.270194, 0.0)], [-6.08995, -0.0961736, 1.0104, 1.0)]])
-6.08995, -0.0961736, 1.0104
float3(-0.120671, -1.29515, -1.54126)
255378.760538333
normal
simd_float4x4([[-0.146847, -0.987192, 0.0623609, 0.0)], [0.271375, 0.020418, 0.962257, 0.0)], [-0.951205, 0.158228, 0.264901, 0.0)], [-5.99037, -0.0949562, 0.99025, 1.0)]])
-5.99037, -0.0949562, 0.99025
float3(-0.158896, -1.29919, -1.55012)
255378.860590666
normal
simd_float4x4([[-0.14114, -0.988841, 0.047679, 0.0)], [0.276712, 0.00683715, 0.960929, 0.0)], [-0.950531, 0.148819, 0.272659, 0.0)], [-5.894, -0.105663, 0.977534, 1.0)]])
-5.894, -0.105663, 0.977534
float3(-0.149374, -1.29145, -1.56388)
255378.96064325
normal
simd_float4x4([[-0.108663, -0.992071, 0.063152, 0.0)], [0.295446, 0.0284274, 0.954936, 0.0)], [-0.949159, 0.122425, 0.290015, 0.0)], [-5.79787, -0.113769, 0.961667, 1.0)]])
-5.79787, -0.113769, 0.961667
float3(-0.122732, -1.27426, -1.54215)
255379.060695708
normal
simd_float4x4([[-0.0840832, -0.995395, 0.0460351, 0.0)], [0.3097, 0.0178055, 0.950668, 0.0)], [-0.947109, 0.0941923, 0.306777, 0.0)], [-5.69771, -0.109187, 0.958846, 1.0)]])
-5.69771, -0.109187, 0.958846
float3(-0.0943321, -1.25755, -1.55291)
255379.160748125
normal
simd_float4x4([[-0.0818057, -0.99559, 0.0459129, 0.0)], [0.327319, 0.016674, 0.944767, 0.0)], [-0.941366, 0.0923155, 0.324511, 0.0)], [-5.60502, -0.0925795, 0.948585, 1.0)]])
-5.60502, -0.0925795, 0.948585
float3(-0.0924471, -1.23883, -1.55405)
255379.260800541
normal
simd_float4x4([[-0.0728777, -0.996054, 0.0506468, 0.0)], [0.329662, 0.0238695, 0.943797, 0.0)], [-0.941282, 0.0854781, 0.326622, 0.0)], [-5.5288, -0.0805387, 0.935318, 1.0)]])
-5.5288, -0.0805387, 0.935318
float3(-0.0855825, -1.2368, -1.54684)
255379.360852958
normal
simd_float4x4([[-0.0526008, -0.996243, 0.0688036, 0.0)], [0.335833, 0.0472385, 0.940736, 0.0)], [-0.940452, 0.0725899, 0.332086, 0.0)], [-5.44947, -0.0804982, 0.918712, 1.0)]])
-5.44947, -0.0804982, 0.918712
float3(-0.0726538, -1.23135, -1.52342)
255379.460905583
normal
simd_float4x4([[-0.0268941, -0.997274, 0.0687081, 0.0)], [0.326088, 0.0562209, 0.943666, 0.0)], [-0.944957, 0.047784, 0.323687, 0.0)], [-5.36556, -0.0908561, 0.898738, 1.0)]])
-5.36556, -0.0908561, 0.898738
float3(-0.0478022, -1.24078, -1.51448)
255379.560957875
normal
simd_float4x4([[-0.00119598, -0.997528, 0.0702613, 0.0)], [0.320367, 0.0661759, 0.944979, 0.0)], [-0.947293, 0.0236396, 0.319495, 0.0)], [-5.27807, -0.0937297, 0.874445, 1.0)]])
-5.27807, -0.0937297, 0.874445
float3(-0.0236418, -1.24551, -1.50455)
255379.661010541
normal
simd_float4x4([[0.000926311, -0.998027, 0.0627809, 0.0)], [0.297675, 0.0602101, 0.952767, 0.0)], [-0.954667, 0.0178058, 0.297144, 0.0)], [-5.18375, -0.0919742, 0.845108, 1.0)]])
-5.18375, -0.0919742, 0.845108
float3(-0.0178067, -1.26905, -1.51054)
255379.761062916
normal
simd_float4x4([[-0.0170874, -0.998976, 0.0419018, 0.0)], [0.281079, 0.0354184, 0.959031, 0.0)], [-0.959532, 0.0281651, 0.280186, 0.0)], [-5.08872, -0.0849032, 0.823257, 1.0)]])
-5.08872, -0.0849032, 0.823257
float3(-0.0281688, -1.28669, -1.53536)
255379.861115333
normal
simd_float4x4([[-0.060321, -0.996683, 0.0546355, 0.0)], [0.277235, 0.0358532, 0.960133, 0.0)], [-0.958907, 0.0730631, 0.274152, 0.0)], [-4.98744, -0.077835, 0.803875, 1.0)]])
-4.98744, -0.077835, 0.803875
float3(-0.0731282, -1.29232, -1.53484)
255379.961167791
normal
simd_float4x4([[-0.0708556, -0.997086, 0.0282569, 0.0)], [0.270652, 0.00804756, 0.962644, 0.0)], [-0.960066, 0.0758564, 0.269293, 0.0)], [-4.89109, -0.0846175, 0.794208, 1.0)]])
-4.89109, -0.0846175, 0.794208
float3(-0.0759294, -1.29733, -1.56273)
255380.061220291
normal
simd_float4x4([[-0.0583836, -0.998055, 0.0218551, 0.0)], [0.278533, 0.0047374, 0.960415, 0.0)], [-0.95865, 0.0621598, 0.277715, 0.0)], [-4.79, -0.0954089, 0.783229, 1.0)]])
-4.79, -0.0954089, 0.783229
float3(-0.0621999, -1.28882, -1.56605)
255380.161272833
normal
simd_float4x4([[-0.0438768, -0.998563, 0.030775, 0.0)], [0.29971, 0.016229, 0.953892, 0.0)], [-0.953021, 0.0510774, 0.298568, 0.0)], [-4.69228, -0.0984575, 0.775244, 1.0)]])
-4.69228, -0.0984575, 0.775244
float3(-0.0510996, -1.2672, -1.55455)
255380.261325291
normal
simd_float4x4([[-0.0556397, -0.997591, 0.0414398, 0.0)], [0.334455, 0.0204845, 0.942189, 0.0)], [-0.940768, 0.0662829, 0.33251, 0.0)], [-4.59382, -0.0865594, 0.769225, 1.0)]])
-4.59382, -0.0865594, 0.769225
float3(-0.0663315, -1.23106, -1.55027)
255380.361377625
normal
simd_float4x4([[-0.0453674, -0.997439, 0.055299, 0.0)], [0.343485, 0.0364056, 0.938452, 0.0)], [-0.938062, 0.0615696, 0.340954, 0.0)], [-4.5108, -0.0737709, 0.75749, 1.0)]])
-4.5108, -0.0737709, 0.75749
float3(-0.0616085, -1.22218, -1.53431)
255380.461430166
normal
simd_float4x4([[-0.0434322, -0.996153, 0.0761076, 0.0)], [0.347377, 0.0563685, 0.93603, 0.0)], [-0.936719, 0.0670918, 0.343592, 0.0)], [-4.42815, -0.0697073, 0.739643, 1.0)]])
-4.42815, -0.0697073, 0.739643
float3(-0.0671423, -1.21923, -1.51427)
255380.5614825
normal
simd_float4x4([[-0.0352978, -0.995597, 0.0868365, 0.0)], [0.348441, 0.0691779, 0.934774, 0.0)], [-0.936666, 0.0632529, 0.344465, 0.0)], [-4.33859, -0.0751525, 0.72132, 1.0)]])
-4.33859, -0.0751525, 0.72132
float3(-0.0632952, -1.21839, -1.50142)
255380.661535083
normal
simd_float4x4([[-0.0108767, -0.996787, 0.0793522, 0.0)], [0.333369, 0.0712021, 0.940104, 0.0)], [-0.942734, 0.0366788, 0.331523, 0.0)], [-4.2447, -0.0851868, 0.699235, 1.0)]])
-4.2447, -0.0851868, 0.699235
float3(-0.036687, -1.23264, -1.49949)
255380.761554375
normal
simd_float4x4([[-0.000172097, -0.997221, 0.0744935, 0.0)], [0.303522, 0.0709272, 0.950181, 0.0)], [-0.952824, 0.022774, 0.302667, 0.0)], [-4.14895, -0.0901719, 0.669925, 1.0)]])
-4.14895, -0.0901719, 0.669925
float3(-0.0227759, -1.26322, -1.49979)
255380.878204833
normal
simd_float4x4([[-0.033703, -0.998086, 0.0518532, 0.0)], [0.279378, 0.0404058, 0.959331, 0.0)], [-0.959589, 0.046819, 0.277482, 0.0)], [-4.03148, -0.086705, 0.642528, 1.0)]])
-4.03148, -0.086705, 0.642528
float3(-0.0468361, -1.28931, -1.53034)
255380.994855375
normal
simd_float4x4([[-0.0684096, -0.996802, 0.0412913, 0.0)], [0.28191, 0.0203874, 0.959224, 0.0)], [-0.956999, 0.0772606, 0.279614, 0.0)], [-3.91793, -0.0816541, 0.617805, 1.0)]])
-3.91793, -0.0816541, 0.617805
float3(-0.0773376, -1.28653, -1.55035)
255381.111505791
normal
simd_float4x4([[-0.0755371, -0.996832, 0.0248916, 0.0)], [0.275707, 0.00311051, 0.961237, 0.0)], [-0.958269, 0.0794718, 0.274599, 0.0)], [-3.81261, -0.0850824, 0.592418, 1.0)]])
-3.81261, -0.0850824, 0.592418
float3(-0.0795557, -1.29172, -1.56768)
255381.22815625
normal
simd_float4x4([[-0.0505216, -0.998708, 0.00546815, 0.0)], [0.291897, -0.00952967, 0.956402, 0.0)], [-0.955114, 0.0499151, 0.292001, 0.0)], [-3.69843, -0.0967868, 0.572092, 1.0)]])
-3.69843, -0.0967868, 0.572092
float3(-0.0499359, -1.2741, -1.58034)
255381.34480675
normal
simd_float4x4([[-0.0517012, -0.998581, 0.0127931, 0.0)], [0.311794, -0.0039705, 0.950141, 0.0)], [-0.948742, 0.0531123, 0.311557, 0.0)], [-3.58199, -0.0971629, 0.555245, 1.0)]])
-3.58199, -0.0971629, 0.555245
float3(-0.0531373, -1.2535, -1.57477)
255381.461457083
normal
simd_float4x4([[-0.0524732, -0.998259, 0.0269175, 0.0)], [0.32011, 0.00871802, 0.94734, 0.0)], [-0.945926, 0.0583265, 0.319095, 0.0)], [-3.47205, -0.0822397, 0.533482, 1.0)]])
-3.47205, -0.0822397, 0.533482
float3(-0.0583596, -1.24545, -1.56206)
255381.578107583
normal
simd_float4x4([[-0.0595177, -0.997452, 0.0393455, 0.0)], [0.329414, 0.0175819, 0.944022, 0.0)], [-0.942308, 0.069147, 0.327528, 0.0)], [-3.37197, -0.0715876, 0.510342, 1.0)]])
-3.37197, -0.0715876, 0.510342
float3(-0.0692023, -1.23628, -1.55317)
255381.694758125
normal
simd_float4x4([[-0.046747, -0.997713, 0.0488268, 0.0)], [0.332526, 0.0305494, 0.942599, 0.0)], [-0.941935, 0.0602999, 0.330337, 0.0)], [-3.27481, -0.0721042, 0.481393, 1.0)]])
-3.27481, -0.0721042, 0.481393
float3(-0.0603365, -1.2335, -1.54019)
255381.811408625
normal
simd_float4x4([[-0.0239902, -0.999049, 0.0364193, 0.0)], [0.331547, 0.0264172, 0.943069, 0.0)], [-0.943134, 0.0346992, 0.330598, 0.0)], [-3.17146, -0.0853584, 0.444558, 1.0)]])
-3.17146, -0.0853584, 0.444558
float3(-0.0347061, -1.23365, -1.54436)
255381.928058958
normal
simd_float4x4([[-0.0290823, -0.998768, 0.0402074, 0.0)], [0.300919, 0.0296104, 0.95319, 0.0)], [-0.953206, 0.0398201, 0.299687, 0.0)], [-3.05862, -0.08887, 0.401018, 1.0)]])
-3.05862, -0.08887, 0.401018
float3(-0.0398306, -1.26618, -1.54116)
255382.0447095
normal
simd_float4x4([[-0.0648298, -0.997478, 0.0288755, 0.0)], [0.283849, 0.00930816, 0.958824, 0.0)], [-0.956675, 0.0703566, 0.28253, 0.0)], [-2.94475, -0.0826016, 0.3599, 1.0)]])
-2.94475, -0.0826016, 0.3599
float3(-0.0704148, -1.28363, -1.56146)
255382.161360041
normal
simd_float4x4([[-0.103652, -0.99424, 0.0272423, 0.0)], [0.292371, -0.00427791, 0.956295, 0.0)], [-0.950671, 0.107087, 0.29113, 0.0)], [-2.83111, -0.0787977, 0.325859, 1.0)]])
-2.83111, -0.0787977, 0.325859
float3(-0.107293, -1.27363, -1.5751)
255382.278010625
normal
simd_float4x4([[-0.107122, -0.994145, 0.014141, 0.0)], [0.294908, -0.0181881, 0.955352, 0.0)], [-0.949502, 0.10651, 0.29513, 0.0)], [-2.72813, -0.085428, 0.299772, 1.0)]])
-2.72813, -0.085428, 0.299772
float3(-0.106712, -1.26944, -1.58909)
255382.394660833
normal
simd_float4x4([[-0.0903829, -0.995807, 0.0141222, 0.0)], [0.311209, -0.0147707, 0.950227, 0.0)], [-0.946034, 0.0902792, 0.311239, 0.0)], [-2.61818, -0.0974999, 0.274618, 1.0)]])
-2.61818, -0.0974999, 0.274618
float3(-0.0904023, -1.25296, -1.58563)
255382.511311416
normal
simd_float4x4([[-0.0763086, -0.997031, 0.0103492, 0.0)], [0.336232, -0.0159595, 0.941644, 0.0)], [-0.938683, 0.0753353, 0.336451, 0.0)], [-2.50508, -0.0955158, 0.2582, 1.0)]])
-2.50508, -0.0955158, 0.2582
float3(-0.0754067, -1.22663, -1.5868)
255382.627961875
normal
simd_float4x4([[-0.0580688, -0.998274, 0.00877733, 0.0)], [0.346171, -0.0118883, 0.938096, 0.0)], [-0.936372, 0.0575125, 0.346264, 0.0)], [-2.39665, -0.081816, 0.237626, 1.0)]])
-2.39665, -0.081816, 0.237626
float3(-0.0575443, -1.2166, -1.5827)
255382.744612208
normal
simd_float4x4([[-0.0706932, -0.997272, 0.0212588, 0.0)], [0.347847, -0.00467219, 0.93754, 0.0)], [-0.934882, 0.0736725, 0.347229, 0.0)], [-2.29178, -0.0735261, 0.211626, 1.0)]])
-2.29178, -0.0735261, 0.211626
float3(-0.0737393, -1.21517, -1.57548)
255382.861262666
normal
simd_float4x4([[-0.0588895, -0.997583, 0.0368911, 0.0)], [0.355446, 0.0135791, 0.934598, 0.0)], [-0.93284, 0.0681508, 0.353787, 0.0)], [-2.18444, -0.0777246, 0.182239, 1.0)]])
-2.18444, -0.0777246, 0.182239
float3(-0.0682037, -1.2083, -1.55719)
255382.97791325
normal
simd_float4x4([[-0.0483681, -0.997774, 0.0459012, 0.0)], [0.350591, 0.0260717, 0.936166, 0.0)], [-0.935279, 0.0613731, 0.34855, 0.0)], [-2.06588, -0.0906237, 0.143362, 1.0)]])
-2.06588, -0.0906237, 0.143362
float3(-0.0614117, -1.21407, -1.54467)
255383.094563833
normal
simd_float4x4([[-0.062294, -0.997156, 0.0424235, 0.0)], [0.34097, 0.0186861, 0.939888, 0.0)], [-0.938008, 0.0730146, 0.338836, 0.0)], [-1.94049, -0.0936599, 0.0980426, 1.0)]])
-1.94049, -0.0936599, 0.0980426
float3(-0.0730796, -1.22415, -1.55206)
255383.211214166
normal
simd_float4x4([[-0.0765877, -0.996894, 0.0183322, 0.0)], [0.332188, -0.00817638, 0.943178, 0.0)], [-0.940099, 0.0783255, 0.331783, 0.0)], [-1.81689, -0.0844567, 0.0644134, 1.0)]])
-1.81689, -0.0844567, 0.0644134
float3(-0.0784058, -1.23152, -1.579)
255383.327864708
normal
simd_float4x4([[-0.111998, -0.993436, 0.0232595, 0.0)], [0.341771, -0.0165307, 0.939638, 0.0)], [-0.933086, 0.113187, 0.341379, 0.0)], [-1.69784, -0.0806162, 0.031527, 1.0)]])
-1.69784, -0.0806162, 0.031527
float3(-0.11343, -1.22006, -1.58743)
255383.444515125
normal
simd_float4x4([[-0.11925, -0.992846, 0.00604731, 0.0)], [0.339457, -0.0350466, 0.939968, 0.0)], [-0.933032, 0.114144, 0.341208, 0.0)], [-1.58525, -0.0873622, 0.00906184, 1.0)]])
-1.58525, -0.0873622, 0.00906184
float3(-0.114393, -1.22021, -1.60608)
255383.561165416
normal
simd_float4x4([[-0.0969822, -0.995264, 0.00659998, 0.0)], [0.352221, -0.0281181, 0.935494, 0.0)], [-0.930878, 0.0930509, 0.35328, 0.0)], [-1.47038, -0.095694, -0.0117498, 1.0)]])
-1.47038, -0.095694, -0.0117498
float3(-0.0931857, -1.20807, -1.59904)
255383.677816041
normal
simd_float4x4([[-0.0800046, -0.99666, 0.0163888, 0.0)], [0.368551, -0.0143003, 0.929497, 0.0)], [-0.926158, 0.0804042, 0.368465, 0.0)], [-1.35038, -0.0908862, -0.0280235, 1.0)]])
-1.35038, -0.0908862, -0.0280235
float3(-0.0804911, -1.19215, -1.58514)
255383.794466458
normal
simd_float4x4([[-0.0657414, -0.997088, 0.0386427, 0.0)], [0.382691, 0.0105708, 0.923816, 0.0)], [-0.921534, 0.0755211, 0.380882, 0.0)], [-1.23661, -0.0722527, -0.0492367, 1.0)]])
-1.23661, -0.0722527, -0.0492367
float3(-0.0755931, -1.17887, -1.56019)
255383.911117041
normal
simd_float4x4([[-0.0590986, -0.997844, 0.028545, 0.0)], [0.373207, 0.00443584, 0.927737, 0.0)], [-0.925864, 0.0654812, 0.37214, 0.0)], [-1.13498, -0.0659638, -0.0632434, 1.0)]])
-1.13498, -0.0659638, -0.0632434
float3(-0.0655281, -1.18862, -1.56635)
255384.027767375
normal
simd_float4x4([[-0.056152, -0.997353, 0.0461956, 0.0)], [0.375956, 0.0217417, 0.926383, 0.0)], [-0.924935, 0.0693857, 0.37374, 0.0)], [-1.02935, -0.071285, -0.0895434, 1.0)]])
-1.02935, -0.071285, -0.0895434
float3(-0.0694415, -1.18678, -1.549)
255384.144417833
normal
simd_float4x4([[-0.0354482, -0.998573, 0.0399521, 0.0)], [0.364567, 0.0243013, 0.93086, 0.0)], [-0.930502, 0.0475625, 0.363185, 0.0)], [-0.921861, -0.083411, -0.12076, 1.0)]])
-0.921861, -0.083411, -0.12076
float3(-0.0475805, -1.19867, -1.54647)
255384.261068416
normal
simd_float4x4([[-0.0365051, -0.998676, 0.0362515, 0.0)], [0.332688, 0.0220616, 0.942779, 0.0)], [-0.94233, 0.0464767, 0.331442, 0.0)], [-0.808404, -0.0870197, -0.157588, 1.0)]])
-0.808404, -0.0870197, -0.157588
float3(-0.0464935, -1.23259, -1.54871)
255384.377718958
normal
simd_float4x4([[-0.0642598, -0.997237, 0.0372796, 0.0)], [0.30826, 0.015694, 0.951173, 0.0)], [-0.949129, 0.0726139, 0.306399, 0.0)], [-0.699009, -0.0799335, -0.191293, 1.0)]])
-0.699009, -0.0799335, -0.191293
float3(-0.0726779, -1.25854, -1.55506)
255384.494369125
normal
simd_float4x4([[-0.105621, -0.994149, 0.0226429, 0.0)], [0.30864, -0.011128, 0.951114, 0.0)], [-0.945296, 0.107446, 0.30801, 0.0)], [-0.592013, -0.076136, -0.212853, 1.0)]])
-0.592013, -0.076136, -0.212853
float3(-0.107654, -1.25581, -1.58199)
255384.61101975
normal
simd_float4x4([[-0.110625, -0.993789, 0.0120836, 0.0)], [0.30576, -0.0224624, 0.951844, 0.0)], [-0.94566, 0.108992, 0.306346, 0.0)], [-0.494105, -0.0787502, -0.234744, 1.0)]])
-0.494105, -0.0787502, -0.234744
float3(-0.109209, -1.25751, -1.5934)
255384.72767025
normal
simd_float4x4([[-0.0980458, -0.995165, 0.00572681, 0.0)], [0.314451, -0.0255196, 0.948931, 0.0)], [-0.944197, 0.0948395, 0.315433, 0.0)], [-0.394809, -0.0864973, -0.251886, 1.0)]])
-0.394809, -0.0864973, -0.251886
float3(-0.0949823, -1.24838, -1.59643)
255384.8443205
normal
simd_float4x4([[-0.0893927, -0.995978, 0.00598886, 0.0)], [0.340733, -0.0249308, 0.93983, 0.0)], [-0.935901, 0.0860545, 0.341591, 0.0)], [-0.289432, -0.0851969, -0.266423, 1.0)]])
-0.289432, -0.0851969, -0.266423
float3(-0.0861611, -1.22083, -1.59582)
255384.960971041
normal
simd_float4x4([[-0.0640146, -0.997949, -0.000710881, 0.0)], [0.354768, -0.0234228, 0.934661, 0.0)], [-0.93276, 0.0595798, 0.35554, 0.0)], [-0.188502, -0.0707777, -0.276056, 1.0)]])
-0.188502, -0.0707777, -0.276056
float3(-0.0596151, -1.20663, -1.59426)
255385.077621583
normal
simd_float4x4([[-0.0767902, -0.996969, 0.0125237, 0.0)], [0.354407, -0.015553, 0.934962, 0.0)], [-0.931933, 0.0762344, 0.354527, 0.0)], [-0.0915589, -0.0636833, -0.289856, 1.0)]])
-0.0915589, -0.0636833, -0.289856
float3(-0.0763084, -1.20728, -1.5864)
255385.194272041
normal
simd_float4x4([[-0.0716485, -0.99689, 0.0328256, 0.0)], [0.346273, 0.00600286, 0.938115, 0.0)], [-0.935394, 0.0785812, 0.344766, 0.0)], [-6.79344e-05, -0.0621314, -0.311001, 1.0)]])
-6.79344e-05, -0.0621314, -0.311001
float3(-0.0786623, -1.21767, -1.56477)
255385.310922375
normal
simd_float4x4([[-0.065387, -0.996776, 0.0465036, 0.0)], [0.338033, 0.0217215, 0.940884, 0.0)], [-0.93886, 0.0772413, 0.335523, 0.0)], [0.104037, -0.0742052, -0.338612, 1.0)]])
0.104037, -0.0742052, -0.338612
float3(-0.0773183, -1.22757, -1.54901)
255385.427572875
normal
simd_float4x4([[-0.0746265, -0.995861, 0.0518826, 0.0)], [0.314898, 0.025832, 0.948774, 0.0)], [-0.946187, 0.0871414, 0.311667, 0.0)], [0.21506, -0.0842474, -0.37206, 1.0)]])
0.21506, -0.0842474, -0.37206
float3(-0.0872521, -1.2526, -1.54486)
255385.5442235
normal
simd_float4x4([[-0.0961674, -0.994483, 0.0418849, 0.0)], [0.286328, 0.0126621, 0.958048, 0.0)], [-0.953293, 0.104126, 0.283531, 0.0)], [0.326075, -0.0835443, -0.404713, 1.0)]])
0.326075, -0.0835443, -0.404713
float3(-0.104315, -1.28171, -1.55806)
255385.660874
normal
simd_float4x4([[-0.108227, -0.994024, 0.0142504, 0.0)], [0.281652, -0.0169121, 0.959367, 0.0)], [-0.953393, 0.107843, 0.281799, 0.0)], [0.42861, -0.0759432, -0.430719, 1.0)]])
0.42861, -0.0759432, -0.430719
float3(-0.108053, -1.2834, -1.58781)
255385.777524375
normal
simd_float4x4([[-0.136926, -0.990339, 0.0219293, 0.0)], [0.282911, -0.0178809, 0.958979, 0.0)], [-0.949322, 0.137513, 0.282626, 0.0)], [0.527939, -0.0734689, -0.460949, 1.0)]])
0.527939, -0.0734689, -0.460949
float3(-0.13795, -1.28144, -1.58885)
255385.894174791
normal
simd_float4x4([[-0.14469, -0.989008, 0.0304666, 0.0)], [0.294781, -0.0136925, 0.955467, 0.0)], [-0.944547, 0.147227, 0.293522, 0.0)], [0.627093, -0.0821979, -0.490331, 1.0)]])
0.627093, -0.0821979, -0.490331
float3(-0.147765, -1.2695, -1.58464)
255386.010825416
normal
simd_float4x4([[-0.137205, -0.989673, 0.041498, 0.0)], [0.30816, -0.00283191, 0.95133, 0.0)], [-0.941388, 0.143315, 0.305366, 0.0)], [0.729938, -0.0933808, -0.517391, 1.0)]])
0.729938, -0.0933808, -0.517391
float3(-0.14381, -1.25713, -1.57366)
